,Date,Close,High,Low,Open,Volume,Ticker
0,2024-02-14,427.8092346191406,455.24802780243647,414.0406615509384,423.1377544710006,3103102,CAPITALSFB.NS
1,2024-02-15,447.97039794921875,461.24723740545244,429.4319901873371,435.13613181343686,1108504,CAPITALSFB.NS
2,2024-02-16,442.069580078125,451.6584085670276,436.0212481108238,451.6092470928413,663831,CAPITALSFB.NS
3,2024-02-19,422.4493408203125,444.92162644594436,419.0071973331993,442.02040922895753,534371,CAPITALSFB.NS
4,2024-02-20,416.9419250488281,426.7766204856387,410.1559611869419,422.44933048295513,426513,CAPITALSFB.NS
5,2024-02-21,421.17083740234375,430.7596655743761,410.6477011467672,416.94193031633205,508447,CAPITALSFB.NS
6,2024-02-22,416.2043151855469,425.74395157477306,414.630757942168,425.74395157477306,77691,CAPITALSFB.NS
7,2024-02-23,418.7613220214844,423.0394205628949,417.33530918308674,417.63033804258725,98788,CAPITALSFB.NS
8,2024-02-26,412.07373046875,418.6137967993436,410.64768765400873,418.6137967993436,108860,CAPITALSFB.NS
9,2024-02-27,411.58203125,414.77830747834525,401.55062923579516,414.43408711267057,199391,CAPITALSFB.NS
10,2024-02-28,391.5683898925781,409.07416564735905,386.1593074426884,401.304732299758,1362541,CAPITALSFB.NS
11,2024-02-29,376.9638977050781,394.71554255946546,374.357709184527,393.1419851466253,159402,CAPITALSFB.NS
12,2024-03-01,372.4891052246094,380.60272929880875,369.14531463907645,377.01307131708796,114166,CAPITALSFB.NS
13,2024-03-04,354.09820556640625,369.5878512454883,352.27881087808095,367.1783688143856,236157,CAPITALSFB.NS
14,2024-03-05,357.6878967285156,360.73662840304894,344.2143515346305,353.0655777169496,242387,CAPITALSFB.NS
15,2024-03-06,353.7540283203125,358.81889077480076,344.3127141257953,354.14741015901933,151227,CAPITALSFB.NS
16,2024-03-07,359.8023376464844,369.3911656730736,348.4432464378905,348.4432464378905,180431,CAPITALSFB.NS
17,2024-03-11,356.802734375,363.1952863360573,354.2948990724439,359.85149592827975,114405,CAPITALSFB.NS
18,2024-03-12,351.59039306640625,357.98294566761365,347.7548675083041,355.3767571482052,197194,CAPITALSFB.NS
19,2024-03-13,333.1011657714844,354.58995253688136,329.4623162435503,351.98376409757685,130012,CAPITALSFB.NS
20,2024-03-14,345.6404113769531,346.18130766493516,320.2668770686452,334.3305107003998,185589,CAPITALSFB.NS
21,2024-03-15,333.7895812988281,350.1643443845063,327.4953817660075,349.13171329409204,121446,CAPITALSFB.NS
22,2024-03-18,330.0523986816406,338.3135371918427,327.88875358970466,338.3135371918427,52282,CAPITALSFB.NS
23,2024-03-19,328.5771789550781,333.2978207366404,327.79038531607875,329.4622955374825,54439,CAPITALSFB.NS
24,2024-03-20,324.05322265625,330.15074598309843,322.922238655671,328.57718867167534,113189,CAPITALSFB.NS
25,2024-03-21,322.43048095703125,329.3639289134434,321.54536441135633,325.72510977831143,58415,CAPITALSFB.NS
26,2024-03-22,322.9222412109375,326.21687029243213,320.66024317877105,322.43050642304604,78193,CAPITALSFB.NS
27,2024-03-26,324.5941162109375,328.28212706023515,317.8081822508517,322.6763685771682,121877,CAPITALSFB.NS
28,2024-03-27,321.00445556640625,325.77428889320015,314.71025644022353,324.54495195398056,151406,CAPITALSFB.NS
29,2024-03-28,343.0341796875,349.1317031276494,316.67720678057213,317.709837840917,301117,CAPITALSFB.NS
30,2024-04-01,346.2304382324219,351.68871216648785,344.21433768834777,349.1316853696099,42724,CAPITALSFB.NS
31,2024-04-02,354.2457275390625,357.49116489878793,344.21432658755367,347.1155736311775,51871,CAPITALSFB.NS
32,2024-04-03,357.58953857421875,358.91722848490343,352.77054372535315,353.9998806772632,45067,CAPITALSFB.NS
33,2024-04-04,360.3924255371094,368.50604925559185,355.81926815802336,357.5895313408301,108622,CAPITALSFB.NS
34,2024-04-05,362.0643005371094,363.8345636944283,359.35975933655453,360.8349636277663,27912,CAPITALSFB.NS
35,2024-04-08,347.7056579589844,366.53912442404715,346.1812921154246,363.73623011878607,67807,CAPITALSFB.NS
36,2024-04-09,360.4907531738281,365.6048068621468,347.1647527164434,348.14822227088086,86386,CAPITALSFB.NS
37,2024-04-10,355.8193054199219,361.91682922183884,354.245777999012,360.49078623188853,26892,CAPITALSFB.NS
38,2024-04-12,352.96722412109375,356.9011024172622,350.4593887125302,350.4593887125302,117638,CAPITALSFB.NS
39,2024-04-15,345.39453125,351.0986428541512,339.44452223578213,351.0986428541512,37640,CAPITALSFB.NS
40,2024-04-16,351.83624267578125,353.99988775967427,340.52634249193363,340.52634249193363,43296,CAPITALSFB.NS
41,2024-04-18,348.4924621582031,354.98336758407015,346.7221988530881,351.0986506209748,24961,CAPITALSFB.NS
42,2024-04-19,347.4598083496094,349.1317187262189,341.9032109415186,345.2961931710038,20749,CAPITALSFB.NS
43,2024-04-22,339.14947509765625,351.04946247203355,338.4610344180138,347.01723137650293,47999,CAPITALSFB.NS
44,2024-04-23,334.4288024902344,344.2143363429413,333.5436859136885,344.2143363429413,59869,CAPITALSFB.NS
45,2024-04-24,332.80609130859375,340.9689066204872,331.4292399346325,334.47800155683103,72701,CAPITALSFB.NS
46,2024-04-25,338.7069091796875,340.9689071669934,332.85528332769593,332.85528332769593,38823,CAPITALSFB.NS
47,2024-04-26,341.46063232421875,342.640777750636,336.19906434375577,339.2969873561248,44954,CAPITALSFB.NS
48,2024-04-29,341.0672302246094,346.1812839241876,339.39534998625004,340.6738484045901,36223,CAPITALSFB.NS
49,2024-04-30,346.5746765136719,354.49162469820124,340.5755060293547,341.06724082293624,88642,CAPITALSFB.NS
50,2024-05-02,346.820556640625,352.52469846340966,342.6900022307924,348.04989366970216,54345,CAPITALSFB.NS
51,2024-05-03,369.6370544433594,372.73497767470917,345.19782892829267,351.9346016778059,1010888,CAPITALSFB.NS
52,2024-05-06,372.9316711425781,398.1084680021217,367.0308537511646,392.3060035698536,839007,CAPITALSFB.NS
53,2024-05-07,377.16058349609375,387.4870140742137,359.5564840369684,383.5531357587394,246964,CAPITALSFB.NS
54,2024-05-08,378.0456848144531,384.73329568796885,373.7184248451832,382.56965069677966,120266,CAPITALSFB.NS
55,2024-05-09,368.0635070800781,377.6031744458483,363.8837611746931,377.6031744458483,130527,CAPITALSFB.NS
56,2024-05-10,365.457275390625,366.8341267000143,352.3771129186581,365.1130550600008,113200,CAPITALSFB.NS
57,2024-05-13,340.772216796875,365.5556627509828,336.73998542955684,365.45730978824616,151285,CAPITALSFB.NS
58,2024-05-14,336.5433044433594,348.2465865179249,333.1994838393893,344.01764928889037,80318,CAPITALSFB.NS
59,2024-05-15,333.39617919921875,343.91931544467366,332.90444442163874,337.2317044617207,84625,CAPITALSFB.NS
60,2024-05-16,333.39617919921875,338.510232891294,332.4127096440588,338.41187993315623,53753,CAPITALSFB.NS
61,2024-05-17,329.36395263671875,334.77303526591066,327.6428808910668,334.6746823063944,82722,CAPITALSFB.NS
62,2024-05-21,335.559814453125,342.2965566992856,332.4126999630247,334.37963901606037,80330,CAPITALSFB.NS
63,2024-05-22,334.2321472167969,339.2970096186268,333.6912209327272,338.8544362964889,38824,CAPITALSFB.NS
64,2024-05-23,330.0032043457031,339.19865088738436,328.87222033549955,334.3796559657934,80539,CAPITALSFB.NS
65,2024-05-24,326.7086181640625,335.70735914022777,325.92182446406156,335.3139772967827,67449,CAPITALSFB.NS
66,2024-05-27,324.05322265625,329.46230528025416,323.2172675208275,329.46230528025416,51668,CAPITALSFB.NS
67,2024-05-28,322.627197265625,326.7086202045519,321.59456616849354,325.52844465373505,53933,CAPITALSFB.NS
68,2024-05-29,331.0358581542969,334.0354282912476,321.00445668991165,322.9713957995472,47051,CAPITALSFB.NS
69,2024-05-30,326.315185546875,330.5932841032994,322.578013252245,327.5445224876229,35256,CAPITALSFB.NS
70,2024-05-31,324.05322265625,333.3961835522572,319.57844812709027,333.3961835522572,26850,CAPITALSFB.NS
71,2024-06-03,329.5114440917969,333.3469991537033,324.54493512020036,330.93748687256794,55291,CAPITALSFB.NS
72,2024-06-04,313.23504638671875,328.57717711032257,306.2524066969834,328.57717711032257,71812,CAPITALSFB.NS
73,2024-06-05,319.2342529296875,322.5780437217418,308.8586301618681,314.7594480348268,57678,CAPITALSFB.NS
74,2024-06-06,332.85528564453125,334.37965146212963,319.62760801527094,319.62760801527094,63059,CAPITALSFB.NS
75,2024-06-07,333.98626708984375,338.60855599337395,329.8065214784754,338.60855599337395,43996,CAPITALSFB.NS
76,2024-06-10,334.0846252441406,337.82179760836345,331.9209801828899,333.9862722844275,33599,CAPITALSFB.NS
77,2024-06-11,333.4945373535156,336.34659310529537,332.4127148233621,336.34659310529537,22041,CAPITALSFB.NS
78,2024-06-12,332.1668395996094,339.1986408601622,330.83914970813646,333.49452949108223,35609,CAPITALSFB.NS
79,2024-06-13,333.98626708984375,338.70690895155735,330.4457706870041,333.4453408263895,27104,CAPITALSFB.NS
80,2024-06-14,329.4623107910156,335.16642237558625,326.31519611552915,333.98627688211127,44944,CAPITALSFB.NS
81,2024-06-18,331.28173828125,335.0189107280136,329.4623135322558,333.39619190279024,34625,CAPITALSFB.NS
82,2024-06-19,342.8374938964844,349.13169306460475,329.5606548644501,330.4949329366167,231415,CAPITALSFB.NS
83,2024-06-20,350.6069030761719,353.80317919117203,339.8378992373121,342.24741169847914,127432,CAPITALSFB.NS
84,2024-06-21,350.6069030761719,354.0490465846336,347.11559809426166,348.1482291415563,104611,CAPITALSFB.NS
85,2024-06-24,334.2812805175781,347.2630900575862,333.8878987161159,347.1155756336763,140496,CAPITALSFB.NS
86,2024-06-25,336.3465881347656,339.29699680261444,331.42924035501755,339.29699680261444,63691,CAPITALSFB.NS
87,2024-06-26,333.69122314453125,338.3135422679715,332.4127246702744,338.3135422679715,129886,CAPITALSFB.NS
88,2024-06-27,334.0354309082031,336.3465903827532,332.06849178315775,333.3961816951852,44658,CAPITALSFB.NS
89,2024-06-28,342.2474060058594,347.90235596141594,332.41271043097834,334.0354291982119,141279,CAPITALSFB.NS
90,2024-07-01,344.36187744140625,345.3453470499855,337.2317227792066,339.34617643502986,46600,CAPITALSFB.NS
91,2024-07-02,345.4928283691406,350.5085288947037,342.19822950671426,350.5085288947037,66369,CAPITALSFB.NS
92,2024-07-03,348.000732421875,348.93501055671936,344.2143683672134,346.18130761502607,64693,CAPITALSFB.NS
93,2024-07-04,341.5589599609375,364.5721712562174,339.88707974725787,351.0986265244071,234742,CAPITALSFB.NS
94,2024-07-05,339.8870849609375,344.21434500986834,338.4118806251809,344.21434500986834,46516,CAPITALSFB.NS
95,2024-07-08,349.82012939453125,350.7052459829985,338.36268517716996,345.0011046103375,108110,CAPITALSFB.NS
96,2024-07-09,352.9180603027344,356.606071180888,350.16432750584744,354.04904430274627,115411,CAPITALSFB.NS
97,2024-07-10,351.7870788574219,355.67176566942226,347.1155983778361,355.5242512358467,64654,CAPITALSFB.NS
98,2024-07-11,353.11474609375,355.9668319298532,349.1317062390834,351.7870861509346,38620,CAPITALSFB.NS
99,2024-07-12,352.1312561035156,356.50770755320525,349.1316860176217,354.93415028965904,47634,CAPITALSFB.NS
100,2024-07-15,354.2457275390625,357.1961360526701,347.2138965711451,352.0820826238406,61207,CAPITALSFB.NS
101,2024-07-16,349.1317138671875,356.50773599114217,345.3453498409353,354.2457678783737,80206,CAPITALSFB.NS
102,2024-07-18,347.5581359863281,350.11516284116067,345.19781504844775,349.1316932826181,33894,CAPITALSFB.NS
103,2024-07-19,341.3622741699219,345.73869549753545,340.4279661267677,344.3126827106937,30522,CAPITALSFB.NS
104,2024-07-22,348.24658203125,350.75441743880765,332.41271589290113,336.39575566093026,60127,CAPITALSFB.NS
105,2024-07-23,345.2961730957031,348.1973903282948,334.57636075222825,348.1973903282948,42406,CAPITALSFB.NS
106,2024-07-24,339.7887268066406,346.9680424589615,339.2969920355746,340.1329471490086,41917,CAPITALSFB.NS
107,2024-07-25,339.6412353515625,342.29658528706415,336.34660615994676,336.34660615994676,24204,CAPITALSFB.NS
108,2024-07-26,340.1329650878906,344.11600493835084,338.8544366078231,338.8544366078231,23430,CAPITALSFB.NS
109,2024-07-29,342.0998840332031,344.0668231048178,338.85441655717386,340.23129791779087,34658,CAPITALSFB.NS
110,2024-07-30,342.6407775878906,348.1482129478798,341.3622792066021,342.09988135267815,23110,CAPITALSFB.NS
111,2024-07-31,334.4779968261719,346.1812783589817,333.5928802420803,343.230869736604,146404,CAPITALSFB.NS
112,2024-08-01,329.4623107910156,335.0680994276291,328.97057599879025,334.5763646354037,57053,CAPITALSFB.NS
113,2024-08-02,322.7255554199219,330.5441510403096,321.1519979978997,328.478858799725,88857,CAPITALSFB.NS
114,2024-08-05,314.41522216796875,319.23421688413765,306.2032455527141,306.2032455527141,68531,CAPITALSFB.NS
115,2024-08-06,312.98919677734375,319.6276165047501,311.75985979078706,319.6276165047501,89967,CAPITALSFB.NS
116,2024-08-07,314.3168640136719,315.3986864862939,313.08752711594406,314.51353990944364,26477,CAPITALSFB.NS
117,2024-08-08,314.3660583496094,319.03753904935314,312.8908539181113,319.03753904935314,29170,CAPITALSFB.NS
118,2024-08-09,315.6937255859375,321.1519695838153,313.2350517106576,313.2350517106576,27454,CAPITALSFB.NS
119,2024-08-12,315.2019958496094,319.2833885451962,313.2842181909905,315.69373063252607,62460,CAPITALSFB.NS
120,2024-08-13,301.9251403808594,321.5945306336841,295.04085379237074,321.5945306336841,200962,CAPITALSFB.NS
121,2024-08-14,299.0730895996094,305.5148030056133,296.12268101430533,303.3019965666353,54946,CAPITALSFB.NS
122,2024-08-16,293.7906799316406,302.1339329431705,285.8917535801852,298.97435034978326,178414,CAPITALSFB.NS
123,2024-08-19,295.7654113769531,301.14656700409364,293.79067979004105,295.4198574548537,74770,CAPITALSFB.NS
124,2024-08-20,296.9996032714844,304.5035889403886,294.2349912454723,297.8882565452844,67204,CAPITALSFB.NS
125,2024-08-21,298.67816162109375,301.1465761799458,295.22238123870096,295.22238123870096,73670,CAPITALSFB.NS
126,2024-08-22,301.0971984863281,303.61496910414326,295.41984540551897,299.1718232148143,94277,CAPITALSFB.NS
127,2024-08-23,299.36932373046875,303.1213017316712,298.4313141641616,301.14657012429876,40385,CAPITALSFB.NS
128,2024-08-26,297.04901123046875,300.3073063645453,296.1603880240855,296.20974426199047,52111,CAPITALSFB.NS
129,2024-08-27,299.7148742675781,300.45539861197045,297.4933012344012,299.12247889767445,32467,CAPITALSFB.NS
130,2024-08-28,298.3819580078125,304.5036079131217,297.24646322765454,299.7148777375404,47901,CAPITALSFB.NS
131,2024-08-29,293.2476501464844,301.344061967644,291.7172451699058,301.344061967644,84160,CAPITALSFB.NS
132,2024-08-30,289.3475341796875,295.3704715557512,289.00198025703844,293.24764112284697,139091,CAPITALSFB.NS
133,2024-09-02,288.95257568359375,295.96287841302336,287.5209134502102,293.74130551417664,88760,CAPITALSFB.NS
134,2024-09-03,288.60699462890625,291.2728941878367,288.0145992887094,288.80447983031263,46727,CAPITALSFB.NS
135,2024-09-04,288.95257568359375,293.0995238142453,286.4348051177052,288.01459631662055,55338,CAPITALSFB.NS
136,2024-09-05,293.5438232421875,295.2223570575264,290.28552834418986,292.7539427008581,56192,CAPITALSFB.NS
137,2024-09-06,295.32110595703125,303.91117002224564,290.63111857932984,296.2097291179828,157799,CAPITALSFB.NS
138,2024-09-09,292.457763671875,299.4680367860329,288.8538543758202,299.4680367860329,57999,CAPITALSFB.NS
139,2024-09-10,292.70458984375,294.18563847483927,290.4336305302062,290.4336305302062,33018,CAPITALSFB.NS
140,2024-09-11,294.0869140625,295.71606163105974,289.4462826785895,289.4462826785895,27325,CAPITALSFB.NS
141,2024-09-12,301.6402587890625,304.50361364805514,291.421016499266,291.421016499266,222509,CAPITALSFB.NS
142,2024-09-13,302.6769714355469,307.7619293691297,300.10984448237474,303.1212980946797,96214,CAPITALSFB.NS
143,2024-09-16,297.8882751464844,302.67697519070606,296.2097412267277,299.9123629920618,83681,CAPITALSFB.NS
144,2024-09-17,298.7275085449219,300.1592009972203,296.2097378262042,297.88827172669113,44063,CAPITALSFB.NS
145,2024-09-18,295.0248718261719,298.23381048951416,294.2349912849229,297.7895139845658,40865,CAPITALSFB.NS
146,2024-09-19,285.9411315917969,296.20972952216283,284.953765826723,296.20972952216283,142741,CAPITALSFB.NS
147,2024-09-20,290.137451171875,295.0248938837852,287.42219517680934,290.23619377991645,36351,CAPITALSFB.NS
148,2024-09-23,294.4818420410156,296.20973214519597,286.33607440702275,290.13743866262183,118826,CAPITALSFB.NS
149,2024-09-24,296.25909423828125,298.13511335123377,286.9285055704442,294.629946705676,142452,CAPITALSFB.NS
150,2024-09-25,298.7768859863281,302.87444787741975,293.7413145673427,294.6299377278668,172542,CAPITALSFB.NS
151,2024-09-26,292.70458984375,300.1591892340948,290.28553169349954,298.18445772597573,119646,CAPITALSFB.NS
152,2024-09-27,294.72869873046875,296.2097474678078,292.7046108422442,293.6919766671369,18594,CAPITALSFB.NS
153,2024-09-30,299.8135986328125,301.14654839802563,291.2728910735002,299.1718169331205,54404,CAPITALSFB.NS
154,2024-10-01,296.8021545410156,301.73898335862395,295.7160461747394,301.14655787410857,19173,CAPITALSFB.NS
155,2024-10-03,292.0627746582031,296.2097228306365,290.2855283740238,294.23499134509893,33286,CAPITALSFB.NS
156,2024-10-04,290.9767150878906,295.1730197634899,290.33490320836495,295.1730197634899,36059,CAPITALSFB.NS
157,2024-10-07,286.73101806640625,292.1615298863458,285.34871199318775,291.12480786443507,31113,CAPITALSFB.NS
158,2024-10-08,288.80450439453125,289.9893554397246,284.4107144116209,284.4107144116209,13983,CAPITALSFB.NS
159,2024-10-09,291.9146728515625,294.8274138158838,287.8664673210181,290.8779508850133,34727,CAPITALSFB.NS
160,2024-10-10,291.8159484863281,293.64258123239705,290.33489979470676,291.9146910921721,11300,CAPITALSFB.NS
161,2024-10-11,290.4336242675781,292.16151429992374,289.3969023009751,291.81593026705247,15870,CAPITALSFB.NS
162,2024-10-14,290.92730712890625,292.2602568945233,289.29815969626804,290.4830106283745,24826,CAPITALSFB.NS
163,2024-10-15,291.6678466796875,293.1488953562587,290.2855406079569,290.2855406079569,69174,CAPITALSFB.NS
164,2024-10-16,292.457763671875,293.5438419524258,289.298181041146,293.2476442635507,22179,CAPITALSFB.NS
165,2024-10-17,292.90203857421875,296.2097198051113,291.2728911416928,292.75393974071835,27432,CAPITALSFB.NS
166,2024-10-18,291.7666015625,292.7046111499396,289.29818699767344,292.2602844754653,12654,CAPITALSFB.NS
167,2024-10-21,286.9284973144531,292.75394930112543,286.336071829094,292.75394930112543,26803,CAPITALSFB.NS
168,2024-10-22,287.2740783691406,289.00196843978364,285.34870309476236,287.9652163181909,76079,CAPITALSFB.NS
169,2024-10-23,282.8309326171875,289.98933434206714,280.4118744642511,286.38542523013916,47966,CAPITALSFB.NS
170,2024-10-24,279.918212890625,284.31200288827455,276.8080165515764,276.8080165515764,20990,CAPITALSFB.NS
171,2024-10-25,276.51177978515625,291.76659342302304,275.47505774965623,291.3222667609442,126771,CAPITALSFB.NS
172,2024-10-28,281.84356689453125,283.3739717623946,276.6105103123951,276.6105103123951,14978,CAPITALSFB.NS
173,2024-10-29,283.42333984375,284.7069334584586,280.4118862171108,282.3866178101891,20728,CAPITALSFB.NS
174,2024-10-30,286.5829162597656,287.81712347879994,283.42333372623295,284.7562835491924,19098,CAPITALSFB.NS
175,2024-10-31,289.3475341796875,291.1741669268889,286.58292200641864,286.58292200641864,12408,CAPITALSFB.NS
176,2024-11-01,292.8526916503906,294.1362550908805,284.0651423765452,289.3475251087251,11775,CAPITALSFB.NS
177,2024-11-04,292.0627746582031,293.7906647080485,289.3969052319341,292.85268533162485,23719,CAPITALSFB.NS
178,2024-11-05,292.5071105957031,293.29699116222844,289.693112112937,293.2476349263252,14052,CAPITALSFB.NS
179,2024-11-06,293.4944763183594,295.86414814953156,291.2729033268831,292.50711054436994,40115,CAPITALSFB.NS
180,2024-11-07,293.00079345703125,297.048999157145,292.2602691264743,293.4944763440692,34444,CAPITALSFB.NS
181,2024-11-08,293.44512939453125,294.72869288864473,290.5817444534867,294.1362673790489,23739,CAPITALSFB.NS
182,2024-11-11,288.95257568359375,297.04898674552834,286.4348051177052,297.04898674552834,29479,CAPITALSFB.NS
183,2024-11-12,290.1867980957031,292.0627870602227,286.92850305901186,286.92850305901186,21164,CAPITALSFB.NS
184,2024-11-13,287.4715270996094,293.05013746394036,286.38541876704676,293.05013746394036,26074,CAPITALSFB.NS
185,2024-11-14,282.43597412109375,288.7551393262074,281.3992520872616,287.81712976644474,13726,CAPITALSFB.NS
186,2024-11-18,280.4118957519531,285.39808114121575,279.81947022748284,285.2993686638156,23714,CAPITALSFB.NS
187,2024-11-19,286.3360900878906,287.3234559157799,280.46125135914394,281.3499047098553,43385,CAPITALSFB.NS
188,2024-11-21,283.12713623046875,288.3108065537816,280.01694006288346,288.3108065537816,17036,CAPITALSFB.NS
189,2024-11-22,282.238525390625,285.34872169410613,280.4118925990524,284.80568254645567,48989,CAPITALSFB.NS
190,2024-11-25,281.1030578613281,290.6804881289508,280.01694944507875,286.28672835832407,22325,CAPITALSFB.NS
191,2024-11-26,281.25115966796875,288.2614630117494,280.4118926951194,282.53472318031703,18394,CAPITALSFB.NS
192,2024-11-27,278.3877868652344,285.1018619510164,277.9434602223762,285.1018619510164,26669,CAPITALSFB.NS
193,2024-11-28,277.9928283691406,281.3992524249851,277.6966306825511,281.3498961878911,35861,CAPITALSFB.NS
194,2024-11-29,276.4624328613281,282.88031076703754,276.1168487938487,278.0422242183671,28123,CAPITALSFB.NS
195,2024-12-02,276.90673828125,281.34988418258,275.9687287603868,281.34988418258,35386,CAPITALSFB.NS
196,2024-12-03,276.0674743652344,279.1283142680687,275.62314771746367,275.62314771746367,65235,CAPITALSFB.NS
197,2024-12-04,275.57379150390625,279.2764131289175,270.53822006748857,276.95609755084143,57062,CAPITALSFB.NS
198,2024-12-05,273.895263671875,279.27641927138376,273.4509671463088,279.27641927138376,37232,CAPITALSFB.NS
199,2024-12-06,273.6484069824219,276.3636627492423,273.2534667154684,273.8952484157692,50375,CAPITALSFB.NS
200,2024-12-09,271.82177734375,276.16621072413136,271.42683707244566,273.9939940339407,40335,CAPITALSFB.NS
201,2024-12-10,273.7471618652344,277.4991397676608,270.04454019888766,270.04454019888766,53315,CAPITALSFB.NS
202,2024-12-11,274.4877014160156,276.2155916227711,273.40159297393797,275.96875016466316,52426,CAPITALSFB.NS
203,2024-12-12,272.8585510253906,276.906756923318,271.57495737716243,274.8332826700368,66430,CAPITALSFB.NS
204,2024-12-13,272.2167663574219,275.0307348153519,270.5382324246099,270.587588662393,36898,CAPITALSFB.NS
205,2024-12-16,274.2901916503906,275.4256863616824,270.5382138757216,273.25346967191956,57625,CAPITALSFB.NS
206,2024-12-17,273.4015808105469,277.25230135931264,272.46360139067497,273.9940063100522,43127,CAPITALSFB.NS
207,2024-12-18,273.00665283203125,275.91939409226717,271.5256040824904,273.50033574854484,33603,CAPITALSFB.NS
208,2024-12-19,273.35223388671875,276.3636875914498,269.55086944506513,271.03191817827974,31350,CAPITALSFB.NS
209,2024-12-20,268.85968017578125,273.9446378655886,266.687493617078,272.51294548325257,28765,CAPITALSFB.NS
210,2024-12-23,272.3154602050781,276.4624083836372,269.5014919396394,269.5014919396394,124593,CAPITALSFB.NS
211,2024-12-24,276.1662292480469,279.6220095847767,267.625490881661,272.3154784815087,68124,CAPITALSFB.NS
212,2024-12-26,277.30169677734375,281.3499026687237,275.47506398259765,278.7333591381885,45012,CAPITALSFB.NS
213,2024-12-27,277.9928283691406,282.04103416727105,276.46242343507305,276.46242343507305,48437,CAPITALSFB.NS
214,2024-12-30,281.1030578613281,283.4727297764094,274.5864374958449,277.99283145752,85912,CAPITALSFB.NS
215,2024-12-31,289.4462585449219,292.1615143101313,277.49912715159826,280.9055509825744,136058,CAPITALSFB.NS
216,2025-01-01,289.74249267578125,290.28553178788593,284.41069349651696,286.3360687703637,27211,CAPITALSFB.NS
217,2025-01-02,290.0880432128906,291.0260527214555,284.0651362867748,289.545004107097,24929,CAPITALSFB.NS
218,2025-01-03,283.02838134765625,297.0489868095366,274.0927335165072,295.71603704353913,121419,CAPITALSFB.NS
219,2025-01-06,291.02606201171875,296.2097323274491,288.31080613205046,288.65639017950156,230597,CAPITALSFB.NS
220,2025-01-07,297.9869689941406,302.1339171648946,291.2728939988363,293.59320951980555,134113,CAPITALSFB.NS
221,2025-01-08,301.0971984863281,302.72634595267976,294.2349944488933,296.2097259552617,120431,CAPITALSFB.NS
222,2025-01-09,303.5162353515625,306.6264315383695,301.0972072649404,304.10866084714775,81835,CAPITALSFB.NS
223,2025-01-10,301.34405517578125,305.3922308631073,299.27058096275266,303.51624186351495,50529,CAPITALSFB.NS
224,2025-01-13,295.716064453125,301.640259400433,292.3590266760532,296.8021728865342,83543,CAPITALSFB.NS
225,2025-01-14,295.5185546875,300.60351236715695,290.23617207055423,295.7160398888112,83614,CAPITALSFB.NS
226,2025-01-15,296.25909423828125,298.7275087216264,291.32226527159094,291.32226527159094,14056,CAPITALSFB.NS
227,2025-01-16,298.4313049316406,300.9984619682077,295.51856384807206,300.9984619682077,40073,CAPITALSFB.NS
228,2025-01-17,299.1718444824219,300.94909091169023,295.8148067093519,295.8148067093519,18326,CAPITALSFB.NS
229,2025-01-20,300.3072814941406,302.08455789173274,299.1718169282409,301.14654839311373,11927,CAPITALSFB.NS
230,2025-01-21,300.1592102050781,302.23268445987117,298.6781614705136,300.3073090521318,37073,CAPITALSFB.NS
231,2025-01-22,295.7654113769531,302.13393279754973,291.2729090695332,302.13393279754973,47882,CAPITALSFB.NS
232,2025-01-23,296.7527770996094,299.17183534580465,291.47039421149003,291.47039421149003,78675,CAPITALSFB.NS
233,2025-01-24,290.38427734375,298.18446085630393,286.582913124312,296.7527684450832,54034,CAPITALSFB.NS
234,2025-01-27,284.5094299316406,292.2602569619319,283.62080679836123,290.384268095673,38147,CAPITALSFB.NS
235,2025-01-28,288.8538513183594,301.6402504183584,282.3866174129313,282.3866174129313,28887,CAPITALSFB.NS
236,2025-01-29,295.41986083984375,298.72751218021114,288.80449789508276,288.853854132516,26788,CAPITALSFB.NS
237,2025-01-30,299.22119140625,305.49097021590615,296.1603815546813,305.49097021590615,53353,CAPITALSFB.NS
238,2025-01-31,297.64141845703125,301.541495104302,293.2476288009796,299.2211795570839,25820,CAPITALSFB.NS
239,2025-02-01,298.9743347167969,306.08338011418897,296.85150439724583,299.07307731742947,23324,CAPITALSFB.NS
240,2025-02-03,296.60467529296875,300.55413842638245,292.3096281089788,295.2717254590391,44127,CAPITALSFB.NS
241,2025-02-04,298.3325500488281,301.04780581320637,296.3084623500051,300.1098264465368,18190,CAPITALSFB.NS
242,2025-02-05,292.0627746582031,300.1098295673777,287.4715299807305,298.1844543161741,77669,CAPITALSFB.NS
243,2025-02-06,296.3084716796875,297.1477386051411,291.22354402360264,297.1477386051411,42770,CAPITALSFB.NS
244,2025-02-07,299.5174255371094,305.0960363567113,293.2970028331529,299.17184147599846,413149,CAPITALSFB.NS
245,2025-02-10,308.50244140625,313.68611160661993,301.14655449768236,301.19591073250035,223209,CAPITALSFB.NS
246,2025-02-11,299.36932373046875,313.1430586126838,297.54269096724664,313.1430586126838,60469,CAPITALSFB.NS
247,2025-02-12,297.4439392089844,303.86181673548526,290.82857647501703,303.86181673548526,67782,CAPITALSFB.NS
248,2025-02-13,299.5174255371094,301.88709746299185,291.2729149683813,298.9743562605027,71365,CAPITALSFB.NS
249,2025-02-14,288.60699462890625,300.15918587492325,287.22468861509503,297.39457384730076,101676,CAPITALSFB.NS
250,2025-02-17,286.82977294921875,289.24883127990927,279.4245292414076,289.24883127990927,36313,CAPITALSFB.NS
251,2025-02-18,281.59674072265625,286.6816686115753,275.475060655289,286.33608455209253,26833,CAPITALSFB.NS
252,2025-02-19,282.9790344238281,286.9778537213708,276.26492913909937,278.4371458760435,19309,CAPITALSFB.NS
253,2025-02-20,288.2614440917969,289.3475223161855,278.63462798499717,278.63462798499717,213181,CAPITALSFB.NS
254,2025-02-21,280.0662841796875,289.05131837769346,279.42450247954656,285.4474394781227,19309,CAPITALSFB.NS
255,2025-02-24,275.22821044921875,278.53589182989884,271.42684617984054,277.0548431638044,27493,CAPITALSFB.NS
256,2025-02-25,274.88262939453125,279.4245180464233,272.512957529374,272.512957529374,13729,CAPITALSFB.NS
257,2025-02-27,271.574951171875,278.83209582653205,270.6863279784913,276.4624239335046,18021,CAPITALSFB.NS
258,2025-02-28,264.2684326171875,270.2420133857037,262.7380277826481,268.61283581937414,83705,CAPITALSFB.NS
259,2025-03-03,255.53025817871094,266.98370753852,250.34660277054644,266.98370753852,49607,CAPITALSFB.NS
260,2025-03-04,257.8505554199219,266.53939195874034,250.59342631428112,251.33395061481622,62200,CAPITALSFB.NS
261,2025-03-05,261.2076110839844,264.56467891919254,250.84028522035078,254.69102089096387,24018,CAPITALSFB.NS
262,2025-03-06,271.7724304199219,273.105380246749,259.67719963829046,262.4418117641442,32622,CAPITALSFB.NS
263,2025-03-07,270.192626953125,274.68515911987714,266.58874805215544,274.68515911987714,32460,CAPITALSFB.NS
264,2025-03-10,269.0078125,276.4624119112303,266.5887543429721,267.62547633483456,32991,CAPITALSFB.NS
265,2025-03-11,259.2822570800781,271.27874515231304,258.6898315920146,267.57612351693115,37605,CAPITALSFB.NS
266,2025-03-12,253.45680236816406,261.6025698792732,246.84143973057985,259.2822543194034,72918,CAPITALSFB.NS
267,2025-03-13,257.7518310546875,261.70129427027825,248.519969827848,256.6657527760105,34790,CAPITALSFB.NS
268,2025-03-17,255.67837524414062,264.56466707160547,248.8161711690159,257.011294912651,499801,CAPITALSFB.NS
269,2025-03-18,255.67837524414062,255.67837524414062,255.67837524414062,255.67837524414062,0,CAPITALSFB.NS
270,2025-03-19,267.2799377441406,268.51414501090886,256.86321033340846,257.9986749924326,47600,CAPITALSFB.NS
271,2025-03-20,274.58642578125,276.3636721087355,267.6748654134545,267.6748654134545,50441,CAPITALSFB.NS
272,2025-03-21,278.83209228515625,282.3866151455588,274.5864314529057,274.5864314529057,65844,CAPITALSFB.NS
273,2025-03-24,281.8929443359375,285.8917638928011,277.69663956035873,277.69663956035873,38806,CAPITALSFB.NS
274,2025-03-25,274.3889465332031,284.90438615185207,273.54967958677304,281.8929325504405,55211,CAPITALSFB.NS
275,2025-03-26,272.80914306640625,278.83208013235674,271.525579651766,274.0433502466415,46237,CAPITALSFB.NS
276,2025-03-27,262.9848937988281,272.95729466848786,261.6519439072376,267.0824559505953,56898,CAPITALSFB.NS
277,2025-03-28,256.221435546875,269.8964584608471,254.74038678648844,263.03425381825036,69462,CAPITALSFB.NS
278,2025-04-01,262.3924560546875,265.3545533949098,251.72890261668618,251.77827391889113,27835,CAPITALSFB.NS
279,2025-04-02,276.659912109375,281.3992559461897,258.3936446181311,262.3924640971927,86114,CAPITALSFB.NS
280,2025-04-03,277.3510437011719,282.38661524416614,271.57494781750233,276.6105193604966,26889,CAPITALSFB.NS
281,2025-04-04,272.4635925292969,279.07892501791923,268.7609709428253,279.0295687829043,11814,CAPITALSFB.NS
282,2025-04-07,261.7012939453125,263.72541191999716,256.8138513012957,256.9619501452938,50347,CAPITALSFB.NS
283,2025-04-08,269.6989440917969,270.6863098253433,262.6392851233423,267.5761137910743,14873,CAPITALSFB.NS
284,2025-04-09,264.3178405761719,269.5015111019383,263.13298954604846,269.45212473200866,6847,CAPITALSFB.NS
285,2025-04-11,267.7242126464844,274.1420899150581,261.7012756449592,264.61401661196237,34084,CAPITALSFB.NS
286,2025-04-15,274.0927429199219,280.4118778017274,269.0571714822913,269.8470520430125,17270,CAPITALSFB.NS
287,2025-04-16,280.1156921386719,282.97904695911103,273.64842800883855,276.3636839842919,42531,CAPITALSFB.NS
288,2025-04-17,285.9411315917969,295.37046259544763,278.68398719210154,279.375155280458,70221,CAPITALSFB.NS
289,2025-04-21,302.0351867675781,303.22003775909764,286.28672061970485,287.96522437034304,119351,CAPITALSFB.NS
290,2025-04-22,298.4313049316406,302.0351839772001,289.3475277659455,301.985827741348,64733,CAPITALSFB.NS
291,2025-04-23,295.8147888183594,301.14655791571056,292.260266042788,301.14655791571056,60942,CAPITALSFB.NS
292,2025-04-24,295.32110595703125,305.9846441524739,291.32225653473137,293.247631826803,44964,CAPITALSFB.NS
293,2025-04-25,285.8917541503906,296.2590950073533,283.47272602964034,295.3211155804549,29721,CAPITALSFB.NS
294,2025-04-28,299.912353515625,301.1465607317387,287.32343991126544,287.32343991126544,56766,CAPITALSFB.NS
295,2025-04-29,289.2981872558594,308.0087817267486,286.38544601395904,303.0225662221407,280034,CAPITALSFB.NS
296,2025-04-30,290.1867980957031,302.62761300927315,282.73219847405454,289.2981749158794,80221,CAPITALSFB.NS
297,2025-05-02,288.5576477050781,296.40721766808105,283.42333362296137,286.5335599194043,28864,CAPITALSFB.NS
298,2025-05-05,283.7195739746094,288.11333378776084,282.4853667014747,286.13860215074527,25821,CAPITALSFB.NS
299,2025-05-06,277.20294189453125,287.1259559006401,275.57379438887324,287.1259559006401,16878,CAPITALSFB.NS
300,2025-05-07,271.6736755371094,275.62313847097835,269.8964292696727,271.5255767034915,32080,CAPITALSFB.NS
301,2025-05-08,271.82177734375,277.54851673970217,270.93315420031246,277.1041901019778,13848,CAPITALSFB.NS
302,2025-05-09,263.3304748535156,271.7230842791101,260.7633177086958,268.61285785695554,54091,CAPITALSFB.NS
303,2025-05-12,273.8459167480469,275.27757911068613,269.55086939610186,269.55086939610186,26814,CAPITALSFB.NS
304,2025-05-13,272.6116943359375,273.9940003835422,269.9457947118334,273.5003174999682,28740,CAPITALSFB.NS
305,2025-05-14,280.6587219238281,283.1764926006829,272.8091519491431,272.95728092120345,41100,CAPITALSFB.NS
306,2025-05-15,283.7689208984375,287.2740875182963,279.6220026760294,287.2740875182963,22493,CAPITALSFB.NS
307,2025-05-16,283.47271728515625,285.79303286035025,281.39924315132305,284.0651427708246,21222,CAPITALSFB.NS
308,2025-05-19,284.0157470703125,286.97784426930485,282.18911443786504,285.39805307010676,18253,CAPITALSFB.NS
309,2025-05-20,281.4486083984375,286.3360811466773,279.4245205672747,286.3360811466773,14750,CAPITALSFB.NS
310,2025-05-21,290.8779602050781,292.902047969199,279.5232539150076,282.8802914874087,38817,CAPITALSFB.NS
311,2025-05-22,290.92730712890625,292.2602568945233,283.42332153359064,286.38541873184596,21714,CAPITALSFB.NS
312,2025-05-23,292.013427734375,293.0007935086248,287.07659886312604,293.0007935086248,14848,CAPITALSFB.NS
313,2025-05-26,289.93994140625,292.26025690469965,286.9284879740566,288.45889280707075,19776,CAPITALSFB.NS
314,2025-05-27,288.95257568359375,291.22353494828803,287.5702696840469,288.3601502174991,13089,CAPITALSFB.NS
315,2025-05-28,284.41070556640625,289.44627715385025,282.68281542291163,289.1500794677706,10326,CAPITALSFB.NS
316,2025-05-29,294.5805969238281,297.5920506066928,286.2867301044511,286.2867301044511,52551,CAPITALSFB.NS
317,2025-05-30,293.2969970703125,298.0363709609693,291.2729092453112,298.0363709609693,12089,CAPITALSFB.NS
318,2025-06-02,292.30963134765625,296.2097382879189,289.4956629395312,293.2969971419493,24385,CAPITALSFB.NS
319,2025-06-03,289.8412170410156,295.41985788782864,288.36016834866086,295.17301643910287,16941,CAPITALSFB.NS
320,2025-06-04,290.4830322265625,294.62995053324784,286.336083787864,289.84122034694474,17589,CAPITALSFB.NS
321,2025-06-05,288.4095458984375,293.3957309574225,287.372793766284,293.3957309574225,8524,CAPITALSFB.NS
322,2025-06-06,289.7918701171875,296.1110053812447,286.632287419152,291.2729188571391,26680,CAPITALSFB.NS
323,2025-06-09,299.7148742675781,303.4668823583735,291.8653342962272,294.13626356622524,95629,CAPITALSFB.NS
324,2025-06-10,300.20855712890625,302.1339324769073,297.59204380542707,302.1339324769073,29739,CAPITALSFB.NS
325,2025-06-11,301.1465759277344,303.12130757316214,299.1718442823066,303.12130757316214,32023,CAPITALSFB.NS
326,2025-06-12,302.28204345703125,307.0214175301004,299.76427263809825,305.0466858659917,129115,CAPITALSFB.NS
327,2025-06-13,299.3199157714844,305.0466550990094,293.2969787770231,298.92497550489907,37903,CAPITALSFB.NS
328,2025-06-16,296.25909423828125,301.14656696810977,293.7906797549361,296.4072232128922,24222,CAPITALSFB.NS
329,2025-06-17,298.5300598144531,306.4783425623549,294.4818539516654,296.3084867335101,34689,CAPITALSFB.NS
330,2025-06-18,294.0375061035156,301.54149177393407,293.2476255622131,301.54149177393407,20588,CAPITALSFB.NS
331,2025-06-19,289.693115234375,296.99961601550405,287.37279961368887,296.950259779069,63760,CAPITALSFB.NS
332,2025-06-20,288.1627197265625,294.037528258682,287.3728089937306,294.037528258682,12941,CAPITALSFB.NS
333,2025-06-23,287.76776123046875,292.2109071261609,286.1879699967092,287.42217718995704,44785,CAPITALSFB.NS
334,2025-06-24,287.8664855957031,292.50711688688244,284.85503197254206,291.272909642634,137721,CAPITALSFB.NS
335,2025-06-25,287.2247009277344,291.272906674013,286.43482035227083,290.7298675448834,24817,CAPITALSFB.NS
336,2025-06-26,291.0754089355469,297.0983459932549,287.2246885648848,287.2246885648848,50762,CAPITALSFB.NS
337,2025-06-27,289.15008544921875,294.2350133788601,288.31081847861464,291.27291592873735,25472,CAPITALSFB.NS
338,2025-06-30,289.1006774902344,292.06277471915894,287.32343120568413,289.2981626916338,52578,CAPITALSFB.NS
339,2025-07-01,285.3980712890625,291.61849388324606,284.90438839104854,289.2981782361779,38731,CAPITALSFB.NS
340,2025-07-02,280.90557861328125,288.36017857639933,279.4738861070864,288.3108223377087,69371,CAPITALSFB.NS
341,2025-07-03,277.0548400878906,283.3739749666683,276.46241460162764,282.43596543575086,143107,CAPITALSFB.NS
342,2025-07-04,277.89410400390625,281.34988414897236,276.2649264013373,279.375152637506,52896,CAPITALSFB.NS
343,2025-07-07,278.73333740234375,280.6587126554229,276.3143094094105,280.6587126554229,24961,CAPITALSFB.NS
344,2025-07-08,278.8814697265625,282.1397646672909,275.5737884188464,281.25114151363874,42372,CAPITALSFB.NS
345,2025-07-09,277.89410400390625,281.6460818228877,271.52558282662267,281.6460818228877,58820,CAPITALSFB.NS
346,2025-07-10,277.54852294921875,283.12713350273066,276.11683053519704,279.3257692758557,36785,CAPITALSFB.NS
347,2025-07-11,276.3143310546875,279.3257847561657,275.4750640803697,277.4497957225229,19620,CAPITALSFB.NS
348,2025-07-14,276.4130554199219,279.12831124867546,275.62314473598656,276.264926450926,23433,CAPITALSFB.NS
349,2025-07-15,276.6105041503906,279.22701731716535,275.47503958352735,275.47503958352735,24271,CAPITALSFB.NS
350,2025-07-16,276.7092590332031,278.33840653902115,276.1662199086012,276.61051642909035,29133,CAPITALSFB.NS
351,2025-07-17,281.2017517089844,287.965213078674,275.5243986835971,278.68398111574754,729327,CAPITALSFB.NS
352,2025-07-18,305.19476318359375,315.36461848348745,286.38542733070665,289.2981683825852,954624,CAPITALSFB.NS
353,2025-07-21,320.74578857421875,321.8812532263754,305.8365588554288,308.7493000401905,451970,CAPITALSFB.NS
354,2025-07-22,316.4013671875,326.4724797757105,313.48862616715803,323.6091251221608,246527,CAPITALSFB.NS
355,2025-07-23,317.5862121582031,322.9179815964261,311.02023543650193,320.84453746579374,117139,CAPITALSFB.NS
356,2025-07-24,312.6000061035156,320.30144699007127,309.0454833358701,320.30144699007127,50302,CAPITALSFB.NS
357,2025-07-25,301.70001220703125,315.0,297.6000061035156,315.0,121817,CAPITALSFB.NS
358,2025-07-28,290.54998779296875,303.25,287.1499938964844,303.25,82061,CAPITALSFB.NS
359,2025-07-29,308.6499938964844,313.5,288.3500061035156,291.95001220703125,189562,CAPITALSFB.NS
360,2025-07-30,304.70001220703125,312.75,301.29998779296875,308.54998779296875,103270,CAPITALSFB.NS
361,2025-07-31,304.45001220703125,307.0,298.75,301.70001220703125,45242,CAPITALSFB.NS
362,2025-08-01,303.70001220703125,309.95001220703125,298.79998779296875,309.95001220703125,70557,CAPITALSFB.NS
363,2025-08-04,321.45001220703125,326.3500061035156,296.75,300.6499938964844,232194,CAPITALSFB.NS
364,2025-08-05,320.1499938964844,325.20001220703125,315.0,324.0,91232,CAPITALSFB.NS
365,2025-08-06,307.25,319.3999938964844,301.0,319.1000061035156,80786,CAPITALSFB.NS
366,2025-08-07,305.75,309.1499938964844,301.54998779296875,302.0,35708,CAPITALSFB.NS
367,2025-08-08,300.3999938964844,307.29998779296875,299.04998779296875,307.25,20726,CAPITALSFB.NS
368,2025-08-11,301.25,305.0,295.04998779296875,296.6000061035156,26336,CAPITALSFB.NS
369,2025-08-12,298.20001220703125,305.25,295.1000061035156,305.25,29088,CAPITALSFB.NS
370,2025-08-13,297.54998779296875,302.0,296.6000061035156,302.0,21380,CAPITALSFB.NS
371,2025-08-14,297.25,299.6000061035156,295.79998779296875,299.6000061035156,17825,CAPITALSFB.NS
372,2025-08-18,298.54998779296875,305.6000061035156,297.45001220703125,300.0,31360,CAPITALSFB.NS
373,2025-08-19,295.70001220703125,302.0,293.0,298.04998779296875,24990,CAPITALSFB.NS
374,2025-08-20,297.3999938964844,300.0,294.25,294.25,26421,CAPITALSFB.NS
375,2025-08-21,299.3500061035156,301.8999938964844,296.04998779296875,296.04998779296875,12343,CAPITALSFB.NS
376,2025-08-22,301.95001220703125,308.0,295.6000061035156,300.0,70419,CAPITALSFB.NS
377,2025-08-25,297.6499938964844,302.29998779296875,296.70001220703125,299.0,21243,CAPITALSFB.NS
378,2025-08-26,297.04998779296875,305.0,294.0,299.1499938964844,30130,CAPITALSFB.NS
379,2025-08-28,291.95001220703125,296.95001220703125,290.79998779296875,295.04998779296875,37664,CAPITALSFB.NS
380,2025-08-29,289.70001220703125,296.20001220703125,288.20001220703125,291.95001220703125,20495,CAPITALSFB.NS
381,2025-09-01,286.20001220703125,291.5,285.0,288.0,24653,CAPITALSFB.NS
382,2025-09-02,281.8999938964844,290.5,279.0,290.5,68495,CAPITALSFB.NS
383,2025-09-03,283.20001220703125,285.0,281.0,282.0,22652,CAPITALSFB.NS
384,2025-09-04,296.95001220703125,299.95001220703125,282.29998779296875,287.75,81186,CAPITALSFB.NS
385,2025-09-05,302.8500061035156,305.0,285.0,285.0,56147,CAPITALSFB.NS
386,2025-09-08,299.75,303.45001220703125,295.25,302.5,16254,CAPITALSFB.NS
387,2025-09-09,297.29998779296875,305.0,296.0,296.75,14633,CAPITALSFB.NS
388,2025-09-10,293.8500061035156,297.29998779296875,292.3999938964844,295.1499938964844,18850,CAPITALSFB.NS
389,2025-09-11,293.95001220703125,297.20001220703125,290.3500061035156,294.04998779296875,18405,CAPITALSFB.NS
390,2025-09-12,291.6000061035156,297.1000061035156,290.20001220703125,294.20001220703125,26912,CAPITALSFB.NS
391,2025-09-15,289.6000061035156,294.95001220703125,288.8999938964844,291.6000061035156,14461,CAPITALSFB.NS
392,2025-09-16,289.45001220703125,294.95001220703125,289.0,289.1000061035156,16004,CAPITALSFB.NS
393,2025-09-17,288.75,293.0,288.25,293.0,21969,CAPITALSFB.NS
394,2025-09-18,288.5,291.95001220703125,288.29998779296875,291.0,16359,CAPITALSFB.NS
395,2025-09-19,288.0,290.04998779296875,287.70001220703125,288.1499938964844,19028,CAPITALSFB.NS
396,2025-09-22,288.0,291.0,287.1000061035156,291.0,10249,CAPITALSFB.NS
397,2025-09-23,284.70001220703125,290.0,283.20001220703125,290.0,32922,CAPITALSFB.NS
398,2025-09-24,281.79998779296875,288.0,281.0,285.95001220703125,34664,CAPITALSFB.NS
399,2025-09-25,282.20001220703125,285.54998779296875,281.04998779296875,283.54998779296875,19822,CAPITALSFB.NS
400,2025-09-26,280.45001220703125,282.45001220703125,278.8999938964844,281.04998779296875,18845,CAPITALSFB.NS
401,2025-09-29,278.1000061035156,284.45001220703125,277.5,278.95001220703125,12039,CAPITALSFB.NS
402,2025-09-30,276.3999938964844,281.95001220703125,276.1000061035156,277.04998779296875,14375,CAPITALSFB.NS
403,2025-10-01,283.3999938964844,286.0,275.3999938964844,275.3999938964844,28918,CAPITALSFB.NS
404,2025-10-03,286.20001220703125,290.0,283.20001220703125,283.3999938964844,23624,CAPITALSFB.NS
405,2025-10-06,280.3500061035156,290.1000061035156,278.29998779296875,290.04998779296875,24106,CAPITALSFB.NS
406,2025-10-07,280.6000061035156,283.0,278.6000061035156,278.6000061035156,17553,CAPITALSFB.NS
407,2025-10-08,277.3500061035156,282.0,277.0,280.6000061035156,41538,CAPITALSFB.NS
408,2025-10-09,277.1499938964844,280.8999938964844,276.5,280.0,14991,CAPITALSFB.NS
409,2025-10-10,277.5,280.54998779296875,276.54998779296875,277.1000061035156,23594,CAPITALSFB.NS
410,2025-10-13,276.3999938964844,277.5,275.3999938964844,275.5,13240,CAPITALSFB.NS
411,2025-10-14,273.29998779296875,278.04998779296875,273.0,276.3999938964844,24515,CAPITALSFB.NS
412,2025-10-15,274.6000061035156,277.45001220703125,273.29998779296875,273.3500061035156,11090,CAPITALSFB.NS
413,2025-10-16,275.75,278.54998779296875,274.54998779296875,276.6000061035156,16489,CAPITALSFB.NS
414,2025-10-17,276.70001220703125,277.5,273.70001220703125,274.04998779296875,12293,CAPITALSFB.NS
415,2025-10-20,276.1000061035156,284.8999938964844,274.25,276.70001220703125,32364,CAPITALSFB.NS
416,2025-10-21,277.20001220703125,281.1499938964844,274.04998779296875,277.29998779296875,11650,CAPITALSFB.NS
417,2025-10-23,281.6000061035156,282.8999938964844,277.0,277.5,21699,CAPITALSFB.NS
418,2025-10-24,284.1499938964844,286.0,280.04998779296875,280.04998779296875,77257,CAPITALSFB.NS
419,2025-10-27,285.04998779296875,287.0,282.54998779296875,284.8999938964844,125415,CAPITALSFB.NS
420,2025-10-28,285.3500061035156,292.25,284.0,285.1000061035156,103679,CAPITALSFB.NS
421,2025-10-29,286.8500061035156,291.95001220703125,280.1000061035156,286.6000061035156,81108,CAPITALSFB.NS
422,2025-10-30,284.20001220703125,291.3500061035156,282.0,291.0,125190,CAPITALSFB.NS
423,2025-10-31,282.75,285.8999938964844,282.1499938964844,285.5,40804,CAPITALSFB.NS
424,2025-11-03,275.1000061035156,285.45001220703125,274.29998779296875,282.1499938964844,83364,CAPITALSFB.NS
425,2025-11-04,273.20001220703125,280.54998779296875,272.0,278.04998779296875,55623,CAPITALSFB.NS
426,2025-11-06,268.6499938964844,277.8999938964844,264.1499938964844,277.8999938964844,47076,CAPITALSFB.NS
427,2025-11-07,272.5,274.6000061035156,267.0,268.6499938964844,41070,CAPITALSFB.NS
428,2025-11-10,269.04998779296875,273.8500061035156,267.0,271.1000061035156,23309,CAPITALSFB.NS
429,2025-11-11,271.75,273.45001220703125,266.3999938964844,268.04998779296875,21635,CAPITALSFB.NS
430,2025-11-12,270.0,273.1000061035156,268.8999938964844,273.1000061035156,20399,CAPITALSFB.NS
431,2025-11-13,268.45001220703125,271.95001220703125,267.75,270.25,15827,CAPITALSFB.NS
432,2025-11-14,268.75,270.3999938964844,266.6000061035156,270.1000061035156,14725,CAPITALSFB.NS
433,2025-11-17,271.1000061035156,273.45001220703125,268.0,270.1000061035156,35262,CAPITALSFB.NS
434,2025-11-18,276.25,278.20001220703125,269.04998779296875,271.1000061035156,39215,CAPITALSFB.NS
435,2025-11-19,278.29998779296875,285.0,273.1000061035156,278.45001220703125,50651,CAPITALSFB.NS
436,2025-11-20,282.3999938964844,285.04998779296875,273.8999938964844,279.20001220703125,57803,CAPITALSFB.NS
437,2025-11-21,277.54998779296875,283.79998779296875,275.25,283.0,24846,CAPITALSFB.NS
438,2025-11-24,278.5,282.70001220703125,274.0,280.95001220703125,20988,CAPITALSFB.NS
439,2025-11-25,278.1000061035156,279.3999938964844,275.1499938964844,275.1499938964844,13461,CAPITALSFB.NS
440,2025-11-26,278.75,280.6000061035156,276.3999938964844,278.1000061035156,15353,CAPITALSFB.NS
441,2025-11-27,276.45001220703125,282.95001220703125,275.1499938964844,282.95001220703125,19048,CAPITALSFB.NS
442,2025-11-28,277.3500061035156,281.45001220703125,275.0,280.6000061035156,12522,CAPITALSFB.NS
443,2025-12-01,273.25,279.29998779296875,272.1000061035156,277.3500061035156,23868,CAPITALSFB.NS
444,2025-12-02,275.95001220703125,277.1499938964844,271.5,274.6000061035156,15168,CAPITALSFB.NS
445,2025-12-03,275.3999938964844,278.0,271.0,278.0,18067,CAPITALSFB.NS
446,2025-12-04,270.79998779296875,275.75,270.1499938964844,271.54998779296875,28668,CAPITALSFB.NS
447,2025-12-05,273.8999938964844,275.54998779296875,270.1000061035156,273.3500061035156,11790,CAPITALSFB.NS
448,2025-12-08,270.1000061035156,278.8500061035156,267.04998779296875,278.8500061035156,16634,CAPITALSFB.NS
449,2025-12-09,268.45001220703125,271.79998779296875,265.1000061035156,268.75,26950,CAPITALSFB.NS
450,2025-12-10,267.04998779296875,273.70001220703125,265.0,268.45001220703125,15348,CAPITALSFB.NS
451,2025-12-11,265.20001220703125,270.8500061035156,264.04998779296875,270.70001220703125,33589,CAPITALSFB.NS
452,2025-12-12,262.70001220703125,269.0,258.0,265.0,126005,CAPITALSFB.NS
453,2025-12-15,264.6000061035156,268.54998779296875,261.5,261.5,23629,CAPITALSFB.NS
454,2025-12-16,261.20001220703125,264.75,260.0,264.6000061035156,30045,CAPITALSFB.NS
455,2025-12-17,262.0,262.70001220703125,260.0,261.20001220703125,27392,CAPITALSFB.NS
456,2025-12-18,266.5,270.0,260.5,262.0,37701,CAPITALSFB.NS
457,2025-12-19,263.6000061035156,274.8500061035156,262.20001220703125,274.8500061035156,17807,CAPITALSFB.NS
458,2025-12-22,263.70001220703125,266.79998779296875,260.54998779296875,261.29998779296875,18047,CAPITALSFB.NS
459,2025-12-23,263.75,266.70001220703125,262.3999938964844,266.0,25338,CAPITALSFB.NS
460,2025-12-24,263.0,267.8500061035156,262.0,267.8500061035156,28132,CAPITALSFB.NS
461,2025-12-26,264.54998779296875,268.0,261.0,263.04998779296875,29996,CAPITALSFB.NS
462,2025-12-29,261.70001220703125,269.0,259.79998779296875,269.0,21245,CAPITALSFB.NS
463,2025-12-30,260.95001220703125,264.0,259.79998779296875,264.0,15753,CAPITALSFB.NS
464,2025-12-31,263.54998779296875,264.0,261.5,263.8500061035156,12093,CAPITALSFB.NS
465,2026-01-01,263.5,266.95001220703125,260.5,266.95001220703125,29988,CAPITALSFB.NS
466,2026-01-02,270.8500061035156,275.5,263.79998779296875,263.79998779296875,61230,CAPITALSFB.NS
467,2026-01-05,270.95001220703125,275.5,268.79998779296875,274.0,36958,CAPITALSFB.NS
468,2026-01-06,267.8500061035156,270.5,267.1000061035156,270.0,15761,CAPITALSFB.NS
469,2026-01-07,269.54998779296875,270.5,266.3999938964844,270.5,15516,CAPITALSFB.NS
470,2026-01-08,264.6000061035156,269.8999938964844,263.0,267.0,20342,CAPITALSFB.NS
471,2026-01-09,262.6499938964844,268.0,261.0,268.0,20435,CAPITALSFB.NS
472,2026-01-12,263.70001220703125,265.0,261.0,261.0,28094,CAPITALSFB.NS
473,2026-01-13,263.5,265.0,262.45001220703125,265.0,12548,CAPITALSFB.NS
474,2026-01-14,263.45001220703125,265.75,262.0,262.0,11552,CAPITALSFB.NS
475,2026-01-16,261.8999938964844,264.45001220703125,261.0,261.04998779296875,27482,CAPITALSFB.NS
476,2026-01-19,261.29998779296875,265.8500061035156,260.25,265.0,11525,CAPITALSFB.NS
477,2026-01-20,258.95001220703125,265.0,257.04998779296875,265.0,43495,CAPITALSFB.NS
478,2026-01-21,253.8000030517578,259.70001220703125,250.0500030517578,257.04998779296875,34121,CAPITALSFB.NS
479,2026-01-22,253.89999389648438,259.0,250.0,255.0,30255,CAPITALSFB.NS
480,2026-01-23,254.35000610351562,257.70001220703125,252.35000610351562,254.0,14302,CAPITALSFB.NS
481,2026-01-27,256.3999938964844,259.0,252.35000610351562,253.0500030517578,20012,CAPITALSFB.NS
482,2026-01-28,256.8999938964844,260.0,252.39999389648438,257.3999938964844,14393,CAPITALSFB.NS
483,2026-01-29,254.85000610351562,259.95001220703125,250.85000610351562,259.5,35428,CAPITALSFB.NS
484,2026-01-30,257.0,259.6499938964844,254.85000610351562,256.1000061035156,19298,CAPITALSFB.NS
485,2026-02-02,256.79998779296875,257.45001220703125,251.0,255.8000030517578,22766,CAPITALSFB.NS
486,2026-02-03,256.75,266.95001220703125,255.64999389648438,258.20001220703125,27453,CAPITALSFB.NS
487,2026-02-04,258.1000061035156,259.3999938964844,256.6000061035156,257.45001220703125,12863,CAPITALSFB.NS
488,2026-02-05,257.70001220703125,260.20001220703125,255.1999969482422,255.1999969482422,21266,CAPITALSFB.NS
489,2026-02-06,261.6000061035156,263.5,256.5,259.95001220703125,32416,CAPITALSFB.NS
490,2026-02-09,264.20001220703125,265.0,258.0,258.0,19354,CAPITALSFB.NS
491,2026-02-10,270.29998779296875,271.95001220703125,264.5,264.5,43766,CAPITALSFB.NS
492,2026-02-11,272.0,273.45001220703125,266.79998779296875,271.95001220703125,49678,CAPITALSFB.NS
493,2026-02-12,270.8999938964844,272.0,268.29998779296875,270.0,23699,CAPITALSFB.NS
494,2026-02-13,272.70001220703125,274.29998779296875,267.79998779296875,270.5,43021,CAPITALSFB.NS
495,2026-02-16,266.6000061035156,272.29998779296875,266.0,266.04998779296875,13488,CAPITALSFB.NS
496,2026-02-17,265.1000061035156,269.95001220703125,264.79998779296875,266.0,14049,CAPITALSFB.NS
497,2026-02-18,263.5,266.8500061035156,262.0,262.04998779296875,15510,CAPITALSFB.NS
498,2026-02-19,263.29998779296875,264.5,263.0,264.5,10159,CAPITALSFB.NS
499,2026-02-20,263.70001220703125,264.5,262.0,264.5,11680,CAPITALSFB.NS
500,2026-02-23,263.1499938964844,264.5,262.1499938964844,263.6499938964844,10289,CAPITALSFB.NS
501,2026-02-24,262.3999938964844,264.45001220703125,262.0,264.45001220703125,9002,CAPITALSFB.NS
502,2026-02-25,262.95001220703125,266.0,262.04998779296875,264.45001220703125,20606,CAPITALSFB.NS
503,2026-02-26,258.6000061035156,266.0,257.8500061035156,263.0,70827,CAPITALSFB.NS
504,2026-02-27,262.1000061035156,263.1499938964844,260.1000061035156,261.20001220703125,16522,CAPITALSFB.NS
505,2026-03-02,259.79998779296875,263.29998779296875,258.0,262.0,37772,CAPITALSFB.NS
506,2026-03-04,256.75,260.3999938964844,256.0,260.3999938964844,42007,CAPITALSFB.NS
507,2026-03-05,255.64999389648438,258.1499938964844,254.25,258.1499938964844,17671,CAPITALSFB.NS
508,2026-03-06,255.10000610351562,265.70001220703125,253.0500030517578,258.0,13957,CAPITALSFB.NS
509,2026-03-09,249.35000610351562,256.1000061035156,247.39999389648438,254.0,23267,CAPITALSFB.NS
510,2026-03-10,251.25,252.9499969482422,247.60000610351562,250.0500030517578,26600,CAPITALSFB.NS
511,2026-03-11,249.25,254.1999969482422,249.0,250.10000610351562,14145,CAPITALSFB.NS
512,2026-03-12,241.75,250.35000610351562,239.9499969482422,250.0,46739,CAPITALSFB.NS
513,2026-03-13,237.0,245.25,235.10000610351562,241.75,28220,CAPITALSFB.NS
514,2026-03-16,234.5500030517578,240.0,232.0,237.0,84839,CAPITALSFB.NS
515,2026-03-17,233.4499969482422,239.10000610351562,231.5,235.0,44044,CAPITALSFB.NS
516,2026-03-18,239.14999389648438,244.85000610351562,232.25,232.25,44900,CAPITALSFB.NS
517,2026-03-19,236.64999389648438,241.0,235.0500030517578,238.5,17414,CAPITALSFB.NS
518,2026-03-20,240.0500030517578,244.0,236.64999389648438,237.0,9533,CAPITALSFB.NS
519,2026-03-23,223.14999389648438,237.89999389648438,222.8000030517578,237.0,102952,CAPITALSFB.NS
520,2026-03-24,224.5,231.9499969482422,222.64999389648438,223.8000030517578,147940,CAPITALSFB.NS
521,2026-03-25,220.85000610351562,229.89999389648438,219.5500030517578,223.25,130386,CAPITALSFB.NS
522,2026-03-27,220.39999389648438,227.0,216.1999969482422,220.0,183664,CAPITALSFB.NS
