Price,Close,High,Low,Open,Volume
Ticker,PRECAM.NS,PRECAM.NS,PRECAM.NS,PRECAM.NS,PRECAM.NS
Date,,,,,
2016-04-18,136.829345703125,139.66334886610218,134.70384670929036,134.70384670929036,28484
2016-04-20,136.7407989501953,140.37187493761587,135.63376523617626,136.8293670527549,25786
2016-04-21,130.8513641357422,138.06921739498384,129.65576250977537,136.43081586759902,62883
2016-04-22,128.9915313720703,131.64841163525276,128.504447468027,130.71851435401237,26547
2016-04-25,128.59300231933594,130.01001053493306,127.0874395362589,127.0874395362589,25523
2016-04-26,129.301513671875,130.62995388083263,127.08744665694563,127.08744665694563,58050
2016-04-27,131.24989318847656,132.8440241813716,128.41589004199255,128.46017408610493,56484
2016-04-28,132.79974365234375,137.2721619542159,130.18714714367573,131.07277399499324,38593
2016-04-29,131.2056121826172,134.1724675301401,130.6742441817429,134.1724675301401,17833
2016-05-02,132.62261962890625,137.0064697953902,129.92145505728502,129.92145505728502,70054
2016-05-03,136.20941162109375,139.48622824866112,131.2498958779263,131.2498958779263,233907
2016-05-04,133.02114868164062,135.94371995671867,132.0469672656767,135.94371995671867,261068
2016-05-05,130.98419189453125,134.9695122991956,130.62994659733116,134.9695122991956,22063
2016-05-06,130.4971160888672,131.8698268359117,130.18714129938397,130.23142534268052,8428
2016-05-09,131.24989318847656,132.4012107674337,129.39008495809313,129.43435548861254,22435
2016-05-10,130.27569580078125,132.79972384236632,130.18712772342403,132.79972384236632,18826
2016-05-11,128.81442260742188,130.23143097261323,128.50446131813166,128.94727474305478,9491
2016-05-12,128.6372833251953,130.6299434799746,128.37159260183978,128.54871524621296,15157
2016-05-13,127.48596954345703,128.63728703547744,126.73319490476085,128.32731226369012,12935
2016-05-16,126.73320770263672,129.03582940561085,126.33466480906648,128.99154536037045,10945
2016-05-17,125.75900268554688,127.70737889767494,125.49331194898573,126.29038415866917,14006
2016-05-18,125.53759765625,127.26456719642174,124.8733775628307,125.31619095844357,9096
2016-05-19,124.03205108642578,126.29040240305716,123.54495358462776,125.0505166245173,17399
2016-05-20,123.89917755126953,125.40475384481921,123.1021188776424,124.03202967260195,9441
2016-05-23,120.75521850585938,125.31619107964629,120.4452437231936,125.31619107964629,15273
2016-05-24,118.31974792480469,121.59656443856562,118.23117983784111,120.8437762401535,13981
2016-05-25,118.62971496582031,121.10947287176342,117.78837215315929,117.78837215315929,11088
2016-05-26,120.09101104736328,120.48954044301374,117.7883757402369,117.7883757402369,16927
2016-05-27,120.97662353515625,121.33086884166583,119.51533124022174,119.55961528193349,15536
2016-05-30,121.50800323486328,121.86226208919311,120.5780923234386,120.888067131778,12593
2016-05-31,115.97283172607422,120.88806337938314,115.13148893274585,120.09100463067061,21603
2016-06-01,117.30125427246094,117.69978358664594,115.22003962567658,117.38982234832031,17454
2016-06-02,116.94702911376953,117.25699040541559,115.2200594461622,116.45993163993326,10833
2016-06-03,123.14641571044922,127.53026589797341,115.5743034700384,115.5743034700384,90295
2016-06-06,123.63351440429688,125.05050926460916,120.62237498814571,120.62237498814571,25615
2016-06-07,122.17221069335938,125.05049770704008,121.3308679613096,122.21649473474982,22409
2016-06-08,118.31974792480469,121.81797114238181,118.00977313402493,121.15375103093326,27200
2016-06-09,117.5226821899414,121.68512574943448,117.34555951980003,117.34555951980003,20804
2016-06-10,115.88427734375,119.16109394689119,115.66287063389461,119.16109394689119,15623
2016-06-13,119.07252502441406,122.08366436553568,114.29014553043501,115.574301735893,28332
2016-06-14,120.75521850585938,121.3308705152759,117.83264738926928,117.83264738926928,24861
2016-06-15,121.50800323486328,122.21650742992941,120.00244026634373,120.888067131778,20785
2016-06-16,118.67398071289062,121.33086087810459,118.0540447103923,121.28657683929943,8576
2016-06-17,117.65553283691406,120.00243859213471,117.16843536500224,119.91387050138952,17457
2016-06-20,118.14260864257812,120.00243031113976,116.32708452992559,117.03557515262295,13223
2016-06-21,121.19803619384766,127.44169448825866,119.55962116503777,123.01356037103504,71379
2016-06-22,118.5411605834961,121.72940917045405,118.05406310791275,121.19804116275778,11347
2016-06-23,118.58541107177734,121.06516856266734,117.7883524381586,118.80681774929268,11625
2016-06-24,116.14994812011719,117.78836308729471,113.4487972210945,117.78836308729471,27971
2016-06-27,116.5927734375,117.43412978503122,114.55584242278628,115.44146930347704,24611
2016-06-28,114.68865966796875,116.90272645692568,113.3602195945946,116.90272645692568,18462
2016-06-29,115.79571533203125,118.05406659380684,115.35290188907892,115.9285539594794,14363
2016-06-30,116.5484848022461,119.07251291203112,115.5742899793589,116.68132340827995,20233
2016-07-01,115.70713806152344,117.69979839677534,115.13148603677666,116.94702371161361,25741
2016-07-04,115.5300064086914,117.78835731558065,115.13147707537959,117.78835731558065,18580
2016-07-05,113.44879913330078,116.2828022067662,113.18310838906501,115.5742980600017,41127
2016-07-07,113.49308013916016,115.22006337931316,113.18311883693325,114.99865665761087,16869
2016-07-08,114.51155090332031,116.41564316711204,112.38604517700786,114.55583494718375,24889
2016-07-11,113.18310546875,116.45992186019679,112.4746013402661,114.95435903316364,21436
2016-07-12,117.38983154296875,120.44524120915914,112.60744561418704,112.6960069401875,77312
2016-07-13,118.98396301269531,120.35667370752495,115.57429451244678,118.58542015177864,57192
2016-07-14,117.92120361328125,120.17955466746602,117.07986085172803,117.12414489467137,16533
2016-07-15,115.92855072021484,119.91387159542825,115.61858942696543,117.035584296663,18928
2016-07-18,115.13148498535156,117.65552679239056,114.91007828345666,115.92854370673616,12392
2016-07-19,115.22004699707031,116.41563501611505,113.4930640024636,113.4930640024636,10297
2016-07-20,114.7772445678711,116.76990496999667,114.29014710018842,115.26432852196055,12795
2016-07-21,114.86579132080078,115.8399861898142,114.24585527397056,115.8399861898142,15310
2016-07-22,118.5411605834961,119.78103278171416,114.3344329996651,115.04292367659345,46736
2016-07-25,116.5484848022461,119.38248767756568,116.23851003671153,117.83264087707619,23753
2016-07-26,117.1684341430664,118.80683569601891,116.01711654335267,117.74408618612668,24994
2016-07-27,117.3455581665039,117.78837159354732,116.19424055347237,117.1241514529822,15411
2016-07-28,116.32709503173828,118.58543274425179,115.8399975494652,116.9027470930469,19224
2016-07-29,116.37135314941406,117.61123874597722,115.26431967762134,115.39717180239178,18337
2016-08-01,116.06139373779297,118.67399007020208,115.61858034200863,117.61124062303814,13066
2016-08-02,116.19422912597656,119.02823207761658,115.75141574248306,117.56695331752483,14693
2016-08-03,116.45993041992188,116.7699052219141,115.22005823913948,115.97283295118834,17474
2016-08-04,121.065185546875,121.7736897170382,116.85845808392277,116.90274212835666,96253
2016-08-05,131.60415649414062,132.6226219753251,120.66665939324238,121.28659549107614,371367
2016-08-08,129.12440490722656,131.4270267423604,126.86605360628076,131.07278138729183,114072
2016-08-09,126.4675064086914,129.7886068211382,125.75900228465099,129.2572253497098,33129
2016-08-10,123.01354217529297,127.53024371220319,121.86223828598607,126.55604894507638,41344
2016-08-11,121.81796264648438,123.72205476107015,121.37514926973495,123.63350019387536,22953
2016-08-12,121.46370697021484,122.96928330087428,120.13526680569805,122.70359256525248,18851
2016-08-16,120.35667419433594,123.89918132015707,119.55961549646308,120.57808088969975,18243
2016-08-17,124.60769653320312,125.2276326326532,120.00243956266813,120.04672360839886,33421
2016-08-18,126.33467864990234,127.44171233422884,122.61504817328425,122.61504817328425,27921
2016-08-19,129.39007568359375,131.4270064308294,125.75900054413613,125.8032845850743,44774
2016-08-22,128.4158935546875,131.0727741109914,127.22029189891343,129.39008849743624,16738
2016-08-23,127.66309356689453,130.05429665820728,126.77746679636152,128.77012703006076,16485
2016-08-24,128.5487518310547,130.8513874040084,127.57457025295534,130.09859905919015,7843
2016-08-25,126.33467864990234,129.25725027924327,125.49333575253316,126.91034427390899,20784
2016-08-26,125.53759765625,126.37894040519599,124.16487342713161,126.33465636291622,7633
2016-08-29,129.1686553955078,131.07274733308603,124.20914063152239,124.25342466779898,23438
2016-08-30,134.34957885742188,137.2721499131295,129.39007703323182,130.9841944148977,109266
2016-08-31,130.27569580078125,135.7665787571462,129.5229076840188,133.95104128005363,34496
2016-09-01,129.9657440185547,131.82556586309926,129.39009195474475,130.62996417537866,10830
2016-09-02,129.301513671875,131.0727672838185,128.0616415489516,128.72586165343043,21113
2016-09-06,131.33843994140625,132.6668799674213,129.96571587847254,130.58565185456143,17426
2016-09-07,130.18714904785156,132.04697086825828,129.3458062295127,132.002686822326,26612
2016-09-08,127.26457977294922,131.38275286727009,126.73321175385841,130.98420996095982,43697
2016-09-09,125.05050659179688,128.4158912726965,124.03204113541618,128.23876860814244,33208
2016-09-12,122.48219299316406,124.87338272561686,122.2165022420931,123.76634919081529,45249
2016-09-14,121.19803619384766,123.98775528226139,120.44524798848249,123.67778048861858,38273
2016-09-15,121.10948181152344,123.50067180270666,120.53382971657736,122.88073565885833,7243
2016-09-16,122.34935760498047,123.10214591710573,120.48954912014511,120.75523990757725,12340
2016-09-19,120.79949188232422,122.21650018849752,120.13527177260413,120.13527177260413,9422
2016-09-20,121.2423095703125,123.01356325878218,120.44525081593844,123.01356325878218,8882
2016-09-21,124.474853515625,125.759009714925,120.62237140413201,120.75522353663455,24209
2016-09-22,126.73320770263672,127.70738912995886,124.87338591128662,127.70738912995886,26446
2016-09-23,127.84021759033203,130.54136817304396,125.31617612859539,125.40474420267383,35102
2016-09-26,128.4158935546875,129.56721116513785,126.64463985048491,126.64463985048491,17197
2016-09-27,126.82176971435547,129.2572436958286,126.37895626317854,126.73321513227654,8356
2016-09-28,127.57455444335938,128.90299475999223,125.75901664124243,126.73321161221065,13590
2016-09-29,123.94347381591797,127.53026522817915,120.97663200383498,125.89185016529652,29682
2016-09-30,124.69625091552734,126.55605900940981,120.93233717330833,120.93233717330833,21840
2016-10-03,129.12440490722656,130.09858639046215,124.12060480692013,124.87339307843342,77677
2016-10-04,124.60769653320312,128.46017878068926,123.98776043375304,127.79595863550843,24116
2016-10-05,130.27569580078125,134.3052865622999,125.36046480646434,128.19446760520836,76466
2016-10-06,127.39739990234375,132.35690106900833,126.64461183912262,128.77011040860882,73485
2016-10-07,125.05050659179688,129.25723406452315,124.51913859813467,129.25723406452315,35294
2016-10-10,133.02114868164062,134.6152796965553,125.80329534019022,125.80329534019022,112922
2016-10-13,139.530517578125,141.03608057066612,131.6927142885406,132.79974788799638,157770
2016-10-14,148.65248107910156,151.6636071439675,138.1577968727529,142.23168603213068,387416
2016-10-17,143.60438537597656,150.46799332266764,142.010267889555,149.18383711923113,68352
2016-10-18,147.36830139160156,150.51227938956953,144.3128914834441,145.15423428227106,74886
2016-10-19,159.1471405029297,162.42395710939803,146.17271269766718,146.61552611782759,704900
2016-10-20,163.88523864746094,165.9664534761883,156.13600430800406,160.29844747905102,808003
2016-10-21,159.10287475585938,164.54948855837733,157.28735033528142,162.9553573597478,130568
2016-10-24,161.00697326660156,163.79669259865696,158.6157833371835,161.18409594404102,115441
2016-10-25,162.86676025390625,167.25062364778034,161.0069521147282,162.7782056836172,194361
2016-10-26,156.53453063964844,163.35385402420187,154.8518451923818,162.15826600017303,62430
2016-10-27,154.49758911132812,159.41282044441607,151.88499281231864,157.64156688392254,54781
2016-10-28,155.1618194580078,158.43863605891184,154.1433539988056,156.7559504705969,48689
2016-11-01,160.2984619140625,161.18408877546617,156.44597966151917,158.66004681502835,73275
2016-11-02,155.73748779296875,159.36854978881544,154.7190088019827,156.80023731581184,18679
2016-11-03,151.26504516601562,159.19140153851114,148.9181262702278,157.11017335913587,33837
2016-11-04,147.89964294433594,153.83333849148062,145.33133119684615,152.50489858479494,35912
2016-11-07,147.36830139160156,154.0990708094036,146.12842921581375,152.41638521174968,29869
2016-11-08,146.6597900390625,150.2908514779963,145.64131120428533,147.36828060323114,21771
2016-11-09,149.18382263183594,152.32780028224005,131.60413983532547,132.84401187404654,82297
2016-11-10,150.11373901367188,154.14334356012017,146.12841850888412,149.49380297120112,20143
2016-11-11,146.0841522216797,150.55657070110786,144.44575058985336,150.55657070110786,23132
2016-11-15,142.23167419433594,144.93282521288958,136.47509980375162,144.93282521288958,42333
2016-11-16,138.60061645507812,141.47890401724428,134.57101116532655,141.3903359175859,17654
2016-11-17,136.34225463867188,140.7261049651177,133.2868446240941,136.6522294502119,411312
2016-11-18,135.2794952392578,137.18358747548623,134.8809658774417,135.19092715281303,8824
2016-11-21,123.23497772216797,132.04697618751447,122.2165121926667,131.95840809208215,49899
2016-11-22,127.48596954345703,128.41588034522707,123.27924242869959,124.91765734198925,8846
2016-11-23,133.46397399902344,136.38654553462717,127.4859922953953,127.4859922953953,18596
2016-11-24,132.09124755859375,135.05810309765195,129.52293493791214,133.86250136971051,10849
2016-11-25,133.77394104003906,134.39387714457703,130.18714952390658,131.29418310829357,10194
2016-11-28,133.10971069335938,135.72230704967208,132.8440199507394,132.8440199507394,3792
2016-11-29,136.829345703125,139.92903961872977,131.2941779966879,135.32378278969273,22003
2016-11-30,139.3533935546875,140.28329095834528,135.54519530673983,135.54519530673983,8013
2016-12-01,137.71499633789062,140.2833091921302,135.50092887265123,137.7592803899145,11202
2016-12-02,133.99534606933594,138.7334416426829,131.95840159699915,133.72965530971055,10259
2016-12-05,134.17247009277344,136.29796916405323,131.7812802591853,131.7812802591853,3294
2016-12-06,135.5894775390625,136.8736337820901,132.9325969616564,132.9325969616564,3570
2016-12-07,136.91790771484375,138.15777982061744,133.28683245514696,133.28683245514696,5776
2016-12-08,140.2832794189453,141.47888100186285,135.01380267276812,135.01380267276812,9775
2016-12-09,143.072998046875,144.18003143703407,136.60792034562786,139.92902051610503,16465
2016-12-12,141.65602111816406,143.16158415783661,138.33492021583015,141.70030516624735,3377
2016-12-13,140.8146514892578,142.49733688778085,138.37917795721089,138.37917795721089,5215
2016-12-14,137.2721405029297,142.14308742400138,135.7665777936803,139.486207285235,12820
2016-12-15,136.51937866210938,139.39766603297883,133.81822747878385,133.81822747878385,3906
2016-12-16,138.60061645507812,139.66336608300514,133.95107500850202,133.95107500850202,6709
2016-12-19,135.1466522216797,137.27215109120337,133.95105066157748,135.32377487520796,7560
2016-12-20,137.4935302734375,138.9548087646276,132.84399060235506,132.84399060235506,9963
2016-12-21,135.63375854492188,138.15780069380415,134.6152929837066,134.6152929837066,1950
2016-12-22,134.52670288085938,137.18358322884416,132.09122922854,133.10970813675618,8835
2016-12-23,133.55252075195312,134.61527018225246,132.84401662722283,132.84401662722283,4314
2016-12-26,128.68157958984375,132.9325910266174,128.41588884124675,132.84402293922076,5517
2016-12-27,131.60415649414062,132.4012152608421,129.3015212580799,129.3015212580799,4017
2016-12-28,133.7296600341797,135.14666845984695,127.79596258968652,127.79596258968652,3689
2016-12-29,138.42347717285156,142.49735251039382,131.5598691936863,131.5598691936863,21591
2016-12-30,138.0249481201172,141.1689125844247,136.386533064233,136.386533064233,6496
2017-01-02,135.19091796875,140.5046784682267,134.6152659867434,135.50089273665617,11618
2017-01-03,134.12818908691406,137.27216723270445,133.06543952718607,135.05810001927372,15120
2017-01-04,135.2794952392578,137.13931694585654,134.9695204502938,137.13931694585654,5411
2017-01-05,134.3052978515625,137.095030359715,133.33111648670314,135.9437128252517,9696
2017-01-06,145.72988891601562,149.5823572893422,134.6595541991137,136.38652371223196,120417
2017-01-09,142.76304626464844,145.68561758766683,142.14311016912174,143.11730511465896,12425
2017-01-10,145.5084991455078,146.83693946604453,140.19473786336093,141.78886895072372,12074
2017-01-11,141.87741088867188,145.24279543687905,141.25747483037932,144.35716863543468,18383
2017-01-12,140.1504364013672,144.357163560334,138.1577761681724,143.4715367900252,25599
2017-01-13,138.73341369628906,142.58589515083165,137.3607031563306,139.5304858146034,6750
2017-01-16,143.3386993408203,148.78529861689475,140.8146576195611,143.9143513407464,29405
2017-01-17,142.18739318847656,143.87007879470502,141.70029571922308,141.7888638094849,4922
2017-01-18,140.1504364013672,143.82578209271188,139.0434029384812,141.74456729064144,7286
2017-01-19,138.99913024902344,141.21319735561377,138.33491011704632,141.21319735561377,3974
2017-01-20,138.95484924316406,140.59326434331092,137.27216361079175,139.13198542643988,7280
2017-01-23,135.45663452148438,138.06923122910484,134.65957570003894,135.05810511076166,9826
2017-01-24,135.81088256835938,138.06922022025262,134.96952625174774,135.58947585632333,7209
2017-01-25,133.50823974609375,138.06921234856642,132.84401964785448,135.8551453544355,19693
2017-01-27,135.5894775390625,137.80354468690092,133.81822382079176,134.92525739471097,7972
2017-01-30,134.48245239257812,140.6375567465641,133.81823220660277,136.3422608051525,28809
2017-01-31,130.6742706298828,136.07658739028298,129.74435954814956,134.70387630832954,14454
2017-02-01,134.2167510986328,135.3237846551811,129.52292611614945,132.31264527321383,11439
2017-02-02,133.90675354003906,135.41231621835718,132.97684280785728,134.17244425117542,7009
2017-02-03,134.17247009277344,135.23521962841335,132.8440297948252,134.96952886610498,7518
2017-02-06,134.03965759277344,135.50093679988274,133.2868692051134,134.615309761975,11071
2017-02-07,135.8551483154297,139.04341026190409,133.19826786456528,135.27949628984618,17655
2017-02-08,139.13197326660156,143.47153910572038,134.0838897834894,135.89942739464445,28895
2017-02-09,140.0176239013672,140.81468273784165,134.70386228861844,139.5305263841463,25635
2017-02-10,140.1061553955078,141.78885440370513,138.37918585870958,140.85894357201613,10205
2017-02-13,138.60061645507812,141.61174265313716,137.62642141321479,141.61174265313716,9543
2017-02-14,141.83311462402344,143.29440682864163,137.71495575760866,139.04339584530263,30712
2017-02-15,137.31643676757812,143.60437888103186,135.50089914171897,143.02872687181446,23420
2017-02-16,137.2721405029297,140.8146473546182,135.05807372062438,138.68914864904158,7890
2017-02-17,137.2721405029297,139.92902064169607,136.6079204682381,137.2721405029297,6421
2017-02-20,139.84046936035156,141.56745246884006,137.27215698984958,137.3164410335326,12663
2017-02-21,140.94749450683594,141.6117145818231,138.6005889806515,139.66333839791253,15209
2017-02-22,137.67068481445312,139.9290358810751,136.56365130273576,138.7777183261705,12728
2017-02-23,136.34225463867188,138.86629663665863,135.85515715493486,136.60794540376423,3251
2017-02-27,133.50823974609375,137.2721536361163,132.84401964785448,136.38652683846394,12745
2017-02-28,134.3052978515625,135.2794927300143,132.97685766108773,133.64107775632513,5343
2017-03-01,143.95863342285156,147.2797337932022,139.0434021720142,140.81465570286787,224288
2017-03-02,138.86630249023438,145.41993623293197,137.27217134607722,145.15424545664007,28436
2017-03-03,136.7850341796875,140.28325676467097,136.38650488760413,136.6521955868565,13371
2017-03-06,137.36073303222656,142.14311272791525,136.60794478679705,142.14311272791525,7768
2017-03-07,134.6595458984375,138.1577687506228,134.172448498201,137.44926466969622,18208
2017-03-08,134.2610321044922,137.80353940525882,133.72965060394003,134.61527742913168,7624
2017-03-09,134.48245239257812,135.32379525876138,133.0211598752758,134.65957507278603,52015
2017-03-10,133.24253845214844,134.6595466216115,133.0211317702693,134.1724492187591,16060
2017-03-14,132.79974365234375,137.2721619542159,132.2240916044247,136.74078043798806,56513
2017-03-15,132.62261962890625,134.61528002399834,132.04696758687248,134.57099597916653,11217
2017-03-16,132.4897918701172,134.1281935544717,128.41590265627354,132.8440372306278,57495
2017-03-17,132.04696655273438,135.50090580507353,130.6742422552585,133.64108404544902,17742
2017-03-20,131.42703247070312,133.10973176460567,130.18716016032832,133.10973176460567,15837
2017-03-21,126.73320770263672,132.84402756519853,126.37894885430687,132.75545947471775,46311
2017-03-22,127.04315185546875,133.64106829850502,125.75899579827508,129.30150272217017,119521
2017-03-23,126.95460510253906,128.4158838931274,124.91766079323995,126.77746893457125,81585
2017-03-24,125.75900268554688,129.30150980344962,125.36047333750126,127.53025624449825,55553
2017-03-27,125.4047622680664,128.23876537015306,124.91766481764698,125.84757567506722,23714
2017-03-28,125.62616729736328,127.4859754738256,125.3161925111566,127.4859754738256,16877
2017-03-29,124.96195220947266,127.13173525919831,124.47485474600124,126.64463779572688,32123
2017-03-30,124.82909393310547,126.15753412433452,124.43056457845523,124.82909393310547,19676
2017-03-31,123.10212707519531,125.75900751566715,122.3493388782912,125.75900751566715,37439
2017-04-03,128.81442260742188,130.18714692740224,124.43057240340147,124.43057240340147,52815
2017-04-05,128.0616455078125,130.80708058304091,126.73320525778786,130.1871445024147,57699
2017-04-06,126.20182037353516,129.3015142072711,125.49331622310555,128.41588739763228,38632
2017-04-07,127.84021759033203,134.26101106688552,124.8733627853848,125.75898947180598,265859
2017-04-10,129.2572479248047,130.0985908068487,126.82177386364887,128.7701504098546,200345
2017-04-11,128.01736450195312,129.30152073807147,127.57455107476795,129.30152073807147,116468
2017-04-12,125.75900268554688,128.15019228741278,125.49331194898573,126.73319754840702,69612
2017-04-13,125.7146987915039,127.53023610544527,124.87335618658183,127.35311348023906,300148
2017-04-17,126.95460510253906,128.81441324387035,126.11324884546886,127.53025710765753,108221
2017-04-18,126.77747344970703,129.5672060314478,126.06898280697236,128.23876580593108,74920
2017-04-19,126.51181030273438,127.97308930808097,126.20183547682726,126.64464893464068,18229
2017-04-20,126.91031646728516,128.15018851663135,126.20181236183369,128.0616339494448,81748
2017-04-21,123.98774719238281,127.61882233702511,123.54493380955287,126.60034344836104,69380
2017-04-24,124.56341552734375,125.49332645600933,123.98776345957609,124.69626766777813,34001
2017-04-25,123.27925872802734,127.88451579139969,122.92501338222706,124.29773774599218,46776
2017-04-26,123.01354217529297,124.69624099909463,122.305051632209,123.98773694241976,34439
2017-04-27,122.39363861083984,123.98776978218686,122.30508402629496,123.27926553785547,12990
2017-04-28,119.42678833007812,123.5449478530766,118.98397489691298,123.1907025119819,108653
2017-05-02,122.12792205810547,123.45636216829628,120.4895206970251,120.4895206970251,52748
2017-05-03,119.16108703613281,123.76634363132408,118.67398959998158,123.76634363132408,46315
2017-05-04,120.04670715332031,120.88804985250587,119.11679637481349,119.6038937838972,33319
2017-05-05,119.51532745361328,121.99508506139077,118.76255282273254,119.55961149392198,54959
2017-05-08,120.31240844726562,120.84377642909963,118.85111609163836,120.71093781203933,16001
2017-05-09,119.91386413574219,121.55227913239918,119.5596188187533,120.88805902785056,14932
2017-05-10,119.38250732421875,121.33088377704374,118.45259638817225,119.60391404643963,39188
2017-05-11,120.66666412353516,121.3308842930225,118.76257170977567,119.47106241302035,22386
2017-05-12,120.48953247070312,122.12793399188048,119.20537627475521,120.4452484266512,33927
2017-05-15,119.07252502441406,121.19803753231045,118.85111831610776,120.44524931863178,44858
2017-05-16,115.04291534423828,120.88805760069803,113.44879792301514,120.35667611789535,101968
2017-05-17,116.7699203491211,119.11682639306315,115.13150506392721,117.34557246900273,41229
2017-05-18,115.39718627929688,118.14262152561017,114.42299129646688,116.4156517956787,30752
2017-05-19,113.49308013916016,118.4968801577884,112.38605328744559,116.54850370952694,79277
2017-05-22,111.19046020507812,115.48574256993197,110.70336270645093,113.0059912993857,46061
2017-05-23,114.55583953857422,116.90274530787835,107.78078596371158,111.58898415752024,155948
2017-05-24,111.8989486694336,114.95436528838474,111.58898063015357,114.3344292098247,155483
2017-05-25,111.3675765991211,113.2716756815986,110.88047912797684,112.29748749610677,37096
2017-05-26,110.08341979980469,113.58164314321228,109.3749156193896,112.51889362938624,53533
2017-05-29,110.57050323486328,115.04291446440931,109.0206563543996,109.0206563543996,392932
2017-05-30,110.79190063476562,119.07250906414404,108.04645917112086,111.05759135183908,566060
2017-05-31,110.08341979980469,113.75876580991773,109.86201308802455,110.96904664692525,66763
2017-06-01,110.6590576171875,111.41184574588877,110.08340564600995,110.08340564600995,60223
2017-06-02,109.2420654296875,111.8103845245817,108.53356803727289,111.10188037537077,115926
2017-06-05,107.86934661865234,110.65906562483433,107.60365587673203,110.65906562483433,66846
2017-06-06,107.69221496582031,109.3306231554708,106.71802686036294,108.48928041821128,162076
2017-06-07,107.69221496582031,110.70334736552172,107.20512429148967,110.70334736552172,27703
2017-06-08,107.60366821289062,108.5778564502899,107.33797744051036,108.44501106409977,22729
2017-06-09,107.07228088378906,108.84353447406913,106.71802881437381,108.79925043159363,31316
2017-06-12,104.37112426757812,107.55937961734881,103.8840335478724,107.55937961734881,56733
2017-06-13,101.97992706298828,105.38958888131876,100.74004819537822,105.38958888131876,124273
2017-06-14,109.95057678222656,111.76610780372866,98.74739557423837,98.74739557423837,199968
2017-06-15,111.8989486694336,115.53001732270627,108.93210013895944,109.59632026175798,123738
2017-06-16,109.1092300415039,112.91742836760058,108.26788719952292,111.94324014088656,68381
2017-06-19,108.31217956542969,109.24208381638674,107.69223664132751,108.88783168215657,29256
2017-06-20,113.27167510986328,115.48573547109841,108.04647535994906,108.04647535994906,175580
2017-06-21,118.71827697753906,125.31619403123538,111.76610109051047,113.31594801315826,1036425
2017-06-22,118.3640365600586,121.68513762530822,117.12416423447,119.47107024847513,169993
2017-06-23,115.97283172607422,120.13527516169333,114.60010742454209,117.78836944657844,79609
2017-06-27,116.23851013183594,119.02822896956333,109.02065081800467,116.45991681780133,84537
2017-06-28,114.60010528564453,120.35667962484105,114.02445325716202,116.23852031069914,56171
2017-06-29,117.96548461914062,119.47104744530476,114.24585483873739,116.19423105574934,94646
2017-06-30,115.75142669677734,117.34555773093511,115.53001998407746,116.90274430553536,21517
2017-07-03,114.86579132080078,116.90273562917919,114.24585527397056,114.9986434467166,37489
2017-07-04,113.49308013916016,116.28281294076541,112.8731440211125,115.88428354442006,43558
2017-07-05,116.45993041992188,119.47105629530385,113.58164316619757,113.58164316619757,147839
2017-07-06,124.65199279785156,128.32733922268778,116.81418891098569,116.81418891098569,1014336
2017-07-07,123.19071197509766,127.26458776500299,122.21651694186238,125.18337257741064,153974
2017-07-10,121.33086395263672,128.41587790607537,120.0467078762943,123.27924008711402,27798
2017-07-11,117.5226821899414,125.58189206051225,116.45993265549966,122.21650727345211,178937
2017-07-12,119.60388946533203,122.92498961608953,117.83263605159469,119.51532138920871,159133
2017-07-13,120.57809448242188,124.87339026212393,119.73675164791356,120.53382394923231,190374
2017-07-14,117.03558349609375,121.9065311991465,115.79571130439041,120.88806572121828,117232
2017-07-17,117.0798568725586,120.44524131798543,116.14994605672337,120.44524131798543,25084
2017-07-18,113.84732818603516,117.61124209738557,113.09453999832806,116.72561529471488,65599
2017-07-19,117.3455581665039,119.11681187467755,114.24586417720003,114.29014822262305,51844
2017-07-20,116.5484848022461,118.98395834587242,116.37134864274539,118.541144974304,15198
2017-07-21,115.97283172607422,120.00243654143894,115.61858639633378,117.12414931812029,57564
2017-07-24,115.08720397949219,118.62971130330014,114.3344292813388,115.26432664296398,59107
2017-07-25,114.15728759765625,117.52267209565598,113.4487969779446,116.3270840396983,35104
2017-07-26,113.89161682128906,116.59276786747793,112.91742189363225,115.13148898958582,96799
2017-07-27,112.47460174560547,115.92854080322257,111.81038165655661,113.93588053607603,32309
2017-07-28,111.76610565185547,113.9801727745689,111.41186031765862,111.81038969702838,35018
2017-07-31,110.8804702758789,113.53735061881655,110.2605342319119,113.53735061881655,35168
2017-08-01,110.43766021728516,112.20891383268217,109.81772415461472,110.70335096231324,26333
2017-08-02,109.1092300415039,110.43767037524039,108.66641659692507,109.8177342555488,30605
2017-08-03,107.7807846069336,109.77344501323365,107.60366194020335,109.77344501323365,18065
2017-08-04,107.73648834228516,108.48926967849111,107.16082964161163,107.82504966005136,19505
2017-08-07,113.00598907470703,115.92855373854441,106.31951015294818,106.31951015294818,54254
2017-08-08,108.09075927734375,113.80304973239923,107.78078447574818,113.36023630931597,32257
2017-08-09,108.04647827148438,110.0834227776819,107.16085140040663,108.04647827148438,20242
2017-08-10,105.61099243164062,110.61478503867086,104.76964970198958,110.61478503867086,36199
2017-08-11,94.54066467285156,104.9467799881303,84.48880144306928,104.50396657045887,159693
2017-08-14,95.69198608398438,98.30458264988883,94.54066844933001,98.30458264988883,54504
2017-08-16,97.10897827148438,98.30457307919646,95.20487933345603,98.30457307919646,24697
2017-08-17,98.21601104736328,100.07582593010333,97.19753890114018,97.684636331837,38265
2017-08-18,96.97613525390625,98.26029141984677,95.64769504494863,97.861762059878,29958
2017-08-21,93.96501159667969,98.12746203017146,93.43363681449691,96.93186032426404,50871
2017-08-22,94.62922668457031,95.64769890388769,93.74359984286765,95.64769890388769,21085
2017-08-23,94.18640899658203,95.02775851215998,93.07937549460812,94.05356362498591,16021
2017-08-24,95.07202911376953,96.17906253790936,93.74358900480173,94.6292157441136,15352
2017-08-28,97.33039093017578,99.36732860522685,95.11632383329642,95.11632383329642,23129
2017-08-29,95.60342407226562,98.21602756113975,94.85064253563307,97.33040063409032,13409
2017-08-30,97.50750732421875,98.21601145237283,95.91338317106627,97.24182334375807,15329
2017-08-31,97.37467193603516,97.86176941866579,96.53332910981513,97.50751731827958,42607
2017-09-01,96.04622650146484,99.19020443401148,94.31925689484127,97.41895078340413,86614
2017-09-04,97.10897827148438,97.95032101403832,92.63656030705474,96.04622207600997,42294
2017-09-05,96.71044921875,97.81748278012212,96.1347971722738,97.15326264329885,20620
2017-09-06,102.55560302734375,105.38960655121201,96.53333709312697,97.0647119092526,89024
2017-09-07,101.40428161621094,106.14238425303255,101.00575220777438,102.73272198672899,34027
2017-09-08,100.65149688720703,104.45968844073244,99.27877251198,101.40427838851346,16940
2017-09-11,101.80280303955078,104.10543823994153,100.51864681816076,104.10543823994153,27579
2017-09-12,100.0758285522461,103.52977442885985,99.41160845123561,103.52977442885985,16762
2017-09-13,106.45233917236328,110.57050516364875,100.43008095730166,100.96145568851352,260989
2017-09-14,105.03533935546875,107.51509715075998,104.54824865921982,106.36377958363268,36269
2017-09-15,104.99105072021484,107.1608334889674,102.02419579256309,105.0353280022899,33286
2017-09-18,105.34530639648438,107.95790954129482,103.61833681888811,107.95790954129482,32179
2017-09-19,108.08097076416016,112.56565834773527,106.28709573073012,107.49796000967736,162515
2017-09-20,106.3319320678711,108.93304506711402,105.92830612988939,108.08095726985711,38615
2017-09-21,105.47984313964844,108.97790057614256,104.53806291953559,107.99127074612875,31454
2017-09-22,102.7890396118164,105.83862858369342,102.25087846221228,105.83862858369342,22587
2017-09-25,100.45700073242188,105.74893338962283,97.76618821280343,103.14781325204032,21862
2017-09-26,99.38067626953125,101.39878561472678,98.34919679114667,99.69460302127702,28086
2017-09-27,95.88262176513672,102.96842950543386,94.2681315001763,101.35393924047344,33282
2017-09-28,97.9007339477539,99.470374644167,97.49710794853632,99.470374644167,20304
2017-09-29,98.12496948242188,100.18792174459091,97.31772431762076,97.99042748110662,10587
2017-10-03,98.08011627197266,100.41215245127904,97.81103912229703,100.00853330522051,14770
2017-10-04,98.1697998046875,100.99515410164766,96.91409286656261,98.66311813258626,27217
2017-10-05,97.31771850585938,99.33582787579655,96.5104733892665,98.30434838476621,75100
2017-10-06,99.9188461303711,103.59628877901679,97.09349143141617,99.51522012018293,51255
2017-10-09,100.2327651977539,103.32719682232775,99.38067731362199,99.64975445662101,41225
2017-10-10,103.7756576538086,104.85198667296613,98.6631170528512,100.86061101361072,128925
2017-10-11,102.38540649414062,108.43973399827797,101.8920881824937,104.94167673838075,177765
2017-10-12,105.07622528076172,105.83862075657673,103.14780836446037,103.2375007422463,38576
2017-10-13,104.71745300292969,106.82525475685459,103.68597351051409,106.64586999429972,19210
2017-10-16,103.1478042602539,106.10770051104483,102.29571644055719,104.94167911695398,34727
2017-10-17,101.48847198486328,104.35866903527204,101.17454525170756,102.69933615165793,25609
2017-10-18,101.04000854492188,102.56479952450542,100.50184742525063,101.26424291504239,9411
2017-10-19,102.87872314453125,103.32719187113005,98.6631198517383,98.6631198517383,19659
2017-10-23,103.7756576538086,105.83861647487674,102.60964310358315,102.8787202260554,39530
2017-10-24,103.7756576538086,104.76229429880871,102.69933547774058,103.14780419161717,30640
2017-10-25,102.96843719482422,105.56955070926286,102.25088439168141,105.56955070926286,39728
2017-10-26,101.84725189208984,103.95505356630682,101.35393354908405,103.95505356630682,24539
2017-10-27,101.84725189208984,103.19265808964406,101.53331830485536,101.53331830485536,18770
2017-10-30,100.54669189453125,102.96842723865915,99.56006201792655,102.25087450489754,37414
2017-10-31,105.56954193115234,107.4531161720103,100.05338173263728,100.54669325607473,129094
2017-11-01,106.9149398803711,110.95115835167337,106.3767787861487,109.3366750690062,190220
2017-11-02,105.03137969970703,109.3366824294961,104.49321856925592,109.3366824294961,38864
2017-11-03,105.25560760498047,106.73555575507635,104.49321214677641,106.73555575507635,33442
2017-11-06,105.74893188476562,107.63249925307646,104.58291040562129,105.83862426552518,16068
2017-11-07,102.74419403076172,107.18403194741438,102.38541765980925,105.97316768315366,34592
2017-11-08,102.25086975097656,104.94168211284436,101.53331705057593,102.51995372439922,25574
2017-11-09,102.25086975097656,104.62775537257772,101.44362467379827,102.34056212775421,15466
2017-11-10,101.26425170898438,103.3272039873891,100.90547531701688,101.93695487776449,23729
2017-11-13,100.2776107788086,103.14780791396117,99.56005807347557,102.2060208435978,85991
2017-11-14,100.14306640625,102.25086801871973,95.07536850863413,99.56005570243762,36474
2017-11-15,96.77955627441406,100.72608258821744,96.51047229091543,100.32245661296949,30286
2017-11-16,96.42076873779297,100.5915289401851,95.1650550321248,100.5915289401851,29368
2017-11-17,96.33108520507812,102.25087111132643,95.61353249513115,99.56005871365996,28389
2017-11-20,96.1517105102539,98.66313859350684,95.07538809919751,96.55533654671831,22245
2017-11-21,96.77955627441406,98.34919687761278,95.92746155539506,96.01716077862123,28142
2017-11-22,96.60016632080078,99.56006281747527,96.06200518770271,98.39404132652105,37031
2017-11-23,97.27286529541016,98.61827149226556,96.77955379575037,97.76618363815972,27333
2017-11-24,103.4168930053711,104.13443887535855,97.8558765867467,98.21465294328534,111562
2017-11-27,105.56954193115234,107.99127730807395,102.43026065384258,103.41689738689773,110521
2017-11-28,107.85672760009766,108.39488869767564,105.79376874244413,107.58764362976385,145071
2017-11-29,109.11244201660156,110.32330620387988,107.22887474271424,108.52943130625582,129957
2017-11-30,107.76703643798828,113.5522802775101,107.09433334766761,110.9511602929856,161556
2017-12-01,104.7623062133789,110.27846654693988,104.26898783477397,108.52944110114109,93644
2017-12-04,103.59628295898438,107.09434063530837,102.96842943586296,104.94168923117897,38496
2017-12-05,102.16117095947266,104.94167552352951,101.8023946318,104.80713354526611,32407
2017-12-06,103.19265747070312,104.4035216726213,101.39878255139035,102.83388111822262,23112
2017-12-07,103.2823486328125,105.61438463186201,102.25086919772627,105.61438463186201,28640
2017-12-08,103.37203979492188,105.74892537574407,102.92357107563805,103.77565890504148,22258
2017-12-11,103.19265747070312,104.7622980251018,102.69933913065621,104.35867206240258,48436
2017-12-12,100.77093505859375,103.14782099803618,95.97232040686845,102.43026820168316,44761
2017-12-13,100.05338287353516,101.30908992430567,98.66312698335186,99.56006450138233,25881
2017-12-14,98.3043441772461,101.53331766232441,96.51046925852594,101.30908329748439,41677
2017-12-15,99.20127868652344,100.81576880259519,98.70796720439952,100.81576880259519,15150
2017-12-18,101.30907440185547,102.96841403044205,96.42076841480564,98.84249660519765,20619
2017-12-19,105.70408630371094,106.73556582950488,100.90547189764116,102.07149342125001,68192
2017-12-20,106.15254974365234,108.97790418369958,105.70408100215563,105.70408100215563,80636
2017-12-21,105.70408630371094,107.58765374384885,104.22413801392747,107.58765374384885,33728
2017-12-22,106.95979309082031,108.9779023944207,104.04474631895309,107.04948546902902,77274
2017-12-26,116.37764739990234,119.20299521490739,110.32331892245078,112.11719402688088,415999
2017-12-27,121.08655548095703,125.52639311135626,120.18961803294994,123.82221743461452,523684
2017-12-28,117.4539566040039,120.63808729588966,115.16676336413221,119.29268111786858,130487
2017-12-29,118.12667083740234,120.99686821739357,116.87096376058764,118.39575483562855,74080
2018-01-01,123.3737564086914,127.36512556413423,117.76789700886155,119.24783841594457,511045
2018-01-02,120.50355529785156,125.0330785998052,117.94727801841776,124.22584034639438,114887
2018-01-03,124.71916198730469,125.57124987421513,122.70105261432623,122.70105261432623,136266
2018-01-04,121.893798828125,126.01971673668045,121.13141017701317,124.67431050817497,81244
2018-01-05,122.3871078491211,125.52638880956265,121.89378953238737,122.07318796478425,98731
2018-01-08,127.27542877197266,129.3383878077769,123.1943739998365,124.49493066821947,386927
2018-01-09,125.88519287109375,130.05594707880363,123.50830010932418,128.08268717070627,247585
2018-01-10,122.74590301513672,127.09604170201993,122.43196941396218,126.33365303459348,124517
2018-01-11,122.02835083007812,125.84033524312171,121.62473168828603,123.50829224537588,69017
2018-01-12,121.08655548095703,124.00160218698007,120.72778597622592,123.28404949133854,60468
2018-01-15,121.44532775878906,123.37375152774581,120.18962077737785,121.17625746718639,51805
2018-01-16,114.44923400878906,123.32891743255085,113.01413524728297,122.97014787449234,118005
2018-01-17,115.83946228027344,117.76788594434393,108.52942778415908,113.9559019106028,53375
2018-01-18,111.71355438232422,118.2163504435598,110.68207501778626,115.70492302060556,36759
2018-01-19,112.1171875,115.61523827552796,109.42637500000001,111.13055761861801,30432
2018-01-22,112.87957000732422,115.61522496143589,112.11717458873865,115.61522496143589,31852
2018-01-23,111.44448852539062,113.86621712834408,110.77178537533797,113.01412920884684,23967
2018-01-24,109.38152313232422,112.1620347994623,108.52943526213024,112.1620347994623,34919
2018-01-25,108.30520629882812,111.08571126169137,107.72219553812529,109.24699343866274,28239
2018-01-29,107.72220611572266,110.00939976957076,105.83863849419001,105.83863849419001,32569
2018-01-30,105.12106323242188,107.31856402450134,104.67259452094723,106.82524570464344,40421
2018-01-31,106.01800537109375,106.735558078606,103.14780822722429,104.49321442149244,29235
2018-02-01,107.58765411376953,109.20214440691903,104.94169113436983,106.55618142751933,81244
2018-02-02,101.84725189208984,106.28708960678283,100.99515719445164,105.83862087426476,60530
2018-02-05,101.84725189208984,103.86536118842116,97.81103329942721,101.4436259269697,33686
2018-02-06,99.73945617675781,101.66787334272385,95.20992550279503,98.6631338177999,30818
2018-02-07,102.07147979736328,104.94167676656346,99.5600523169961,102.29571414942859,20094
2018-02-08,105.56954193115234,106.28709467463062,100.63638563823699,104.67260442334955,21806
2018-02-09,105.30045318603516,105.65922951825581,102.20601501910753,103.37203638805231,17850
2018-02-12,105.65924835205078,107.45312348982351,104.71746116748385,104.71746116748385,26922
2018-02-14,103.91020965576172,109.78515311125145,103.37204851583743,105.47985030567682,180027
2018-02-15,100.8606185913086,105.7489320456781,99.69460395348,105.07622892432276,69161
2018-02-16,98.7079849243164,102.96843849440846,97.45227092451323,102.25088568220927,32148
2018-02-19,96.91410064697266,100.99516220969147,96.0171631373962,98.66312605341069,24920
2018-02-20,97.27286529541016,98.66312110272999,96.42077744130431,96.86924617358945,16633
2018-02-21,95.97232055664062,97.76619570723203,95.07538298134492,97.76619570723203,18180
2018-02-22,96.01716613769531,96.86925406118253,95.07537898597545,96.42078529238077,14737
2018-02-23,99.51520538330078,101.3539298568782,95.20990981381809,95.25475257958246,36502
2018-02-26,100.2776107788086,101.80240172377907,98.66312061335417,101.7575521135371,13882
2018-02-27,99.51520538330078,102.25086728923995,98.66311755979294,100.45699242451644,29487
2018-02-28,99.02190399169922,100.90547142297673,96.9589449498156,97.85588247357539,25990
2018-03-01,98.61827087402344,99.96367706244445,97.85587540253616,98.43888611946987,18813
2018-03-05,96.42076873779297,100.18790301170827,95.74806570008744,97.81102441962007,13913
2018-03-06,95.43414306640625,98.52857443497281,95.07536672899968,97.76617899491477,10725
2018-03-07,91.0840072631836,96.86925148992943,90.1422201364621,94.53721532267878,48884
2018-03-08,90.54583740234375,93.77481785950509,89.69374951914786,93.68511863551393,25597
2018-03-09,90.77007293701172,93.28150069290284,89.69375066625273,91.80155243829164,24448
2018-03-12,91.30824279785156,93.72997137852963,89.69375251533936,93.68512176503586,20600
2018-03-13,89.60404968261719,92.20516957086068,87.9895595883724,89.87312680293168,66754
2018-03-14,90.90460968017578,91.4876203944446,87.98956295192143,90.14221421217336,43413
2018-03-15,90.72522735595703,91.30823808583818,89.24527914720944,90.85976934640497,32114
2018-03-16,90.05253601074219,92.38457239182047,89.73860922074736,91.4427851787452,12035
2018-03-19,87.2271728515625,91.21854203401234,87.00293847405206,91.21854203401234,58176
2018-03-20,86.46478271484375,88.61743424145918,86.19569870785786,86.55447510280887,43187
2018-03-21,86.82354736328125,88.79680700391008,86.46477101686975,88.34833828166809,37153
2018-03-22,87.98957061767578,89.4246693018413,86.10600316701539,87.22717508325256,45520
2018-03-23,89.783447265625,91.30824520442843,85.20906713539553,87.0029422329828,63228
2018-03-26,86.73384857177734,92.29486486083572,84.76058892142449,89.78343726666876,98145
2018-03-27,89.4695053100586,90.81491140494668,88.21379158621184,90.81491140494668,35380
2018-03-28,92.33971405029297,92.69849042342787,87.89987610663279,89.02104799574799,51908
2018-04-02,97.40740203857422,98.21464708183734,93.10210654631993,94.08873633560178,40190
2018-04-03,99.1115951538086,100.00853266651274,95.52384510299198,97.40741251105267,39066
2018-04-04,99.06675720214844,100.63639803414412,95.9723251563076,100.59155525908453,50434
2018-04-05,98.08011627197266,100.05338291837822,97.63164751275642,99.7394493124547,20619
2018-04-06,98.52857208251953,98.66311406122087,97.67648428922652,97.67648428922652,9989
2018-04-09,97.27286529541016,100.45699603187055,97.09348053973201,99.4703661894612,39246
2018-04-10,97.4970932006836,98.21464586202545,97.138323713102,97.4074008287882,6785
2018-04-11,96.10684967041016,98.66312004850343,95.65838094291696,98.03526656724884,22332
2018-04-12,94.98568725585938,97.54195788703957,94.76145286991216,97.54195788703957,15276
2018-04-13,94.04389953613281,99.5600667661168,93.72997276629916,96.42078538159961,496136
2018-04-16,93.37117767333984,95.7032134373742,92.47424031462747,93.2814853060864,18054
2018-04-17,95.83777618408203,96.42078696223923,93.10212075286812,93.41604752784802,175503
2018-04-18,93.28150939941406,97.76619735130896,92.65365582338507,96.51048335616025,26745
2018-04-19,93.68511962890625,94.67175635855072,93.01241650037962,93.05726611285077,125466
2018-04-20,92.5639419555664,93.999047347756,92.20517245060867,92.6536411748955,17126
2018-04-23,93.05726623535156,93.68511975223356,92.38456310593939,92.51910510043984,24635
2018-04-24,91.30824279785156,94.13359052761255,90.90461680567839,93.28150261595293,32528
2018-04-25,90.45613861083984,91.71185238373381,90.14221187838874,91.71185238373381,16245
2018-04-26,89.82829284667969,90.63553797296376,89.73860046444592,90.4113035958343,13167
2018-04-27,90.5906753540039,91.93608142361782,90.1422066641326,90.5906753540039,17023
2018-04-30,89.96282958984375,91.4876205280758,89.33496926467959,90.94945942299917,23380
2018-05-02,88.88651275634766,91.35309109987597,88.34835157728688,90.14222673621656,26221
2018-05-03,88.12409973144531,89.02103713329208,87.18231272227048,88.7968027828304,8232
2018-05-04,89.87313842773438,93.2815038039614,87.49625943027878,87.89987858450209,330776
2018-05-07,89.91797637939453,91.48761686482037,88.8864969774968,89.64889241608576,18147
2018-05-08,89.82829284667969,91.03915711456074,88.79681334326614,89.73860046444592,221009
2018-05-09,89.15558624267578,91.03915356858016,88.84165949554003,89.69374735820705,329951
2018-05-10,89.29013061523438,90.59068724940064,89.15558862198854,89.15558862198854,15562
2018-05-11,89.64888763427734,90.59067461253437,88.34833118153105,89.3349609225547,24364
2018-05-14,87.85502624511719,90.59068838404978,87.09263073129519,89.3349745031776,11826
2018-05-15,89.783447265625,92.92272868640272,88.12411416897486,89.2452861049669,3746444
2018-05-16,88.93135070800781,90.5009912661917,88.34833998920728,90.5009912661917,321398
2018-05-17,88.34834289550781,89.69374913249524,88.07925891087433,88.79681164117028,6140
2018-05-18,87.27201843261719,88.79680939201177,87.09262683304206,88.75195978134552,14581
2018-05-21,86.7786865234375,88.97618024080067,86.37506746288958,87.54108188396623,15055
2018-05-22,88.39320373535156,89.87314530955356,85.29876489135907,86.77871330865193,156592
2018-05-23,86.24054718017578,88.61743306674113,85.11937523774783,88.39319867825553,19101
2018-05-24,86.33023834228516,86.8683994983982,85.20906641576197,86.06115434268344,5998
2018-05-25,91.17369842529297,93.28150018587502,85.11937028822896,86.01630779001623,42451
2018-05-28,94.76144409179688,95.52383956477573,90.54583392064305,91.48762099161618,40044
2018-05-29,89.87313842773438,92.47425865242444,88.39319696685533,92.47425865242444,23566
2018-05-30,88.93135070800781,90.09736530251912,88.70711634255296,90.09736530251912,8666
2018-05-31,86.15084838867188,90.09736785814907,85.52298804173508,88.93135323056352,21463
2018-06-01,85.52298736572266,87.45140431670909,85.02967585748235,86.33023246649488,31873
2018-06-04,80.99344635009766,86.10598656516896,80.45527845959415,85.43328354512859,24726
2018-06-05,78.97534942626953,82.60794218686168,77.13662481836323,80.9934587965174,12953
2018-06-06,78.88563537597656,80.05165664132093,78.12324001467697,78.12324001467697,9576
2018-06-07,84.93997955322266,86.10600105474168,78.1232558383403,79.10988573180786,29211
2018-06-08,85.97146606445312,87.4514144467861,82.0697889423685,84.71575207813754,19896
2018-06-11,89.82829284667969,90.4113035958343,84.31212580067694,85.97145882281693,31803
2018-06-12,90.09736633300781,91.12884579451558,88.79680973573053,90.05252356525781,12174
2018-06-13,89.3349838256836,92.38457304230002,88.12411943112599,89.91799463583084,25138
2018-06-14,87.13748168945312,89.60405987661007,86.64416331478564,88.97619950493416,13405
2018-06-15,87.98957061767578,90.14222206546923,87.22717508325256,87.27202469713816,29278
2018-06-18,87.00293731689453,89.20043145003368,86.10599981878221,87.94472442714847,23197
2018-06-19,85.25391387939453,86.91324692017147,85.20906426622886,86.37508577763438,15307
2018-06-20,85.61267852783203,87.00293433956618,84.40181431543542,87.00293433956618,3675
2018-06-21,85.16421508789062,85.92661745705851,82.518252131771,85.92661745705851,24627
2018-06-22,82.51824188232422,84.58120066661807,81.62130447055982,84.312116705853,40737
2018-06-25,82.29402160644531,82.6079483856447,80.05167769346316,82.6079483856447,20759
2018-06-26,80.09652709960938,82.15947938830666,79.64805831818512,82.15947938830666,10110
2018-06-27,79.0650405883789,81.17284230729851,78.16810310432035,80.14136283201319,15465
2018-06-28,76.95723724365234,79.06503891804229,76.23968453432863,79.06503891804229,12631
2018-06-29,79.60320281982422,83.41518718021017,77.13662470428036,77.13662470428036,40122
2018-07-02,76.82270812988281,82.96672942693493,76.68816611895068,79.78259815493512,11692
2018-07-03,75.56698608398438,78.25779864483842,75.25305932050277,77.13662674448257,165290
2018-07-04,76.1500015258789,77.13663149027593,75.29790672332962,76.19484429879795,43388
2018-07-05,74.84943389892578,76.68815856670871,74.44581474896869,75.3427522760647,6342
2018-07-06,77.7196273803711,78.39233043298293,74.49065409645219,74.49065409645219,27291
2018-07-09,79.10987854003906,79.51350448914418,77.71962963024906,77.71962963024906,8350
2018-07-10,78.16810607910156,79.96198111548672,77.58509532365835,78.97535121409292,9766
2018-07-11,77.58509063720703,79.78258468680531,76.68815317319307,78.033559369214,13924
2018-07-12,77.09176635742188,79.28926708086601,76.46391291820312,77.58508466187179,69703
2018-07-13,76.19483947753906,77.58509536878222,75.47729356842179,77.58509536878222,42894
2018-07-16,73.05554962158203,75.79121147108782,72.33800379634845,75.79121147108782,9447
2018-07-17,73.14524841308594,74.98396599497595,72.6519301010897,72.6519301010897,5312
2018-07-18,73.6385726928711,75.16337065870754,72.6519427403243,73.14526113814297,5091
2018-07-19,69.82658386230469,75.25305854105754,69.06418834657738,75.25305854105754,24955
2018-07-20,67.6739273071289,70.36473963493665,67.27030819519359,69.19872506540706,16029
2018-07-23,68.30178833007812,69.96112124745758,67.27030889178613,67.71877761773138,8395
2018-07-24,68.43633270263672,69.87143130708087,67.0460768664968,67.85332196996224,57092
2018-07-25,70.54414367675781,71.5756232863723,68.97450287524167,68.97450287524167,10473
2018-07-26,69.01934051513672,71.17199196570013,66.8218462937203,71.17199196570013,11334
2018-07-27,69.91627502441406,71.75499962709436,69.06418714107832,69.06418714107832,10605
2018-07-30,70.94774627685547,72.51738671148983,69.06417912391207,69.42295544901778,15944
2018-07-31,70.90291595458984,71.5756191160448,70.14051356380187,70.14051356380187,5580
2018-08-01,72.60708618164062,77.85417590781641,70.23020733696464,70.90291044615743,159211
2018-08-02,69.42296600341797,72.65193973409293,69.06418962376736,72.65193973409293,35086
2018-08-03,69.60234069824219,70.63382007429418,69.467798719959,69.96111702596757,32888
2018-08-06,69.96112823486328,71.66531093227931,69.51265946412698,70.27505500576062,28335
2018-08-07,70.09566497802734,71.4859139571969,69.06418551406938,70.40959172538241,21933
2018-08-08,69.87142944335938,71.30652800952431,69.06418436142606,70.18535618547519,17341
2018-08-09,70.85806274414062,71.30653149568582,69.28842211373245,69.333271726123,12532
2018-08-10,71.21684265136719,71.66531142518802,69.28842555531949,69.602352328376,10110
2018-08-13,68.7502670288086,70.76837658830537,68.16725623189139,70.45444980322401,17404
2018-08-14,63.41347885131836,69.55750623359238,62.292306970332604,69.3781146267806,98078
2018-08-16,62.426849365234375,64.71404275435727,62.33715698279802,63.99649000868612,55447
2018-08-17,62.96500778198242,65.70066980815875,62.561388656915675,63.00985739280755,48326
2018-08-20,62.69593048095703,65.29705051088807,61.8886853898626,63.54801833966849,48120
2018-08-21,62.785621643066406,63.23409036908831,62.247460540458064,62.29230330720644,72148
2018-08-23,62.96500778198242,65.29705068309201,62.78562302486161,64.40011321130828,33712
2018-08-24,62.74077224731445,63.548017325526324,62.60623710352057,62.78562185730556,41401
2018-08-27,62.65108108520508,63.00985744282132,62.292304727588835,62.7856230746974,67976
2018-08-28,62.157772064208984,63.50317832669758,61.88868807447522,62.78562558280095,25964
2018-08-29,62.33715057373047,62.606234536464356,61.88868186456694,62.56138492831223,25241
2018-08-30,62.74077224731445,63.23409058485774,62.337153129753375,62.65107987042196,24897
2018-08-31,62.29229736328125,64.48979801695708,61.8886782856107,62.785615652068834,35656
2018-09-03,60.40874099731445,65.02797062405503,60.094814231885344,62.382007660036486,147061
2018-09-04,59.42211151123047,62.11292410796543,58.839100746653166,60.94690257881083,146001
2018-09-05,56.50706481933594,60.81236773328338,56.05859605092851,59.96027296745506,617745
2018-09-06,58.21125030517578,58.97364587948637,56.50706753471698,56.641609540322534,60399
2018-09-07,60.40874099731445,60.81236698980067,57.17976727287598,57.40400165433824,40787
2018-09-10,57.628231048583984,63.32378247620743,56.776139788459375,60.005116655003434,166126
2018-09-11,57.17976379394531,58.570019611661486,56.50706069048713,56.95552942612592,16394
2018-09-12,55.2513542175293,57.71793259191087,54.80288542218719,56.731302610776396,128332
2018-09-14,55.924049377441406,58.30093501994961,55.34104208016884,55.430734457735426,66309
2018-09-17,53.95078659057617,56.68644500729754,53.36777590534528,55.61011943077996,255834
2018-09-18,54.498046875,56.732695518053724,54.27002157426779,54.72607217573222,145917
2018-09-19,54.68047332763672,55.36454929884304,54.270027049034866,54.31563141790389,25231
2018-09-21,52.5826416015625,55.45575862339733,51.077673057227344,54.68047390624913,64043
2018-09-24,51.807350158691406,52.58263830664915,50.6672235993919,52.58263830664915,27419
2018-09-25,51.305694580078125,51.9897705078125,50.165568033854164,51.07766927083333,29350
2018-09-26,52.17219161987305,55.638175635728956,51.30569474606154,52.719450972074995,22989
2018-09-27,52.26340103149414,52.53703071115209,51.62492945936549,51.98977135183619,16037
2018-09-28,50.712825775146484,53.49473724317381,48.61499369253751,53.49473724317381,45724
2018-10-01,52.217796325683594,52.765055681445624,49.25346727662732,51.21448634698983,79794
2018-10-03,59.87944793701172,60.97396664404505,51.62492891230292,51.62492891230292,163415
2018-10-04,60.65473937988281,66.4921893736127,55.729390730211314,58.784928841050714,145941
2018-10-05,57.188751220703125,61.430020105005745,55.13652333105629,60.198684762973755,20343
2018-10-08,56.231040954589844,57.46237619559663,54.95409786959837,56.55027498614272,29466
2018-10-09,54.81728744506836,56.00302193386972,54.72607870564843,55.364550319759076,15551
2018-10-10,56.73270034790039,57.91843131677522,54.81728557105005,54.81728557105005,15893
2018-10-11,55.72938919067383,56.45907302927525,54.72607913168248,54.90850009133284,14283
2018-10-12,55.86620330810547,56.9151211701362,54.99970639765272,56.231045211261446,34141
2018-10-15,56.13983154296875,57.46237905844594,55.18212592120602,55.227730288072785,7813
2018-10-16,57.00632858276367,58.37448046875,55.18212606811524,55.18212606811524,13459
2018-10-17,56.459068298339844,57.78161231635516,55.63817578839437,57.46237827325976,14423
2018-10-19,53.85957717895508,56.96072276672182,47.97652352299792,56.96072276672182,25424
2018-10-22,53.85957717895508,54.771678413075875,51.21448568763882,54.726074047247856,7545
2018-10-23,54.77168273925781,55.63817967599149,52.35461636555797,52.35461636555797,13084
2018-10-24,54.406837463378906,55.0909133569869,53.357919701424,53.81397029716267,9704
2018-10-25,53.49473190307617,53.81396590226596,52.947469145249855,53.58594062301907,4966
2018-10-26,55.273338317871094,55.6381802357634,52.44582563207206,53.038692878799466,26542
2018-10-29,55.77499008178711,56.55027471434063,54.498047002933106,54.54365136730861,7766
2018-10-30,57.781612396240234,63.84708705855943,56.18543521977625,56.27664743177969,9719
2018-10-31,56.459068298339844,57.78161231635516,55.68378015463799,57.23435296265159,6502
2018-11-01,56.1854362487793,57.55358813937674,55.638176884296385,56.55027814469469,10995
2018-11-02,57.59919738769531,58.46569082264933,55.77499482250326,55.77499482250326,19538
2018-11-05,57.14314270019531,58.146452648252286,56.732696456212,57.23435143024049,6151
2018-11-06,56.04862594604492,57.46238227437773,55.68378403191178,56.595885337854284,8507
2018-11-07,56.86951446533203,58.14645767264427,55.72938784429979,57.87282797947459,5735
2018-11-09,57.325565338134766,57.46238192495031,56.322255299455264,56.550280624554276,5851
2018-11-12,57.325565338134766,58.19206226938907,56.322255299455264,56.86951468793675,13000
2018-11-13,58.55690002441406,58.87614104288362,56.550279970271504,57.188751569039724,17663
2018-11-14,58.009639739990234,58.921741015646624,56.86951314541975,58.009639739990234,5445
2018-11-15,56.77830505371094,57.46238101821348,54.72607716020332,57.46238101821348,18326
2018-11-16,55.95741271972656,57.507985607772845,54.72607737064321,56.6414886868596,21317
2018-11-19,55.63817596435547,56.50467284328493,54.72607471903817,56.50467284328493,15774
2018-11-20,55.22772979736328,55.911805732457104,54.7716791739674,55.27333416382484,3234
2018-11-21,55.59257507324219,55.63817944248091,54.726078140145155,55.18212879131303,3686
2018-11-22,55.54697036743164,56.91512231264532,54.7260778085473,55.683783474318815,8225
2018-11-26,56.36785125732422,56.82390183946986,54.77167421981444,55.50135445536952,9402
2018-11-27,56.1854362487793,62.25091102218407,55.729385618580146,55.7749934651122,24164
2018-11-28,55.91180419921875,57.27995603188833,55.729383258984804,55.77499110358582,6335
2018-11-29,56.27664566040039,57.78161057749024,55.1821235065414,56.413458755014005,31886
2018-11-30,57.46237564086914,57.73600530518576,54.908492974930724,55.91180290388833,15575
2018-12-03,57.64480209350586,59.10416624183947,55.72938730120367,56.59588422062202,18514
2018-12-04,58.511295318603516,58.830529357469416,57.097535628051496,57.41677314630746,8279
2018-12-05,57.051937103271484,58.60251004948616,56.68709866141477,58.05525064700589,12543
2018-12-06,56.86951446533203,58.14645767264427,56.55028040319913,56.68709698947913,16566
2018-12-07,57.325565338134766,57.91843257514833,55.63817932415824,56.322255299455264,7441
2018-12-10,56.73270034790039,57.46238067648565,55.68378248347828,56.687095979749486,12064
2018-12-11,57.82722473144531,58.32887975854561,56.04862647228026,56.55028149938056,4317
2018-12-12,58.32887268066406,59.24097040510187,57.143141811565954,57.827217714436784,5095
2018-12-13,58.46569061279297,59.24097530846068,56.64148805414869,57.6448015490372,10521
2018-12-14,60.56352996826172,60.92837189361131,58.42009322515664,58.42009322515664,19782
2018-12-17,62.159706115722656,62.84378210314709,60.244294742690414,60.654737551632756,24210
2018-12-18,58.42008590698242,62.34211697653753,56.91511750267799,61.703648906241135,35370
2018-12-19,59.46900177001953,60.10747685307123,57.05193542104546,58.967350232029595,9698
2018-12-20,59.28658676147461,60.19868809626652,57.827226017563724,58.42009327693466,5432
2018-12-21,58.83053207397461,59.46900018118773,57.64480111564851,59.28658271020697,4921
2018-12-24,59.14976119995117,62.022881360618136,56.73269511691399,62.022881360618136,15491
2018-12-26,58.511295318603516,59.01294682002703,57.41677314630746,57.41677314630746,4780
2018-12-27,59.37778854370117,60.79154823043839,58.009636701870356,58.60250389175307,16474
2018-12-28,58.6937141418457,59.833840706212484,58.37448009557907,58.51129667505914,2404
2018-12-31,58.87614059448242,59.92505150278898,58.237665521186535,58.64811527375829,6586
2019-01-01,59.0129508972168,59.87945130118212,58.3744827753734,59.83384345300161,4155
2019-01-02,58.28327178955078,59.104164313670154,57.91842989452213,58.83053115270358,3173
2019-01-03,61.0651741027832,63.573452466297944,57.55358578561858,58.19205733766398,50151
2019-01-04,63.527854919433594,63.892696819604204,60.19868388839505,60.83715199460828,36953
2019-01-07,61.110782623291016,65.21523817261654,60.6547320066993,65.21523817261654,10958
2019-01-08,61.20199203491211,62.02288454565477,59.33218866137743,60.19868205901786,3531
2019-01-09,60.74594497680664,61.93167944619175,60.60912839052673,60.79155282516017,4219
2019-01-10,61.29319763183594,62.75256511351098,59.28657778270257,60.74593830559774,2514
2019-01-11,61.20199203491211,61.61244176967356,60.38109952416946,61.61244176967356,4546
2019-01-14,62.934993743896484,63.84709510250368,60.1986896680749,60.3355062636222,22845
2019-01-15,62.706966400146484,63.39104239723899,61.38442225594666,62.296523585403335,7992
2019-01-16,62.52454376220703,63.847087797354384,60.01626531302525,62.342119336089254,8675
2019-01-17,61.338809967041016,62.706961862216644,61.20199338576737,62.068493761313505,7182
2019-01-18,61.01957702636719,61.47562766638671,60.654735122595476,61.06517791510083,4759
2019-01-21,60.153072357177734,61.84046517227266,59.742629593861686,60.83714826855783,17553
2019-01-22,57.64480209350586,60.5179190628737,56.09422920813465,60.06186841890513,12392
2019-01-23,57.41677474975586,58.28327163866303,57.2343538027138,57.781613164449816,6473
2019-01-24,57.23435592651367,57.46238124893006,55.866203992015336,57.143147189303235,113573
2019-01-25,56.64148712158203,58.37448091551754,55.729385857277066,56.778303702983855,6556
2019-01-28,54.31562805175781,57.325561442650546,53.76836870046463,56.18543489463132,12740
2019-01-29,53.8139762878418,55.31894481307147,53.631555333360886,54.042001611095365,31515
2019-01-30,52.673851013183594,54.0876073574862,51.989775025999386,53.5859523294292,20564
2019-01-31,52.44581985473633,54.634864162168284,51.98976924730384,52.99307919189931,8059
2019-02-01,52.17219161987305,52.810663183702054,51.07766943607904,52.126587253754565,10884
2019-02-04,49.755123138427734,51.94416755864089,49.20786377306954,51.57932566214197,45052
2019-02-05,51.761749267578125,57.18875275010095,48.88862875348064,49.16226192959687,36244
2019-02-06,50.43920135498047,52.263403960798136,49.93754633425868,52.263403960798136,6263
2019-02-07,50.94085693359375,54.63487003434271,49.344679636022356,50.576018496068805,33478
2019-02-08,51.89856719970703,54.133212680333145,51.57932964576726,51.57932964576726,17965
2019-02-11,49.25347137451172,51.94417096955294,48.56939538319905,51.94417096955294,18250
2019-02-12,47.88531494140625,50.393593343098956,47.429264322916666,48.79741617838542,31968
2019-02-14,46.51716232299805,47.748497580968454,45.7874820412604,46.79079199372591,15002
2019-02-15,45.46824645996094,46.790793984023324,45.14901241043114,46.01550930408513,23568
2019-02-18,45.60506057739258,49.52709509117034,44.14570003067201,45.149009971618646,9658
2019-02-19,45.833091735839844,47.38366468944783,45.559462033295006,45.96990832680748,4334
2019-02-20,45.33142852783203,46.19792532914976,44.6929570174195,45.65066254334339,33100
2019-02-21,45.5594596862793,46.061114695000256,44.92098809363887,44.96659246181527,7085
2019-02-22,46.28913879394531,47.24684441794201,45.057803488719586,45.28582880297547,7082
2019-02-25,46.0155143737793,47.3836664157387,45.14901738466023,45.87869777782713,15859
2019-02-26,46.471561431884766,46.973216445620125,44.69296322010458,45.01219727992064,7259
2019-02-27,46.19793701171875,47.61169347696483,45.833095062252994,45.87869943608854,8227
2019-02-28,46.97322082519531,47.38366713993437,45.605068762325544,45.605068762325544,2774
2019-03-01,50.21117401123047,50.8952499609186,46.83639863022433,47.42926584504346,37092
2019-03-05,53.54034423828125,54.17881581115557,49.25346765399956,49.25346765399956,28348
2019-03-06,53.63155746459961,56.27665271120928,52.58264302358508,53.81397842632966,51218
2019-03-07,54.81728744506836,56.36786037093981,53.038692670647094,54.31563241947799,52460
2019-03-08,52.673851013183594,54.406844905806395,52.03537939593359,54.406844905806395,13884
2019-03-11,53.12989807128906,53.768369645277005,52.17219245000223,52.49142649730112,15318
2019-03-12,54.361236572265625,55.59257542586342,53.12990119805819,53.7227684400931,33908
2019-03-13,54.45244598388672,54.72607566634038,53.084294092228205,53.81397440523471,12445
2019-03-14,53.90518569946289,54.72607826519698,53.81397696077703,54.361236351672865,5641
2019-03-15,53.76837158203125,54.68047286932816,52.94747903170791,53.813975950518035,24497
2019-03-18,52.85627365112305,54.042004704025246,50.84964999577059,53.76837499633866,26058
2019-03-19,53.31231689453125,55.63817430483914,52.856266285475186,52.901870650502794,142355
2019-03-20,53.221107482910156,54.27002533063653,52.90187343154485,53.585949381090686,5370
2019-03-22,54.90850067138672,56.13983607310125,52.67385172069142,52.67385172069142,73659
2019-03-25,54.498046875,55.63817337866109,53.90517970134025,54.908493112195984,493838
2019-03-26,54.726078033447266,55.273337422025605,54.68047366429746,55.18212868372599,23077
2019-03-27,53.63155746459961,54.86289634673464,53.35792776169975,54.81728849675929,190305
2019-03-28,53.49473190307617,54.31562082073119,52.71944386600296,53.12989006452529,7920
2019-04-01,54.90850067138672,55.68378540885284,53.35792771706404,53.49474430809474,12313
2019-04-02,55.77499008178711,57.87282215757014,54.58925573168412,55.638173509270615,28428
2019-04-03,53.49473190307617,56.55026925322864,52.67383950603151,55.683772496212534,17206
2019-04-04,54.54365921020508,55.13652647050565,53.58595350304994,53.99639980022799,6686
2019-04-05,54.90850067138672,55.63818103830609,53.40353208761079,53.8595827518592,6589
2019-04-08,53.221107482910156,54.7716803310921,52.40021843108927,54.726075963667085,12201
2019-04-09,54.08760452270508,54.726076106492194,52.99308230469719,53.221107621807576,3354
2019-04-10,53.85957717895508,54.63486531559181,53.58594750459686,54.543653104545676,5047
2019-04-11,52.76506042480469,53.859582714111866,52.44582635181071,53.859582714111866,15485
2019-04-12,52.17219161987305,53.266713803667045,50.484802238368516,53.266713803667045,12480
2019-04-15,52.217796325683594,52.62824258220018,51.89856228138743,52.26340069209874,11097
2019-04-16,51.67053985595703,52.7194542596526,51.16888135920011,52.7194542596526,14439
2019-04-18,51.032066345214844,52.81066450340221,50.75843666227606,52.81066450340221,9433
2019-04-22,50.621620178222656,51.48811707534955,50.43919922945012,51.48811707534955,6215
2019-04-23,49.61831283569336,51.07767354522947,49.071049960074525,50.621622888575644,12432
2019-04-24,49.39028549194336,51.168880196803556,48.614997319634064,49.663915178891834,10011
2019-04-25,49.16225814819336,49.800726231648,48.79741626102776,49.39028345782433,8797
2019-04-26,48.11334228515625,49.20786451169188,47.83971259836991,49.20786451169188,7762
2019-04-30,47.24684524536133,48.61499715485668,46.92761119156851,48.56939278708488,8154
2019-05-02,46.562767028808594,47.0188176431542,46.33474172163579,46.97321327759765,6370
2019-05-03,47.794105529785156,48.341364872434056,45.60506120040949,46.01550744709118,8429
2019-05-06,45.69627380371094,48.1133436439299,45.28583100163518,47.018821386483765,5568
2019-05-07,44.28251266479492,46.1523194331678,43.78085769953244,45.4682435316126,12270
2019-05-08,43.78086471557617,45.37704207499822,43.05118433286134,43.82646908711013,6605
2019-05-09,44.37372589111328,44.69295992741019,43.05117842187313,43.598437763922135,4470
2019-05-10,43.8720703125,44.78417159533277,43.09678561384826,44.2825165856528,5761
2019-05-13,44.23691177368164,44.82977899333243,42.868759863155404,43.59844018622468,7367
2019-05-14,44.64735794067383,44.875383258573706,43.096785083076625,43.78086103677625,16972
2019-05-15,47.29244613647461,47.79410458325615,43.8264622497629,44.00888318682983,12480
2019-05-16,46.97322082519531,47.474875885702765,45.42264779139812,47.429271512818566,117695
2019-05-17,47.24684524536133,48.25015873329206,46.289139604592634,46.79079460886288,5404
2019-05-20,47.33805847167969,50.1655710866242,46.517165916687894,50.1655710866242,8042
2019-05-21,47.24684524536133,48.25015873329206,46.653981505547485,46.653981505547485,8055
2019-05-22,46.927616119384766,47.65729651852716,46.653986404630196,47.018824864506094,7040
2019-05-23,47.155635833740234,48.11334146077816,45.65066736311622,47.42926551583819,14454
2019-05-24,50.028751373291016,51.07766918582744,46.699583951491675,47.24684330101236,17809
2019-05-27,50.849647521972656,51.44251475927645,48.47818553153814,49.93754622113009,6109
2019-05-28,54.133209228515625,58.83053218209816,52.719452949475034,58.28327280936962,190005
2019-05-29,55.22772979736328,59.195372308541536,54.72607480750584,58.05524575005183,74298
2019-05-30,56.59588623046875,57.00633252049439,53.129901909100774,56.1854399404431,48792
2019-05-31,57.50798797607422,57.59920019641578,54.90850058567236,55.77499754226979,63500
2019-06-03,59.195377349853516,59.74263675277929,55.18213013042973,57.507987811949924,83042
2019-06-04,59.240970611572266,59.46899591332394,57.553584770365894,58.42008509229022,48088
2019-06-06,59.332191467285156,60.83715302290829,58.3744823329972,59.240975771615396,42410
2019-06-07,59.697021484375,60.19867993400369,57.50798066531795,59.33218656695048,15763
2019-06-10,59.28658676147461,61.06518158080647,58.921744835801654,59.1041692780286,12975
2019-06-11,59.60581970214844,59.9706616208757,58.60250964473405,59.332193482188586,12485
2019-06-12,59.28658676147461,60.19868809626652,58.42009327693466,59.879454020845536,38575
2019-06-13,60.01626968383789,60.19868716446029,58.60250985328141,59.42340243364386,18697
2019-06-14,59.60581970214844,60.01626947025941,58.64811749411776,59.332193482188586,10549
2019-06-17,59.560218811035156,59.78824414039014,58.42009216426021,59.46900311226852,30633
2019-06-18,59.697021484375,59.970654631223375,58.83052811732179,59.74262932844306,37336
2019-06-19,55.273338317871094,59.74263615479513,53.44913568719032,59.60581956573791,79593
2019-06-20,56.59588623046875,57.46238318065834,53.85958226948502,53.85958226948502,215615
2019-06-21,57.46237564086914,57.690400941031314,54.81728076723188,56.55027444022042,20754
2019-06-24,55.54697036743164,57.46238169897467,55.273337194876646,56.778305726367826,256964
2019-06-25,55.273338317871094,56.23104748249081,54.908499879369174,55.18212957809321,4262
2019-06-26,57.41677474975586,57.644800063710896,54.908496296250476,54.908496296250476,11886
2019-06-27,57.553592681884766,57.964038977337154,55.866206608724376,55.866206608724376,6822
2019-06-28,54.77168273925781,57.553591027179316,54.54365741271686,57.27996133120825,300417
2019-07-01,54.361236572265625,56.504676733984596,54.04200250617936,55.13652477180284,19878
2019-07-02,53.44913101196289,54.99970380829009,53.17550133717341,53.540343223152774,8250
2019-07-03,53.12989807128906,54.27002463934248,52.354613396768805,52.99308149136659,13613
2019-07-04,52.40021896362305,54.178817146395836,52.08098142962318,52.90187396917685,19553
2019-07-05,51.579322814941406,53.1754999350817,51.30569314736678,51.98976905599834,4252
2019-07-08,49.89194107055664,51.53372269048154,49.52709916417765,51.48811832203173,13919
2019-07-09,47.155635833740234,49.89193961350013,46.74518957089821,47.42926551583819,69746
2019-07-10,46.83639907836914,51.442513300520716,46.061114386393854,46.061114386393854,19249
2019-07-11,48.386966705322266,49.48148881272597,47.29244459791855,47.42926116611522,11342
2019-07-12,45.46824645996094,48.386971190452705,44.69296178002274,48.3413668232899,37702
2019-07-15,42.95996856689453,46.51716492337966,42.41270919484616,45.605063650372216,29216
2019-07-16,40.86213684082031,43.78086164646254,39.81322245150798,42.77755162548721,125845
2019-07-17,42.95996856689453,43.3248104678536,40.6341110166036,40.67971538437592,21307
2019-07-18,41.45500564575195,43.00557858397955,40.72532528640673,42.914366364442394,12982
2019-07-19,41.77423858642578,43.598441175172674,40.04124821475042,41.04455824680508,21227
2019-07-22,41.68302917480469,43.78086142206736,39.67640566374855,39.67640566374855,7390
2019-07-23,41.5006103515625,42.321502937085846,40.22366710283517,41.135768429243136,10356
2019-07-24,41.45500564575195,42.36710696478108,40.31487899696554,40.31487899696554,11681
2019-07-25,40.26927185058594,42.139078729806464,39.67640464233521,41.50060715462648,14921
2019-07-26,40.08685302734375,41.36379276596783,39.44838141833653,39.44838141833653,9875
2019-07-29,40.26927185058594,42.73194245866703,39.722009009264454,39.722009009264454,6613
2019-07-30,37.16812515258789,40.13245415248754,36.575257960851935,39.76761226843617,24742
2019-07-31,37.80659484863281,38.7643003978789,36.48404743329779,36.94009802621401,9599
2019-08-01,36.666473388671875,38.399463791493076,36.4840524306406,36.52965680030083,19597
2019-08-02,36.62086486816406,38.080225408220095,36.1648142644728,36.575257024282955,8083
2019-08-05,36.80328369140625,37.760992778197654,36.25602433843126,36.62086622667466,4043
2019-08-06,37.760990142822266,38.764300046384506,36.75767675987016,36.84888896526028,10897
2019-08-07,36.666473388671875,37.98902098516067,36.4840524306406,37.304945002086164,5689
2019-08-08,36.666473388671875,37.031311825344055,36.4840524306406,36.666473388671875,6870
2019-08-09,38.53627395629883,38.76429924598107,37.168122218205376,37.57856843551137,11395
2019-08-13,38.26264953613281,41.04455775474289,37.39615262098796,41.04455775474289,1995
2019-08-14,36.119205474853516,37.98901568454092,35.02468683816514,37.98901568454092,27936
2019-08-16,35.57194900512695,37.25933493797306,35.29831932404247,35.57194900512695,8356
2019-08-19,36.529659271240234,37.806602584443816,35.84558324189345,35.84558324189345,16491
2019-08-20,36.484046936035156,37.396148109436034,36.484046936035156,36.52965129882723,10507
2019-08-21,35.43513870239258,36.66647770449554,34.6598538887428,36.529661100020505,17930
2019-08-22,35.66315460205078,36.0279964643316,34.70544906280095,34.75105342573859,13745
2019-08-23,34.796661376953125,36.848889030077466,33.74774362915585,35.02468667174472,7882
2019-08-26,36.02799987792969,38.30825303476068,34.75105671834825,38.30825303476068,7135
2019-08-27,36.119205474853516,36.84888920516562,33.47411413033676,36.84888920516562,12818
2019-08-28,35.84557342529297,35.98238998545025,34.84226358210512,35.57194378436807,4223
2019-08-29,35.57194900512695,36.07360400034686,34.659847748585236,35.57194900512695,8311
2019-08-30,35.34392166137695,36.027997564500374,34.295003884831715,35.298317297046715,15895
2019-09-03,36.575260162353516,37.396152711184406,33.337301294214384,34.84226980727426,10736
2019-09-04,35.29832077026367,36.48405175647091,34.842270123307785,36.11920984715008,4453
2019-09-05,35.43513870239258,36.48405672499243,34.705458263770886,34.88787924327401,3972
2019-09-06,36.71207809448242,39.17475235197796,34.93347982632507,35.25271737565046,19009
2019-09-09,37.350547790527344,37.66978184402467,36.894497154451045,37.031310257639795,7651
2019-09-11,36.30162811279297,38.17143493092942,35.57194782759217,38.17143493092942,39871
2019-09-12,36.34723663330078,37.16812922261157,35.20710997003049,36.52965759530212,56566
2019-09-13,36.529659271240234,36.84889683923644,36.02800421226405,36.529659271240234,10023
2019-09-16,36.02799987792969,36.94010114066208,35.70876582772942,36.484050509295884,21598
2019-09-17,36.77663040161133,37.43168561380567,36.44910458039602,36.58947125958956,20036
2019-09-18,36.542686462402344,37.33811201270901,36.49589756409351,36.7298456254018,7531
2019-09-19,29.243505477905273,35.60689155594469,29.243505477905273,34.296784652392844,703324
2019-09-20,28.120555877685547,29.851771865095596,27.278343225261803,29.851771865095596,353473
2019-09-23,31.489408493041992,32.28483042339396,29.337085393886557,29.337085393886557,121059
2019-09-24,31.676565170288086,33.220623758814654,31.068302370083693,32.75272764953557,41227
2019-09-25,25.54712677001953,31.676565067789028,25.359969397842708,31.676565067789028,391067
2019-09-26,26.670080184936523,27.88660944433165,25.78107679815245,26.389343212732154,172529
2019-09-27,27.512292861938477,28.307716662318906,26.202184018014194,26.202184018014194,97087
2019-09-30,28.35450553894043,28.68203319586777,26.670080138860023,27.652661324759904,67862
2019-10-01,25.687496185302734,28.775609681020445,25.547125929684885,28.728820785735792,84294
2019-10-03,25.827865600585938,26.52970976481446,24.09664963851252,26.155393234202315,28866
2019-10-04,25.313180923461914,28.4012965749261,25.17281243586858,25.54712899774486,97760
2019-10-07,22.833330154418945,26.623289773346166,22.78654125666808,26.623289773346166,136063
2019-10-09,23.067279815673828,23.722335138992015,22.13148751658051,23.722335138992015,36467
2019-10-10,24.2838077545166,25.359968403191406,22.45901229185094,22.505801186839523,105260
2019-10-11,25.640708923339844,26.38934384186963,24.237020459088953,24.33060004701545,45672
2019-10-14,27.044395446777344,27.137975027988197,25.781075562635966,26.061814306268523,81470
2019-10-15,28.167348861694336,29.009561582932058,26.295764243440654,27.091188063174904,33763
2019-10-16,27.55908203125,29.196718442294824,27.137974811599943,29.196718442294824,45313
2019-10-17,26.81044578552246,28.915978205090433,26.670077314527653,27.137973407764978,56972
2019-10-18,28.448081970214844,28.915978061122594,26.295760665991967,28.026976559327032,65343
2019-10-22,28.682031631469727,29.33708690959586,27.044395221036424,28.448083572836396,28916
2019-10-23,28.775609970092773,29.851770636388142,28.16734540087208,29.009558018630113,54570
2019-10-24,28.0269775390625,29.711402811259866,27.793029485430534,29.009558650363964,32274
2019-10-25,27.044395446777344,28.49487449334043,26.436130846229883,28.49487449334043,39691
2019-10-27,28.167348861694336,28.588454329872107,27.699452707130916,28.073769273805215,17493
2019-10-29,28.775609970092773,28.91597844223878,26.57649795686539,28.073765824480752,41123
2019-10-30,29.430665969848633,29.94535097579226,28.40129417307937,28.96276986085188,20277
2019-10-31,30.038928985595703,31.349039528108854,28.822399807412943,28.86919048957814,43670
2019-11-01,30.60041046142578,31.582991711841274,29.945355104560615,30.038932911356564,51302
2019-11-04,32.65914535522461,33.220619181084,30.97471673811939,31.302246111340306,91149
2019-11-05,32.705936431884766,34.951835455206385,32.14445899873154,33.68851747769821,230303
2019-11-06,30.038928985595703,35.04541952970435,29.804982714297807,34.062838407701506,141781
2019-11-07,27.793031692504883,31.34904167614454,27.278344862713524,30.787567730746172,401320
2019-11-08,28.35450553894043,28.541664710008092,26.436132067466513,27.79303159550172,97870
2019-11-11,29.009559631347656,29.43066685607811,27.137975139002645,28.167346966768815,23253
2019-11-13,29.99213981628418,30.3196692338238,28.1673460655609,30.3196692338238,56233
2019-11-14,30.647197723388672,31.349041946061693,29.75819432738331,30.834356896721008,95202
2019-11-15,33.68852233886719,33.68852233886719,29.056349803320096,31.161882449499295,313564
2019-11-18,35.372947692871094,36.495899149897724,33.828892563003215,34.53073677742432,174727
2019-11-19,35.7940559387207,37.24453330855913,35.09221170462814,35.326159782659,62724
2019-11-20,35.09220886230469,36.4023194210697,33.08025412629359,35.98121220076922,653199
2019-11-21,36.9170036315918,38.18032169516433,34.343575037840026,34.67110088550283,226612
2019-11-22,36.823421478271484,38.32069113346868,36.495895637634185,36.495895637634185,165893
2019-11-25,38.13353729248047,38.60143345557839,33.220627579952314,33.220627579952314,209917
2019-11-26,39.162899017333984,39.958324465726314,37.71242193701859,38.18031799968573,197652
2019-11-27,39.95833206176758,41.315231615400336,39.25648783434694,39.25648783434694,160899
2019-11-28,39.81795883178711,41.736332197006256,39.3032738171816,41.408806343102036,107269
2019-11-29,40.05190658569336,40.8941210175635,39.30327351834437,40.8941210175635,66143
2019-12-02,39.49043273925781,40.332643602678395,38.18032219202928,40.05190664820487,95879
2019-12-03,38.7885856628418,40.0986925421764,38.36747847779133,39.49042978133798,23748
2019-12-04,40.47301483154297,40.706962894153044,36.87021609525347,37.665638080222074,84186
2019-12-05,39.95833206176758,41.45559831902586,38.60143250813482,39.630802613779345,67982
2019-12-06,40.00511932373047,41.08128185625112,38.88216789191853,40.51980435546305,43393
2019-12-09,40.14549255371094,41.081284887645786,38.83538185829636,39.303278025263786,61207
2019-12-10,38.3206901550293,40.14548560427142,38.180319901332275,39.06932317863114,8213
2019-12-11,36.44911193847656,39.022540843930734,36.44911193847656,38.50785577679279,14360
2019-12-12,34.67110061645508,36.40231834431224,34.67110061645508,36.40231834431224,11274
2019-12-13,34.62431335449219,36.21516089824601,32.93988801336161,33.782098899044826,26815
2019-12-16,34.530738830566406,36.308742137625195,33.82889457441477,33.82889457441477,8333
2019-12-17,35.27936935424805,36.121580256852795,34.624314050157096,35.79405438968943,7311
2019-12-18,34.764678955078125,36.16836714594647,34.62430870808583,35.79404886714278,10125
2019-12-19,35.13899612426758,35.606892220648675,34.15641503582006,34.5307333408305,3476
2019-12-20,34.39036560058594,35.326157861826374,33.87568057085654,34.15641753527583,10472
2019-12-23,34.62431335449219,35.092209480904245,32.75272884884396,33.82889136749735,13373
2019-12-24,35.84083938598633,36.02799853388134,32.98667398231992,32.98667398231992,18552
2019-12-26,37.61884689331055,37.61884689331055,35.09220725686358,35.09220725686358,12279
2019-12-27,39.49043273925781,39.49043273925781,37.6656371805338,38.36748135159965,17633
2019-12-30,40.98769760131836,41.128067859070754,38.41426905412668,41.128067859070754,19053
2019-12-31,40.89412307739258,41.54917838297947,39.35006439777806,41.17486004556861,41845
2020-01-01,39.58401107788086,41.642754721905405,38.882166897174585,41.642754721905405,6574
2020-01-02,39.67759323120117,40.98770025265903,39.20969710144533,39.63080076241425,6090
2020-01-03,39.30327606201172,40.239068349202476,38.41427267522765,38.46106157563433,8243
2020-01-06,38.55464553833008,39.11611952048801,37.33811619714486,38.414275257908336,15549
2020-01-07,37.244529724121094,39.11611416824541,36.63626692163911,39.11611416824541,14685
2020-01-08,35.65367889404297,37.4316853773737,35.560101108505016,35.74726024934462,13719
2020-01-09,37.19773864746094,37.29131643627858,36.027998438421285,36.027998438421285,4885
2020-01-10,37.29132080078125,38.3674833469552,36.542687693330095,36.96379493182269,14372
2020-01-13,37.9931640625,38.36748239178897,35.56010563141416,37.431690138330694,7984
2020-01-14,37.38490295410156,38.36748415134159,36.96379570678032,37.43169185496741,6498
2020-01-15,37.806007385253906,38.367481293348504,36.963792953347955,38.367481293348504,4011
2020-01-16,37.478477478027344,38.367480795784914,37.291318321168276,37.57205884133888,11660
2020-01-17,37.85279846191406,38.78859074245698,37.431691221716896,38.648220472469845,13608
2020-01-20,37.806007385253906,38.367481293348504,37.05737074810904,38.367481293348504,4020
2020-01-21,37.29132080078125,37.806009408807896,36.77663576251884,37.806009408807896,4219
2020-01-22,36.87022018432617,37.9463792498249,36.58947962224738,37.01058689560103,5401
2020-01-23,38.180320739746094,38.601427940320555,36.49589550721216,36.49589550721216,18136
2020-01-24,37.29132080078125,38.7885905854478,36.30873962414134,38.18032417765135,19137
2020-01-27,37.85279846191406,38.13353543212409,35.747265830692484,37.3849023216426,11300
2020-01-28,37.478477478027344,38.27390300223738,36.72984442035507,36.72984442035507,4488
2020-01-29,37.478477478027344,37.89958468851925,37.431688581253574,37.431688581253574,6135
2020-01-30,37.33810806274414,37.89958192258058,36.589471489943904,37.05736756306218,8697
2020-01-31,36.636268615722656,37.89958674601756,36.02800221535003,36.963794480683795,9087
2020-02-03,35.7940559387207,36.91700742722168,35.56010786068985,36.30874099643571,3295
2020-02-04,37.15095520019531,37.57206245114589,35.560107568695535,35.794055644805375,6449
2020-02-05,38.27390670776367,38.975750936611924,37.71242918282646,38.83538066293653,19378
2020-02-06,37.94637680053711,38.835380193621056,37.61885092560507,38.835380193621056,2583
2020-02-07,37.15095520019531,38.74180283169509,36.495899873134896,38.74180283169509,7822
2020-02-10,37.29132080078125,38.69500921591376,36.49589879344519,38.69500921591376,12609
2020-02-11,38.36747741699219,39.11611040873686,37.52526307017713,38.83537348305307,105754
2020-02-12,38.7885856628418,40.28585168772814,36.44910526785452,38.835374556788786,81399
2020-02-13,38.36747741699219,39.49042868949104,37.431685284870426,39.30326954911395,20317
2020-02-14,37.9931640625,39.677592974536196,37.431690138330694,38.36748239178897,15163
2020-02-17,36.77663040161133,38.36747775415081,36.26194543837425,37.478474506870185,19775
2020-02-18,36.121578216552734,36.72984458665777,35.606893210182946,36.542685428951295,4771
2020-02-19,35.7940559387207,37.33811468163009,35.419737585965585,37.33811468163009,12019
2020-02-20,36.35552978515625,36.963796214052735,35.56010775022795,36.963796214052735,3555
2020-02-24,35.84083938598633,36.82342045023032,35.560102449025734,36.82342045023032,2233
2020-02-25,35.27936935424805,36.168372726245465,35.13899908559848,35.84084328931788,9289
2020-02-26,35.185787200927734,35.56010552914013,34.71789107554431,35.2793685678629,6716
2020-02-27,33.87568283081055,35.513319397233225,33.45457557120612,34.3435789926456,8527
2020-02-28,33.31420135498047,33.68851966808704,32.191253555188766,32.75272745508462,15271
2020-03-02,33.08025360107422,34.483941933279866,31.95730579112092,31.95730579112092,13804
2020-03-03,33.31420135498047,33.68851966808704,32.471990505136695,32.471990505136695,12408
2020-03-04,33.40778350830078,34.9518385544164,32.752728229752904,34.4839424368485,12801
2020-03-05,33.45457077026367,34.57752211147006,32.79951552374629,32.79951552374629,16687
2020-03-06,32.65914535522461,34.01604102934539,31.863719937199694,33.220619181084,17903
2020-03-09,31.06830406188965,32.65915163401998,31.06830406188965,32.65915163401998,8306
2020-03-11,30.506826400756836,31.816936999218573,30.413248602194226,30.881144734535674,12141
2020-03-12,29.009559631347656,30.787566326981064,29.009559631347656,30.506825797318015,14580
2020-03-13,29.290294647216797,30.460034877295453,27.559080534605936,28.07376552188777,50580
2020-03-16,27.886606216430664,28.962768650038928,27.839817321439842,28.073765366157822,15600
2020-03-17,28.176589965820312,29.191528288181473,26.67835005084527,28.853215514061088,11174
2020-03-18,26.968332290649414,29.191529279157766,26.7750120157724,28.22492237380362,14235
2020-03-19,25.663408279418945,26.291704137054627,25.663408279418945,26.291704137054627,17828
2020-03-20,24.40682601928711,25.421762601438434,24.40682601928711,24.40682601928711,36182
2020-03-23,23.198566436767578,23.198566436767578,23.198566436767578,23.198566436767578,4882
2020-03-24,22.03863525390625,23.19856420144078,22.03863525390625,22.280286964337925,12105
2020-03-25,22.135297775268555,23.101904681120075,20.975370594440548,21.07202981010061,11586
2020-03-26,21.0720272064209,23.19856287400002,21.0720272064209,22.13529504021046,51180
2020-03-27,22.086965560913086,22.086965560913086,21.26534941916853,21.26534941916853,12380
2020-03-30,23.15023422241211,23.15023422241211,21.748653587113427,21.79698319095564,10845
2020-03-31,23.971851348876953,24.2618345367604,23.150236925681586,23.150236925681586,6875
2020-04-01,24.2618350982666,25.13178099473777,23.005244942335832,23.34355774753475,5542
2020-04-03,23.198566436767578,25.13178030649821,23.053575765269066,25.13178030649821,17616
2020-04-07,24.165172576904297,24.358494694982074,23.246895281519393,24.165172576904297,4366
2020-04-08,25.373430252075195,25.373430252075195,23.681868235270183,23.971849557831383,8959
2020-04-09,27.20998191833496,27.886607437358595,25.80840311986631,25.856732723943907,14527
2020-04-13,27.789947509765625,27.88660856548737,26.098385487432065,26.098385487432065,11302
2020-04-15,30.3997859954834,30.544776653419976,28.418240858162694,28.99820533356525,55015
2020-04-16,30.738096237182617,31.898025162367556,29.481508104612438,30.93141833926551,17464
2020-04-17,30.883089065551758,32.04301800313028,30.061472888404992,31.898025503190794,14013
2020-04-20,30.4481143951416,30.93141779823909,28.031597379654173,30.883088195391807,7931
2020-04-21,29.38484764099121,30.44811553639005,28.998205272752426,30.44811553639005,7985
2020-04-22,29.481510162353516,30.88309089114105,28.99820671706903,29.046536324134948,23916
2020-04-23,29.23986053466797,30.641441363874968,28.514905314800167,28.61156637951383,3402
2020-04-24,28.901546478271484,29.239859268288747,28.36991341085606,29.239859268288747,4172
2020-04-27,28.756555557250977,29.384849679686532,28.563233437890943,28.901546224942816,3419
2020-04-28,28.659893035888672,29.674831345281454,28.32158026609108,28.563231981138465,3498
2020-04-29,28.418243408203125,28.998207935647354,27.7416196625652,28.998207935647354,15301
2020-04-30,28.80488395690918,29.964812937098074,28.514902633690102,29.771490825847827,24344
2020-05-04,27.11332130432129,28.949875787424155,26.775010383002996,28.901544338909936,13226
2020-05-05,27.548297882080078,28.708226951419707,27.258316536573385,28.659895498064305,2022
2020-05-06,27.934938430786133,28.949876759799757,27.548296047966982,28.90154530966217,47390
2020-05-07,26.920001983642578,27.934938470440624,26.14671537325026,27.934938470440624,26957
2020-05-08,26.0500545501709,28.031597794751175,25.180106936788146,27.838275693186965,12577
2020-05-11,25.131778717041016,26.581689027639538,24.89012699860793,26.581689027639538,19973
2020-05-12,24.745136260986328,26.098385511362768,23.730197940461778,25.131778640571554,18227
2020-05-13,23.971851348876953,26.58169082154584,23.73019961413563,26.58169082154584,40712
2020-05-14,24.165172576904297,25.035118420941583,23.87519124344399,24.841798146520162,24506
2020-05-15,24.165172576904297,25.470092264788402,23.730198733057478,25.470092264788402,10192
2020-05-18,23.63353729248047,24.986786460641877,21.748653271488955,24.986786460641877,10314
2020-05-19,23.101903915405273,24.068510789218518,22.715261534611237,23.681868408424478,9429
2020-05-20,23.101903915405273,23.633538802196338,22.715261534611237,22.715261534611237,5919
2020-05-21,24.503482818603516,25.373428572352957,23.10190221714441,23.77852771653629,20299
2020-05-22,23.53687858581543,24.938457496655367,23.198565799179455,23.633539645376615,10436
2020-05-26,23.053573608398438,24.745135586151793,22.763590448875544,24.745135586151793,12922
2020-05-27,23.198566436767578,24.600147229784852,22.763592578615622,24.600147229784852,24158
2020-05-28,23.198566436767578,23.923521637916565,22.95691470305125,23.44021817048391,28393
2020-05-29,23.15023422241211,24.261831703688888,22.18362739631818,23.295224877594958,266586
2020-06-01,23.87519073486328,25.27676960827399,23.681868620903582,23.971849948186815,477615
2020-06-02,23.87519073486328,24.21350166880828,23.198565179660655,24.0201813985049,152675
2020-06-03,24.93845558166504,26.24337517639714,24.020180195487796,24.16517085186776,147973
2020-06-04,25.131778717041016,25.905063478564372,24.600145673950745,25.131778717041016,55443
2020-06-05,26.581687927246094,28.031598177823152,25.131777676669035,25.180107280892447,299323
2020-06-08,27.161653518676758,31.849697224676188,26.726679688065644,28.41824171697684,293061
2020-06-09,25.08344841003418,28.514901978453356,24.551813538140454,28.273250266771548,175799
2020-06-10,25.180105209350586,26.7750078286993,24.648472232005062,25.566749385953955,128872
2020-06-11,24.93845558166504,25.66341070722107,24.406822560386438,25.615081102979826,110064
2020-06-12,25.228437423706055,26.09838316031879,23.971847498682212,24.165169592887768,169432
2020-06-15,27.306644439697266,28.224921715839876,25.228440010363073,25.228440010363073,1385073
2020-06-16,30.738096237182617,31.414721750816533,26.82333934108181,28.031597869959366,3835575
2020-06-17,28.998207092285156,30.9314208984375,28.804884974207383,29.819823328631173,1014589
2020-06-18,28.94987678527832,29.96481327152887,28.514902951938765,29.529839438189313,429222
2020-06-19,29.481510162353516,29.964813607638,28.514903271784547,29.4331805552876,501777
2020-06-22,29.1915283203125,30.351455462443884,28.99820620812912,29.81982241942404,501666
2020-06-23,29.723161697387695,29.96481341850467,28.611564148980882,29.433180369509856,399976
2020-06-24,27.20998191833496,30.20646346255129,27.064991262445957,29.96481175485088,1024333
2020-06-25,26.340038299560547,27.838278272715204,25.566753508962602,27.354974817677398,344301
2020-06-26,27.064992904663086,28.514903238841466,26.67835051761345,27.064992904663086,390138
2020-06-29,27.45163345336914,27.83827581452664,26.195045318693225,27.113320695985255,216202
2020-06-30,25.95339584350586,27.78994859961897,25.615083057040096,27.451635813153207,375265
2020-07-01,26.968332290649414,27.25831546844947,26.098386444561953,26.48502883797234,302067
2020-07-02,27.064992904663086,27.789948071752274,26.581689459936957,26.968331846986594,217338
2020-07-03,28.901546478271484,29.868153396231442,26.485029183371587,27.016664094443396,1519016
2020-07-06,28.901546478271484,29.67483311883328,28.708226200873323,29.67483311883328,533785
2020-07-07,29.1915283203125,29.72316136333235,28.128260390616504,29.336518982621886,370870
2020-07-08,31.36639404296875,34.604525621154515,28.563232611619416,29.239858166149872,4573574
2020-07-09,35.522804260253906,36.48941117890027,31.753035802607975,31.753035802607975,4014303
2020-07-10,33.73457717895508,36.6343974400465,32.18800416065237,35.32947611016807,1758511
2020-07-13,32.8646354675293,35.136160267565764,32.477991222397954,34.31454585580265,714362
2020-07-14,32.04302215576172,33.68625103569787,31.028081899278547,32.86463659572979,450387
2020-07-15,31.849695205688477,34.16954934303528,31.559713899434175,32.091346908785795,594491
2020-07-16,31.269731521606445,32.622982647076924,30.93142058389516,31.898027477141884,324161
2020-07-17,32.719642639160156,33.54126073033577,31.608046897893512,31.608046897893512,729270
2020-07-20,32.76797103881836,33.83123701286937,32.139675162225906,32.71963775037878,731043
2020-07-21,31.753034591674805,33.49292992873586,31.46305326460217,33.49292992873586,214715
2020-07-22,30.93141746520996,32.28466845423782,30.448114067316055,32.28466845423782,273914
2020-07-23,31.753034591674805,32.38133053975937,30.49644638281831,30.931420217083573,283549
2020-07-24,33.05795669555664,34.02456359491612,30.88309117199782,31.51138344419386,800538
2020-07-27,31.173070907592773,33.3962659247803,30.54477682392293,33.3962659247803,633562
2020-07-28,30.979747772216797,32.188006294435176,30.689766464346864,31.46305118110415,612917
2020-07-29,30.254793167114258,31.559714605417973,29.964811854373135,31.173070396888182,189571
2020-07-30,28.659893035888672,31.12474163556577,28.27325066054411,30.689767811017965,378164
2020-07-31,29.336519241333008,30.25479467316135,27.59662574730781,28.949876857212846,317191
2020-08-03,28.998207092285156,30.109804662091484,28.563233248438337,28.563233248438337,221441
2020-08-04,31.753034591674805,32.8646339806513,29.143197117052168,29.191528567335148,1803940
2020-08-05,32.284671783447266,33.00962695504582,31.028079869492963,31.946357157647,402689
2020-08-06,31.269731521606445,32.67131225427673,31.028079798294765,32.38133092376525,176644
2020-08-07,32.8646354675293,33.927901610671306,31.124743739063835,31.36639547044273,624273
2020-08-10,32.139678955078125,33.637918890709464,31.898027233611373,33.637918890709464,244114
2020-08-11,31.656373977661133,32.71964002564995,31.269729767131125,32.57465121218555,217491
2020-08-12,31.31806182861328,31.80136522913316,31.124739730942864,31.70470233664179,176999
2020-08-13,33.97623062133789,34.55619322857079,31.31806191144783,31.31806191144783,783650
2020-08-14,31.656373977661133,34.31454278494565,30.931418848401716,34.169550284168785,433906
2020-08-17,31.94635772705078,32.38133157522531,31.173072934358697,32.188009455224105,163781
2020-08-18,33.78290939331055,34.99116792892743,31.994684548210103,32.381328754532476,1781164
2020-08-19,33.34794235229492,34.60453074694775,33.057960982346295,33.976238393277924,560307
2020-08-20,32.816307067871094,33.8312436395964,32.57465532758826,32.67131454877622,311388
2020-08-21,35.03950119018555,36.102767337583295,33.009628113403366,33.20294654943,1895744
2020-08-24,35.08782958984375,36.4894103266064,34.31454481045105,35.2811517065201,663638
2020-08-25,34.121219635009766,35.571129849137485,33.25127571892055,35.52280024612903,351088
2020-08-26,34.50786590576172,35.76445409599637,34.121221683852944,34.79784722853701,495546
2020-08-27,37.02104568481445,38.664278247808916,36.731064335418466,38.56761902711456,1661377
2020-08-28,39.099246978759766,42.2407191736724,36.73105950974775,37.021040821046434,2497597
2020-08-31,35.377811431884766,40.404168101462375,34.50786742525249,39.630883310907215,937230
2020-09-01,33.10628890991211,36.199431968884745,32.42966328961919,35.37781382734585,723456
2020-09-02,36.10276794433594,36.53774180733178,33.34793962421707,33.39626923403597,378134
2020-09-03,35.909446716308594,36.924383192936325,35.32948038158376,36.34441685821149,242170
2020-09-04,35.18449401855469,36.44108230050746,34.31454629941893,34.84617937786285,232477
2020-09-07,36.10276794433594,37.35935992350456,35.4744756420645,36.58607141715068,269924
2020-09-08,34.55619812011719,36.34441948497434,34.459538901000045,36.24776026585719,174809
2020-09-09,34.266212463378906,35.08782678442091,33.10628354337483,34.84617507972475,293768
2020-09-10,34.459537506103516,36.00610707325096,33.92790076054092,35.18449268207501,199173
2020-09-11,34.50786590576172,34.894506440357915,34.1695512897634,34.84617683444746,82162
2020-09-14,35.86111068725586,36.39274737535906,34.94283718012264,35.087825987258896,276531
2020-09-15,35.47447204589844,36.441078893539746,35.08782783191692,35.76445336272833,137022
2020-09-16,35.522804260253906,36.15110023229915,34.99117119246096,36.102766936516616,81230
2020-09-17,34.991172790527344,35.426146661246264,34.55619891980842,35.426146661246264,64860
2020-09-18,34.41120147705078,35.28114909402008,34.121220167165156,35.232819490257874,84444
2020-09-21,32.719642639160156,35.619463387823544,32.57465381411464,35.619463387823544,170591
2020-09-22,31.511383056640625,33.15461550280443,30.54477801282561,32.7196416659798,227037
2020-09-23,31.801368713378906,33.20294577859736,31.124743141055642,32.091350047999526,114630
2020-09-24,30.738096237182617,32.284669366533336,29.72315981038795,31.608043852899424,171149
2020-09-25,31.36639404296875,31.898027090345312,30.9314202088197,31.608045763350155,137557
2020-09-28,31.94635772705078,33.1546163679174,31.51138387887625,32.091350238879876,190237
2020-09-29,32.67130661010742,32.864628692821725,31.80136276886113,32.18800324697769,71566
2020-09-30,32.8646354675293,33.25127971266064,32.381332004771515,32.961294685155735,82076
2020-10-01,33.92790222167969,34.55619820950492,33.3479395308509,34.507868599821336,180939
2020-10-05,35.03950119018555,35.667797169210544,34.31454599314722,34.99117158117888,238117
2020-10-06,34.50786590576172,35.667794884175464,34.411203006628234,35.61946159095244,87787
2020-10-07,34.07289505004883,35.28115373976687,33.831243312105215,34.79785026387965,75402
2020-10-08,33.29960632324219,34.74951658096844,33.05795461362114,34.21788355726464,74865
2020-10-09,33.73457717895508,34.07288806782422,33.44459220299622,34.07288806782422,34083
2020-10-12,33.251277923583984,34.217884797091514,32.91296330546879,32.961292911681646,66736
2020-10-13,33.00962448120117,33.44459460171213,32.5746506733778,32.961291190200036,45843
2020-10-14,32.8646354675293,33.541261052852754,32.57465412733719,33.05795759009497,50133
2020-10-15,31.414722442626953,33.541258237744195,30.931419020432692,33.057954815549934,118013
2020-10-16,31.608047485351562,32.52632481029102,30.93142189395865,31.898028828144856,80287
2020-10-19,31.99468421936035,32.47798762863959,31.656373307789845,32.13967671706908,39467
2020-10-20,31.89803123474121,32.671316102969286,31.511386956970618,32.671316102969286,73599
2020-10-21,31.99468421936035,32.42965802517414,31.753032514720736,32.18800632053453,63963
2020-10-22,31.801368713378906,32.28467216685085,31.656376202412233,32.28467216685085,52995
2020-10-23,33.10628890991211,33.68625162027005,31.704708058015278,32.09135232312923,142443
2020-10-26,33.15461349487305,33.734579804619145,33.009624682920844,33.492928097386375,79405
2020-10-27,32.18800735473633,33.3962659167558,31.704703929928534,33.3962659167558,43100
2020-10-28,31.801368713378906,32.76797562032279,31.46305408356091,32.52632389358682,58410
2020-10-29,31.36639404296875,31.801367877117805,31.173071929201104,31.801367877117805,60301
2020-10-30,31.463050842285156,31.849695040156302,31.17306953753797,31.414721239379347,44977
2020-11-02,31.31806182861328,31.946354036901734,31.173069333532386,31.849694831722687,41125
2020-11-03,31.656373977661133,32.09134779267927,31.51138147688426,31.51138147688426,33214
2020-11-04,31.463050842285156,32.09134674199768,31.26972874334958,31.849695040156302,44587
2020-11-05,31.801368713378906,32.091350047999526,31.51138369144556,31.898027929148203,55360
2020-11-06,32.139678955078125,32.429660283375696,31.801368019949727,32.188008561908944,45920
2020-11-09,32.719642639160156,33.0096276638767,31.994687451994306,32.47799091010487,67882
2020-11-10,32.57465362548828,33.686249360318136,31.8013688344517,33.686249360318136,53463
2020-11-11,32.57465362548828,34.26621571908012,31.99468726672629,33.63791975224949,329204
2020-11-12,32.76797103881836,33.782907411742,32.47798605742971,33.782907411742,97673
2020-11-13,37.02104568481445,37.697671291613695,32.52632555089441,32.864636510637574,1060173
2020-11-14,37.64934158325195,38.61594853693076,36.68273462957315,37.64934158325195,364980
2020-11-17,36.634403228759766,39.63088316377894,35.76445553804441,37.697669350911674,365411
2020-11-18,37.456016540527344,38.66427513860887,36.44108005560138,36.97271310129473,386183
2020-11-19,36.151100158691406,38.13264360041926,35.86111513383773,37.50434762965329,256727
2020-11-20,36.10276794433594,37.06937488996542,35.28115351547603,36.634404714282454,202013
2020-11-23,36.73106002807617,37.311022658857645,36.10276410530251,37.311022658857645,131087
2020-11-24,37.35935592651367,38.18097026747097,36.1027640817849,36.779389608797516,199477
2020-11-25,39.099246978759766,40.11418341196136,36.29608569914352,37.35935542365525,552486
2020-11-26,40.79080581665039,42.19238634948776,38.47094812869115,39.63087697267077,945620
2020-11-27,44.608909606933594,46.68711221543046,40.64581913146397,41.129122578181295,1366355
2020-12-01,46.92876434326172,48.233685873033025,45.962157441496025,47.750382422150174,885187
2020-12-02,44.41558837890625,47.36373872536978,43.497311074319185,47.36373872536978,536368
2020-12-03,44.85055923461914,46.300469507023045,44.46391502038643,44.512244625337395,260842
2020-12-04,46.49378967285156,47.46039655742072,45.04387934599782,46.20380834494334,397961
2020-12-07,47.992034912109375,50.16690047572799,46.49379124065522,46.49379124065522,479699
2020-12-08,45.43052673339844,48.57199932666535,44.02894591586293,47.94370333308681,332267
2020-12-09,44.85055923461914,46.83210253610864,44.46391502038643,46.107147399906694,204364
2020-12-10,44.27059555053711,45.72050590931439,43.01400731039268,45.72050590931439,174128
2020-12-11,43.20732498168945,45.285527402972924,43.014002882955275,44.65723519122727,203987
2020-12-14,44.41558837890625,46.058820868065304,43.497311074319185,43.497311074319185,219418
2020-12-15,43.40065002441406,45.14054165641881,43.06233540685232,45.14054165641881,140504
2020-12-16,43.73896408081055,44.947222757076034,43.49731234555745,43.59397156473354,123407
2020-12-17,45.672176361083984,47.84704190208798,43.69063293896511,43.787292154751306,662174
2020-12-18,44.99554443359375,46.300465786280235,43.980608061934625,46.300465786280235,131398
2020-12-21,40.549156188964844,45.57551231016539,36.296084773953844,45.57551231016539,420998
2020-12-22,42.19239044189453,42.62736057417823,36.73106026906855,40.64581727080941,319673
2020-12-23,43.64229965209961,44.36725477132178,40.549157072622535,42.53070032770065,207285
2020-12-24,44.17393112182617,45.43051921367822,42.53069883833706,44.512242024024395,205822
2020-12-28,43.593971252441406,45.04388165357333,43.0623381761556,44.94722243508967,160099
2020-12-29,42.047393798828125,44.3672514833435,41.467431221355355,44.12559979484449,316141
2020-12-30,43.352317810058594,44.367258000694314,42.14405919007577,42.48237381605857,222355
2020-12-31,44.31892395019531,46.05881928314719,43.15899864464422,43.73896129741977,387658
2021-01-01,44.31892395019531,45.237201223183774,44.02894262380754,44.46391645704551,111541
2021-01-04,42.86901092529297,44.995546663442695,42.48237041028272,44.560572857657824,311470
2021-01-05,43.787288665771484,44.4639141842994,42.72402262759365,42.72402262759365,250984
2021-01-06,43.593971252441406,45.430525902133645,42.91734934843011,44.222267234523706,278237
2021-01-07,43.932281494140625,44.65723662213861,43.787288993616045,44.27059241228137,186567
2021-01-08,44.89889144897461,46.83210525786641,43.78729203393674,44.028943760048215,491929
2021-01-11,45.962158203125,47.26707975451988,43.2073299623682,45.38219552738023,565859
2021-01-12,44.99554443359375,46.83209877264338,44.270589355649776,46.107143694699396,320011
2021-01-13,44.80222702026367,46.59045194497267,44.318923584501114,45.23720084991248,318954
2021-01-14,44.608909606933594,46.493790099281,44.415587490784134,44.80222803577038,203822
2021-01-15,43.497310638427734,45.33386522919755,42.530703735351565,45.14054311111977,174993
2021-01-18,42.820682525634766,43.93228187307809,42.53070120939683,43.787289371302876,115723
2021-01-19,43.54563903808594,44.270594195281525,43.062335599955546,43.062335599955546,96218
2021-01-20,43.352317810058594,44.947220663360994,42.6273626380689,43.93228416003796,174915
2021-01-21,42.434043884277344,44.17393554628712,42.24072176909567,44.17393554628712,122163
2021-01-22,42.53070068359375,43.400648308864966,42.047397266734734,42.14405647518156,133641
2021-01-25,40.64582061767578,43.400652577082354,39.630884079920854,43.400652577082354,192517
2021-01-27,41.129119873046875,42.04739709887561,40.11418343915719,41.177449477077346,112459
2021-01-28,41.70908737182617,42.1440575078071,40.16251418759527,40.4041659019458,95040
2021-01-29,40.984130859375,42.82068161468696,40.69414586199358,42.09572649585825,66209
2021-02-01,41.37077331542969,42.04739886216848,39.824203797723236,41.22578449725803,143088
2021-02-02,41.6124267578125,42.53070406021143,41.37077503019766,41.56409714975208,72677
2021-02-03,42.9173469543457,44.270594374192115,41.080792407103104,41.6124254537325,227166
2021-02-04,44.12560272216797,45.285527954063774,42.917344199516194,43.448977212020495,234280
2021-02-05,44.31892395019531,45.91382677629699,43.40065036451947,44.46391645704551,209093
2021-02-08,45.962158203125,46.34880244516336,44.51224782645031,45.09221418950785,334852
2021-02-09,46.5904541015625,49.78025618778314,45.52718428128045,46.01048773941426,997493
2021-02-10,47.21874237060547,49.683592747397135,45.67217291097879,47.26707566216017,579441
2021-02-11,42.48237609863281,46.687114847168196,42.04740223460535,46.687114847168196,1119396
2021-02-12,41.56409454345703,43.11066402828857,41.080791118533114,43.11066402828857,435808
2021-02-15,42.09572982788086,42.43404445583381,40.45249735767242,41.80574849485883,306107
2021-02-16,42.385711669921875,43.255659366748056,42.04740072521878,42.482374573631866,174925
2021-02-17,41.99906921386719,42.724024365934014,41.75741749651158,42.38570974924861,97982
2021-02-18,41.129119873046875,42.67569301320907,40.88746816558207,42.67569301320907,296955
2021-02-19,40.549156188964844,41.37077049792017,40.01752318391655,41.1774483995447,314846
2021-02-22,39.6792106628418,41.51576516238504,39.24423684060129,40.25917698826665,180583
2021-02-23,39.53422546386719,40.694150846210796,39.002588695094694,40.404169500624896,189435
2021-02-24,39.34090042114258,40.40416650523592,38.664274873395634,39.5825521391013,144931
2021-02-25,39.6792106628418,40.88746923166958,39.24423684060129,39.824203166026145,262122
2021-02-26,39.96918869018555,40.98412875426425,38.664271018244676,39.82419988625446,215767
2021-03-01,40.30750274658203,41.370768710746646,40.01752145520188,40.01752145520188,126304
2021-03-02,42.09572982788086,42.530703671070256,40.11418641703217,41.08079331864741,316910
2021-03-03,43.30398941040039,44.17393711597454,42.2407232700878,42.86901555761332,366693
2021-03-04,42.385711669921875,43.207329758549434,42.19239323712739,43.110666854839444,147733
2021-03-05,40.79080581665039,43.448974394085624,40.54915412779265,42.385704750724244,254600
2021-03-08,41.0324592590332,42.0473956581467,40.452492968602414,41.757414356587454,150632
2021-03-09,40.355838775634766,41.75741954243074,38.66427667126684,40.452497992387826,245723
2021-03-10,40.210845947265625,41.3707749757529,39.82420539597835,41.08079364045927,106348
2021-03-12,40.065853118896484,40.984130328309796,39.824201415751524,40.59748612835292,110236
2021-03-15,38.90592575073242,40.742480242462186,38.66427403799496,40.5974877398947,186325
2021-03-16,39.53422546386719,40.25918067148837,39.38923294741781,39.53422546386719,119463
2021-03-17,39.53422546386719,41.56409857028137,39.14758121154408,40.01752893561465,186424
2021-03-18,38.809261322021484,40.355830600654706,38.13263587987745,39.920856838754105,159441
2021-03-19,38.95425033569336,39.19590201728862,36.73105560247938,38.664269055241455,158024
2021-03-22,39.34090042114258,40.88746994115337,36.82772034198431,38.857596985225136,220019
2021-03-23,41.27411651611328,42.820686124228935,39.05092132170472,39.19591014835211,376822
2021-03-24,39.34090042114258,41.80574720685903,38.80926737909591,41.80574720685903,125374
2021-03-25,38.809261322021484,39.24423139661007,38.22929507705002,39.19590179802378,114063
2021-03-26,39.34090042114258,40.114185181147974,39.05091909705463,39.14757830931308,71183
2021-03-30,38.809261322021484,40.01751972323869,38.66426883895061,39.389223879680934,67583
2021-03-31,38.37429428100586,39.29257156422069,38.08431295138872,39.29257156422069,67225
2021-04-01,39.82420349121094,40.54915863842724,38.51928201383407,38.76093372957284,74013
2021-04-05,39.24423599243164,40.64581663944258,38.22929955401422,40.5974870351965,116802
2021-04-06,39.00258255004883,40.01752263066005,38.80926414165839,40.01752263066005,59719
2021-04-07,44.12560272216797,45.91382386076765,39.5342203360912,39.5342203360912,1644113
2021-04-08,44.80222702026367,47.315407098616504,44.46391609015492,45.72050428567504,837869
2021-04-09,45.57551956176758,47.36374095981502,44.70557182431519,44.75390143477079,395698
2021-04-12,41.902400970458984,45.09220618258703,41.27410879785203,44.463910322667964,439667
2021-04-13,43.88395309448242,44.27059362764165,42.09572818394112,42.28905029417701,140330
2021-04-15,42.67569351196289,44.22226298288752,41.6607533788991,43.49730785202051,193438
2021-04-16,43.40065002441406,44.07727188491237,42.14405814105985,42.14405814105985,77809
2021-04-19,41.41910171508789,43.014004479709996,40.59748737410831,42.530701058589656,106416
2021-04-20,41.467437744140625,42.530703865862094,41.080793506798614,41.70908947065121,77336
2021-04-22,41.56409454345703,42.14405717844073,40.35583598114724,41.03246151350322,109677
2021-04-23,41.129119873046875,42.38570801440136,40.74247935349065,41.564093683946005,55471
2021-04-26,40.984130859375,42.19238939075619,40.74247915309876,41.564093479513005,66444
2021-04-27,43.25566101074219,44.85056395310253,41.032465763295114,41.51576923827547,197741
2021-04-28,43.64229965209961,45.333861596951344,43.25565544692282,43.25565544692282,176408
2021-04-29,42.48237609863281,44.6089121215237,42.24072436165232,43.738964393468784,86567
2021-04-30,41.805747985839844,43.40065082901082,41.27411493388707,41.66075547743788,82222
2021-05-03,41.66075134277344,42.53069893222106,40.74247783840487,41.56409213830695,137516
2021-05-04,42.434043884277344,43.35231747859316,41.66075542355064,42.38571058999744,145085
2021-05-05,43.83562088012695,44.27059471703322,42.53070305672081,42.62736227056102,173661
2021-05-06,45.188873291015625,46.397131935160424,44.02894425517406,44.02894425517406,422603
2021-05-07,44.46391677856445,45.865497501438256,43.883954121595195,45.672175386677615,131318
2021-05-10,45.672176361083984,46.15547981464043,43.83562176264441,45.09221369174134,378252
2021-05-11,45.333866119384766,47.363739180778744,44.560577631889174,45.28553282343171,743095
2021-05-12,44.222267150878906,46.30047353016228,43.93228580866358,46.30047353016228,248179
2021-05-14,43.30398941040039,45.043881134235896,42.772356340244094,45.043881134235896,144273
2021-05-17,44.17393112182617,45.43051921367822,43.40064642586432,44.2705903260793,274791
2021-05-18,44.31892395019531,45.4305233365465,43.69063169090724,44.36725724402046,273179
2021-05-19,52.87339782714844,53.16337915781946,44.367257899359856,44.41558750658625,3615754
2021-05-20,55.144920349121094,56.73982313505159,51.713466750783915,54.32330599716449,2141927
2021-05-21,53.695011138916016,56.15985793133226,53.21170770168489,55.386573169224974,526993
2021-05-24,59.59131622314453,61.379537494110885,51.76179820442153,54.32330793697484,2156305
2021-05-25,57.7064323425293,62.732788931689434,57.0298067788767,60.171279186187704,1107484
2021-05-26,53.211708068847656,54.70994799713955,51.23016469998982,53.64668190281953,1284383
2021-05-27,54.37163543701172,56.7398229623974,53.163376871744795,53.7916728006086,592123
2021-05-28,52.1001091003418,54.95159627099243,51.81012410433928,54.95159627099243,307845
2021-05-31,50.8435173034668,52.776730945230746,50.0702325842237,52.776730945230746,277587
2021-06-01,49.490272521972656,52.58341524596706,49.20029119819781,52.003448911104776,275573
2021-06-02,50.79519271850586,51.18183695998448,49.29695273557353,50.26355965195732,227659
2021-06-03,50.60186767578125,52.14844086507671,50.07023463993166,51.23016361007512,255991
2021-06-04,51.520145416259766,53.163377832171214,50.74686065798161,50.74686065798161,379769
2021-06-07,52.1001091003418,52.63174211415908,51.036839385394835,52.19676830746771,207665
2021-06-08,55.676551818847656,57.41644705912799,51.230161884894954,52.58341291904356,902994
2021-06-09,55.724891662597656,59.83297116472443,53.88833699848643,56.256524743057376,1026219
2021-06-10,59.494651794433594,60.364599447729155,56.44984238252426,56.44984238252426,754110
2021-06-11,64.37601470947266,67.08251683824628,59.929624676165986,59.929624676165986,1951393
2021-06-14,61.814510345458984,65.63260823619103,57.41644980510471,64.9559789994441,726783
2021-06-15,69.35404205322266,71.52890748346309,62.346142333559044,62.636127340774465,1514998
2021-06-16,70.0790023803711,73.26880819718995,68.1941218179217,69.98234316235776,1118566
2021-06-17,69.16072082519531,71.19059366946288,67.13084060630297,69.49903173680245,510683
2021-06-18,65.48760986328125,69.98233290077823,62.974433690316395,69.30570372464857,433016
2021-06-21,64.66600036621094,66.9858583036036,62.73278664748789,63.651060214031304,166236
2021-06-22,64.61766815185547,66.16423767772098,61.95949924424669,65.1493048832273,359841
2021-06-23,67.13084411621094,70.5623014517272,65.10097116581231,65.58427460041318,452579
2021-06-24,73.46212005615234,80.51835295876432,66.792531365603,67.32416807901724,2825525
2021-06-25,77.32854461669922,79.55174322427919,71.91554796845521,74.04207999556456,920997
2021-06-28,75.49199676513672,79.55175013496006,73.8004347047,77.32855133425022,581877
2021-06-29,74.81538391113281,77.2802273573174,73.84877690291307,75.92698344551076,169264
2021-06-30,72.7854995727539,77.32854886895497,72.06054442710746,75.68532015533972,278318
2021-07-01,73.26880645751953,74.81537603288825,72.49551798252244,73.51045818412794,111238
2021-07-02,73.1721420288086,75.78198517805399,72.35052760899318,73.94543052664997,210423
2021-07-05,80.18003845214844,81.67828207919082,73.4137902325705,73.89709367682607,829680
2021-07-06,80.0833740234375,84.8680822347772,78.1501603723002,80.5183515197183,668336
2021-07-07,82.30657958984375,85.06140779932873,79.26176635846541,79.7934031070614,428775
2021-07-08,83.7564926147461,87.96123131821936,80.61502006766683,82.64489316162368,1314725
2021-07-09,88.34786224365234,90.86103842735643,84.62642757022277,85.06139767667412,1193342
2021-07-12,86.89796447753906,92.31096181034073,86.41466101256346,89.7977852673927,488069
2021-07-13,83.7564926147461,88.58952730256034,82.64489316162368,87.57458706826908,308014
2021-07-14,86.17301177978516,90.81272075336442,82.16159142919909,84.239797863804,677111
2021-07-15,88.0095443725586,90.57104626824852,86.31798262088654,86.80128597850712,464477
2021-07-16,89.86650085449219,91.47911497582572,88.20502415767582,89.67103563952085,312371
2021-07-19,86.5924072265625,89.1334922213359,85.0286631879727,87.96068605652349,314371
2021-07-20,97.83183288574219,100.95932856851087,80.67950276108121,86.5924113539137,2450507
2021-07-22,101.88780212402344,106.04150149118986,99.68878481199415,103.30494363138975,1844820
2021-07-23,100.17745208740234,103.06060504291956,95.87715021380984,102.62080457733899,726966
2021-07-26,107.01882934570312,107.50749979933647,98.71143163393621,100.81271607586349,1534653
2021-07-27,104.42887878417969,107.2631690241865,101.05705549677897,107.2631690241865,570961
2021-07-28,100.42179107666016,105.06416098044737,97.83183584955901,104.42888781809873,365479
2021-07-29,100.07971954345703,104.3800214198145,99.4933164367992,100.66612265011486,294915
2021-07-30,106.5301742553711,108.97352687590713,100.17745744197741,100.91046322813821,1154633
2021-08-02,104.57548522949219,109.46219014675818,102.13213277085919,107.40977557281045,556556
2021-08-03,100.66612243652344,105.25962212820339,100.27518454740769,104.57548641464085,398989
2021-08-04,97.34317016601562,105.25963142997544,96.31696650498641,100.66613133236882,413088
2021-08-05,95.04641723632812,98.12504303914311,89.91537671714332,98.02731042531987,397818
2021-08-06,97.09882354736328,101.64346053368288,95.04640900866019,95.04640900866019,228394
2021-08-09,91.87005615234375,99.68878433552194,90.64837987372216,98.02730757920469,356982
2021-08-10,85.51734161376953,92.01666106772011,84.19793269160404,92.01666106772011,417084
2021-08-11,89.03575897216797,90.59950299943215,78.43161116568189,86.78787926313812,635326
2021-08-12,93.43379974365234,95.58395445518899,87.96069153918488,87.96069153918488,390031
2021-08-13,92.260986328125,94.26453078340266,91.0881727249316,94.11793560745816,172222
2021-08-16,89.67103576660156,92.84739398176728,88.93803002464024,92.45645609475058,138103
2021-08-17,85.0286636352539,90.74610676769979,84.39339051908885,90.74610676769979,197737
2021-08-18,85.81053924560547,92.26098808842205,84.24678774484528,87.17881062399098,284662
2021-08-20,83.9535903930664,86.93447586269788,82.58531155062778,84.63772608602581,196036
2021-08-23,78.1872787475586,84.97979560614476,75.69505625487218,83.95359204649503,241050
2021-08-24,82.63418579101562,85.41960619212982,76.96560492208272,78.18728119068722,188932
2021-08-25,81.46137237548828,86.9344805860923,81.11930451042308,83.95359495450093,190969
2021-08-26,83.90472412109375,85.81054356232296,80.67950326569992,81.41250902236035,134704
2021-08-27,86.64128112792969,87.86295737774111,82.78077970461356,84.97979695427411,152380
2021-08-30,87.4720230102539,89.47557512326452,86.49468197103319,88.25389882423863,163279
2021-08-31,85.0775375366211,88.20502577254081,84.29566174938111,87.47202001819836,134212
2021-09-01,82.09664154052734,86.2992106972337,81.60797105516706,86.00600542340959,137306
2021-09-02,84.97979736328125,86.98334940522308,82.09664438245774,82.09664438245774,132133
2021-09-03,82.92738342285156,86.49467960993248,81.46137190403915,85.90827649371154,181840
2021-09-06,82.97624969482422,84.93093163130291,82.53644178520462,83.56265278446385,56283
2021-09-07,81.6568374633789,84.00244972382278,81.16816699969985,82.5364383327856,76983
2021-09-08,81.31477355957031,82.92738780681907,79.16462620091902,82.92738780681907,74427
2021-09-09,80.4840316772461,82.78078158783752,80.14196381082103,80.43516910005408,108819
2021-09-13,82.04777526855469,82.34098055581255,80.48403113505991,81.99891269169184,104770
2021-09-14,83.22058868408203,84.97979803221338,80.63063351032513,82.04777499547428,187681
2021-09-15,82.68305206298828,86.39695106812972,82.1943815337076,84.58887160109528,190840
2021-09-16,79.79989624023438,84.34453350107334,79.40895833864775,84.34453350107334,228106
2021-09-17,85.32186889648438,91.28364726857843,84.14905526911716,88.25389178012274,1937021
2021-09-20,95.68169403076172,99.00465522210831,85.71281045672191,86.49468630992844,2630174
2021-09-21,90.94158172607422,97.68522856397395,88.15615395087566,97.24542810290048,835252
2021-09-22,96.3658218383789,101.05706165650905,91.03931633065459,91.57684941081274,993970
2021-09-23,95.38848876953125,98.51598472740552,93.23834135691581,97.78297891085198,448848
2021-09-24,93.77586364746094,96.21921608701457,92.7007900653613,96.21921608701457,231384
2021-09-27,92.11438751220703,96.75675717462596,91.67458705311216,93.82473422994032,267912
2021-09-28,92.01666259765625,93.04286624017163,89.81764520531114,93.04286624017163,221519
2021-09-29,93.72700500488281,97.04996595339402,90.25744141254371,90.99044717516294,311812
2021-09-30,92.8962631225586,95.38847814740386,90.59950585456639,94.75320501916175,259572
2021-10-01,93.82473754882812,94.85094859837652,90.84384446701249,91.08817972104589,248810
2021-10-04,98.6625747680664,102.37647369374106,93.38493912997768,93.82473961431161,896950
2021-10-05,97.04996490478516,99.88424785773938,96.12148647492073,98.71144163282868,225012
2021-10-06,93.9713363647461,99.20010909676937,93.43379584516056,96.75675665596223,319445
2021-10-07,94.85094451904297,96.46355116109257,94.4111366067859,96.36581855498652,177836
2021-10-08,95.24187469482422,96.56129097163101,94.3134037544608,96.02375045467122,116027
2021-10-11,97.73409271240234,98.56483100915386,94.85093995999428,95.24187036562827,318763
2021-10-12,105.06415557861328,108.28938380223916,97.73409821266353,98.22276870372684,1112396
2021-10-13,106.18810272216797,110.92820515143171,105.30849431776888,106.28583533231894,1218332
2021-10-14,107.65410614013672,110.43952633062284,103.01173667048664,106.48129253705018,400934
2021-10-18,104.9664306640625,109.65766324815057,101.83893481814995,108.7780622649919,472735
2021-10-19,104.6732177734375,113.27382140524927,102.0344001023125,106.67676977091682,1027144
2021-10-20,101.05706024169922,105.01528679234329,97.73409937175552,103.20720744526983,363927
2021-10-21,98.90690612792969,102.81627012439363,97.73409991159853,100.17745240938851,159622
2021-10-22,98.80916595458984,104.23341106701675,97.29429199584938,100.56838260092276,199039
2021-10-25,95.48621368408203,101.10592449097526,94.31340745481673,100.27518612386898,188290
2021-10-26,101.05706024169922,102.52307173227555,95.43734952782327,95.43734952782327,213000
2021-10-27,97.97843933105469,101.83893345924619,97.78297410552109,101.6434682337126,95987
2021-10-28,95.82829284667969,98.41824066157336,95.29075228706753,97.78297494487595,110626
2021-10-29,94.31341552734375,97.44090404408777,93.28720439651045,96.17036509638837,122346
2021-11-01,96.85448455810547,99.34670690929042,94.85094012786695,97.24542242095089,110003
2021-11-02,97.09882354736328,98.66256760273136,96.75675570033275,98.66256760273136,48983
2021-11-03,96.46355438232422,99.1512421508507,95.77941866021645,99.00464696505628,87647
2021-11-04,98.76030731201172,101.88779541158185,98.12503419464034,98.3693694354355,50244
2021-11-08,97.83183288574219,100.4217880343806,97.19655974263917,99.68878228230483,68778
2021-11-09,99.78651428222656,102.52307205588146,97.34316179022044,99.00464595869664,162373
2021-11-10,103.54927825927734,105.84603562532818,99.20011369562408,99.7865168172991,503170
2021-11-11,101.30139923095703,103.89135445125368,100.66612607027743,103.5004165480262,123982
2021-11-12,97.48976135253906,101.8389256683652,96.56129041750376,101.44799524720497,161197
2021-11-15,96.31695556640625,100.17744941490945,94.16680095871091,98.71143796005711,177759
2021-11-16,98.32050323486328,101.64346413043141,96.02375337322006,96.75675912416067,336504
2021-11-17,113.61589050292969,117.28091922883064,97.73409935735887,98.51597513482575,1560993
2021-11-18,118.1605224609375,124.41550603830973,113.61588554772457,120.21293696662471,2293997
2021-11-22,104.72208404541016,118.16052207731832,101.5945885386179,117.28091373301676,909293
2021-11-23,125.6371841430664,125.6371841430664,102.91400668697415,103.59814238046363,2198150
2021-11-24,131.45237731933594,146.55229425928331,128.76468930723055,131.74558263053757,2910781
2021-11-25,140.63937377929688,142.7406660242078,131.45237370143883,132.9183853040571,1458020
2021-11-26,132.18536376953125,140.10183144663762,129.3022109434876,139.759756148192,941697
2021-11-29,125.34397888183594,134.87305329975328,123.78023482763551,131.1102846156675,605460
2021-11-30,129.00901794433594,133.70025794310178,125.09965376420455,126.81000059301203,483910
2021-12-01,127.73847198486328,134.87306461752917,125.8326599239629,130.18182460474605,316598
2021-12-02,131.25689697265625,133.1138388747604,127.054327764008,131.4034921548603,329450
2021-12-03,143.52252197265625,150.90143408618937,131.35461542668094,132.2831012434389,2115730
2021-12-06,136.58340454101562,143.66912678017385,135.5571935099778,143.66912678017385,736579
2021-12-07,137.65846252441406,141.07915544565793,134.28662471447217,137.80505768439517,602356
2021-12-08,140.78598022460938,143.6691333188072,138.00055228688558,138.00055228688558,512181
2021-12-09,143.3759307861328,143.66913608728652,138.53809551274057,141.07918823868454,431314
2021-12-10,140.39503479003906,143.375927952275,138.53809277450367,143.375927952275,261158
2021-12-13,136.82774353027344,142.05652398039655,135.45947206018693,141.71444865635465,229536
2021-12-14,143.3759307861328,145.42835298116762,134.28665592861464,134.87306653092205,616273
2021-12-15,152.1231231689453,161.21239759998065,143.66912934610818,144.35326507467204,1519209
2021-12-16,152.1231231689453,159.69751604263467,149.63091550867983,155.3972215376272,678247
2021-12-17,142.34970092773438,153.98006697838042,140.83483441199974,152.95385601611179,455777
2021-12-20,126.07698822021484,135.70380297588915,119.47993651101756,131.98990421625155,1259490
2021-12-21,126.37019348144531,131.64782888277006,125.0996472068923,126.56565869759807,433037
2021-12-22,129.05789184570312,133.7979871082987,126.61453915991943,126.61453915991943,316385
2021-12-23,127.05433654785156,131.74557657222658,125.24624963945422,129.4976891737718,189058
2021-12-24,125.39285278320312,128.52034098813917,123.24269811785454,126.56565899592412,194674
2021-12-27,131.9410400390625,136.14360948217413,121.67895914713542,122.31423231270165,478697
2021-12-28,134.0911865234375,139.61317229858813,132.03877930535302,132.82064020002866,320586
2021-12-29,132.7717742919922,136.82773327750238,131.94102851759158,133.40703994556483,159250
2021-12-30,136.68115234375,140.63937168134052,128.03167805211228,132.03878233804363,590975
2021-12-31,141.7144317626953,146.1124658518824,136.09472153762292,136.09472153762292,460045
2022-01-03,147.18756103515625,150.2173091970055,138.97788766112032,142.69178645558608,1020468
2022-01-04,143.32704162597656,151.683309572135,142.1053654617148,148.36035637055858,513290
2022-01-05,139.75978088378906,144.5487464313734,138.7824397587276,143.66914538403492,222167
2022-01-06,141.0791778564453,145.62380749423738,137.21866901593117,139.46655627529586,354285
2022-01-07,144.74420166015625,147.57848446952065,142.20310920738578,142.20310920738578,430907
2022-01-10,164.3398895263672,166.05023634236642,145.86814987879177,146.5522856225833,2810476
2022-01-11,168.24923706054688,176.89871035528915,164.68194859042111,168.59131235517887,2419432
2022-01-12,161.16351318359375,171.03466252905787,159.0133661229791,170.5948620937338,851562
2022-01-13,169.51979064941406,173.82009992575283,162.97160904087445,162.97160904087445,808257
2022-01-14,166.4900360107422,171.76767115057982,165.3172149458544,171.18126061813595,397247
2022-01-17,177.77833557128906,179.63529256155124,167.36965908810654,167.6139943568483,984969
2022-01-18,170.88807678222656,180.95467697312841,169.07998999910114,178.85339982563877,680427
2022-01-19,169.81300354003906,171.91428078409524,164.38875785442536,169.07999776936262,393422
2022-01-20,179.24432373046875,180.46599991432703,169.8129895562987,170.05732479307036,889492
2022-01-21,171.03468322753906,181.19902415127362,168.493590540085,180.75922366272525,504919
2022-01-24,161.6033477783203,173.0871050586588,155.98363676879296,171.03468289865856,510497
2022-01-25,167.7117156982422,169.03111705426213,155.20174835326398,161.60333466192859,364295
2022-01-27,165.17062377929688,169.56865814028407,162.8250114186529,163.80235238776118,242786
2022-01-28,162.09201049804688,170.59487419880108,161.26126468445634,168.49358210508865,239958
2022-01-31,161.3590087890625,166.39230909000503,159.35545671021646,165.46383810118581,160108
2022-02-01,168.20037841796875,171.03466112278792,158.62243441248484,161.26125191577148,397097
2022-02-02,170.106201171875,175.9213770414712,168.88452494242034,169.76412586241173,340496
2022-02-03,168.1515350341797,172.59843991062493,165.6104422724849,171.4256186895096,206325
2022-02-04,170.2528076171875,177.28966018175802,167.61398976960368,168.4447356258064,412472
2022-02-07,170.1550750732422,173.2825633091619,167.6139824929723,170.0573350074471,261086
2022-02-08,171.76768493652344,185.45045927001607,169.91074295647994,170.05733814483685,1260854
2022-02-09,166.6855010986328,176.16570527946934,165.41495488793447,173.3314225050986,334617
2022-02-10,166.24571228027344,170.88808209212837,163.02048395469248,166.39230746701062,276085
2022-02-11,158.62245178222656,168.34699202547304,157.35190546357714,164.9751684624331,398805
2022-02-14,145.57493591308594,154.81080518670024,142.34970769814637,150.46164081055804,488235
2022-02-15,149.7775115966797,151.29239316313675,138.73355506730172,145.623812253868,477447
2022-02-16,147.8228302001953,154.51762219431293,146.65002395146303,151.78106433857724,265459
2022-02-17,145.86814880371094,153.24707656667428,144.64647251557267,148.65357670588247,226457
2022-02-18,141.42124938964844,147.8228363600817,140.24844309204445,143.22933632852542,226397
2022-02-21,131.20802307128906,141.27463787985062,129.15560110272352,139.27108594159174,286371
2022-02-22,130.96368408203125,134.8730477859725,122.4119509796598,124.1222976001341,450673
2022-02-23,136.29019165039062,139.56428977781894,133.79796926072544,136.72999209255758,249009
2022-02-24,123.34043884277344,132.18537842220974,122.21650258850343,129.98636103625802,350309
2022-02-25,133.65138244628906,134.87305870265368,127.93393160128656,130.9636946822869,276797
2022-02-28,134.97080993652344,136.24134141784043,128.227147495563,130.963705518864,180618
2022-03-02,135.94813537597656,137.51187198571716,129.5465490170891,131.9410314195017,150045
2022-03-03,132.6251678466797,139.71088994330708,131.30576647306262,137.80507801716698,176553
2022-03-04,130.18182373046875,133.94459270503452,128.0316764220201,132.62517633394242,176509
2022-03-07,126.76111602783203,130.23067932259917,124.22003109332914,126.07698035733803,157383
2022-03-08,131.9410400390625,133.40705159505208,125.83265855577257,126.07699381510416,212011
2022-03-09,139.12451171875,141.61671959633568,132.91838976101533,133.74913566223836,268976
2022-03-10,136.53453063964844,144.5975936488368,134.87305397187816,144.49986849957955,241671
2022-03-11,135.50831604003906,139.75975511540884,134.62871515487808,136.53452701475308,155123
2022-03-14,137.95167541503906,138.78242122561971,134.18892153385863,135.50832292867253,100712
2022-03-15,135.85040283203125,144.060061498391,134.87306180446268,139.27109642852125,248965
2022-03-16,140.9814453125,144.89080948061093,136.1436101370709,136.1436101370709,236011
2022-03-17,139.4176788330078,143.47365267331384,138.5869479835759,142.30084653038458,142181
2022-03-21,134.82418823242188,141.8610404636465,133.89571726320477,141.1280347122056,220790
2022-03-22,133.11383056640625,138.29374043454837,131.6966892124056,135.36171766915157,218710
2022-03-23,135.11740112304688,138.7824300866015,134.33552529488034,134.57986055911732,173669
2022-03-24,131.9410400390625,137.7073461940719,130.91482896726166,135.36173366970485,134736
2022-03-25,132.3319854736328,136.68116551265524,131.0614539116701,133.60253194863793,138317
2022-03-28,131.50123596191406,132.47857697253693,126.61453090879975,130.13294959921785,206211
2022-03-29,129.05789184570312,134.43326775442725,128.03168073506572,133.70026194869214,196764
2022-03-30,131.84327697753906,136.63225617309726,129.79087010490395,129.79087010490395,215822
2022-03-31,129.5465545654297,134.433259642111,128.96014399101176,129.00901402438666,131121
2022-04-01,137.90281677246094,139.27108816465216,129.10674804627237,129.10674804627237,259624
2022-04-04,139.75978088378906,142.69180425897346,136.92549758632765,136.92549758632765,177170
2022-04-05,141.47010803222656,145.03739667369538,139.12449562592377,140.73710229112694,231339
2022-04-06,142.3008575439453,144.84193523145555,140.59051077016252,141.6167069039999,131057
2022-04-07,144.40213012695312,151.2923870344005,142.05651773477695,142.69178340802137,596110
2022-04-08,142.203125,150.51052405498282,140.98144866838487,146.11248926116838,175196
2022-04-11,139.36883544921875,143.91346522804614,138.0982891403189,143.18045946287782,218119
2022-04-12,134.87306213378906,139.61317209428702,132.91838007387906,138.78242625360903,170683
2022-04-13,135.55718994140625,139.56429389500323,134.23778857598265,135.94813527834043,113476
2022-04-18,133.06495666503906,136.58338984633173,131.9410206028965,135.5571789257015,143345
2022-04-19,133.74911499023438,138.7824149181779,130.96368731715378,135.06851632508355,144187
2022-04-20,131.55010986328125,136.73000544146487,130.86595920529555,134.5798581374776,168790
2022-04-21,133.2115936279297,135.50833624295512,132.52745784713576,134.23780475564135,141904
2022-04-22,131.01255798339844,134.38438129510405,130.42614744525855,133.26044516221535,118471
2022-04-25,126.81000518798828,132.91838694078155,125.58832883742963,131.84330578707338,240722
2022-04-26,129.25335693359375,132.2831202257981,127.83621536003028,131.2080390800375,153280
2022-04-27,127.54300689697266,130.71936530628423,125.19739434454355,128.91127840038283,160214
2022-04-28,127.39641571044922,131.6478404595309,127.05434036732065,128.56922202353928,167193
2022-04-29,128.2271270751953,133.26044181415966,127.10319097054455,127.39639623224795,235004
2022-05-02,124.51325225830078,131.59896747101672,122.80290540710577,122.80290540710577,98201
2022-05-04,121.58123016357422,127.39641398314579,119.4799453793008,125.392861814218,187422
2022-05-05,120.1152114868164,125.97925008377936,118.25826207857605,125.8326548976584,99597
2022-05-06,117.08545684814453,118.74693359484706,114.7398369154608,116.40131366216333,124732
2022-05-09,113.81136322021484,118.2093979811655,112.58968689772855,118.16053540217835,110083
2022-05-10,101.83892059326172,116.30356915094502,100.37290921740947,114.25115471605577,292253
2022-05-11,101.15479278564453,106.77450349595811,97.14769620524667,102.22986638674834,199611
2022-05-12,98.076171875,102.47420655510332,96.75676296227309,101.2036676769857,122921
2022-05-13,103.35380554199219,107.16543674122775,98.71143602592161,98.71143602592161,124835
2022-05-16,104.4777603149414,105.99263447691908,101.1547992352335,104.18455501570934,67630
2022-05-17,113.12721252441406,115.22849701293171,104.28227413492982,105.30848509292109,143099
2022-05-18,112.44308471679688,116.30357867334614,111.56347632796336,115.13077245924815,84306
2022-05-19,107.40977478027344,109.901989795778,105.7482906467505,109.46218933907716,65796
2022-05-20,109.46219635009766,111.75894630006795,107.70297949757722,110.7816052612278,51486
2022-05-23,108.43598175048828,114.34889782579785,106.53016976933303,111.41687480462355,60711
2022-05-24,103.1094741821289,109.0223901391623,102.42533847348108,107.55637865789981,61293
2022-05-25,97.29429626464844,107.26317114720186,95.82828481388941,105.55282445464967,123640
2022-05-26,99.00464630126953,101.93666930182219,92.84739501750092,99.68878201879045,102477
2022-05-27,102.08325958251953,102.71853269342455,100.42178294463228,100.4706529749018,90901
2022-05-30,103.2560806274414,106.53017156496897,101.05706332449479,103.59814849437349,109402
2022-05-31,101.88780212402344,103.54927888828189,101.6434668671313,103.54927888828189,57194
2022-06-01,104.13568115234375,107.16543660450468,101.88779398587485,103.40267544021515,129075
2022-06-02,106.77450561523438,108.72918764022722,103.89135261097799,104.96642623342002,109002
2022-06-03,103.98908233642578,108.33824673878765,103.74474709007916,108.33824673878765,58692
2022-06-06,102.42533111572266,105.74828426932953,101.6434553992743,103.98907509209991,40418
2022-06-07,101.49686431884766,103.15834854121682,100.66612593592322,102.42534276983874,36944
2022-06-08,101.10591888427734,103.15834085645746,100.81272107148,103.01173822179892,33320
2022-06-09,100.07971954345703,101.05706054006009,98.02730494189463,101.05706054006009,75311
2022-06-10,98.90690612792969,100.66612290894649,97.83183252020612,99.00464619305735,97248
2022-06-13,95.68169403076172,98.56484725848436,91.87006229529122,98.56484725848436,101730
2022-06-14,95.1930160522461,103.50041465356034,94.80207815617433,95.77941916809365,74697
2022-06-15,95.1441421508789,96.41468839732698,93.8247333297335,95.19301218209608,34915
2022-06-16,93.0428695678711,97.04997403578697,92.21213112568884,96.75676872371285,80041
2022-06-17,90.7461166381836,92.99400407634187,88.00956612273067,92.94513404035212,126771
2022-06-20,84.68659973144531,92.26099253422771,83.36719086355498,89.96424265952676,130667
2022-06-21,86.739013671875,88.54709302894246,85.02866692341549,86.98334892165492,63324
2022-06-22,88.00955200195312,89.13348808418066,84.88205661341733,87.27654631883809,37173
2022-06-23,88.15615844726562,89.52443738870078,86.93448215250574,89.52443738870078,32586
2022-06-24,92.21212005615234,93.72700155914778,88.64482398458111,88.93802926145761,110062
2022-06-27,95.29074096679688,95.974876637284,92.84738863431491,94.50886523779482,77800
2022-06-28,100.42179107666016,101.64346736713048,95.8282912070999,96.07262646519396,167487
2022-06-29,102.5230712890625,105.55282686518511,97.88070158897334,99.63991089614775,152894
2022-06-30,97.24542236328125,103.3538031649949,94.94867267314082,101.15478607637799,80863
2022-07-01,98.02730560302734,99.49331710781925,95.29074781147439,97.73410031946092,45658
2022-07-04,98.27164459228516,100.0797240256743,97.14770090455016,99.20011559803298,37946
2022-07-05,97.24542236328125,100.66611561224089,96.36581403653058,99.05350158928458,56270
2022-07-06,98.41824340820312,98.80918133005666,96.41469867554986,97.2454370991632,48680
2022-07-07,101.49686431884766,102.37647273580542,98.66257384488168,99.24898442720038,69105
2022-07-08,101.05706024169922,104.08681583091963,100.17745185604942,101.83892856276124,60162
2022-07-11,107.45863342285156,109.4621853334375,98.32049712069441,100.81271950151891,158743
2022-07-12,110.9281997680664,113.86022266942499,109.706523559167,110.53726188991463,284286
2022-07-13,115.08190155029297,117.62298663249862,107.99617937416028,113.17608960276873,224730
2022-07-14,114.59323120117188,117.0365836788088,110.97707251687723,115.91264004779181,116756
2022-07-15,119.52880096435547,120.89707232681305,112.88287953304864,113.42042003724245,189142
2022-07-18,124.3177719116211,129.88861261531108,119.72427220552726,120.99481848501027,315463
2022-07-19,127.34752655029297,131.50122551547074,124.02456588684684,124.02456588684684,327048
2022-07-20,135.11740112304688,139.07563538629407,127.68960312502644,129.0090195171225,674919
2022-07-21,139.6131591796875,141.7144362345006,137.4629971822499,137.70733241713697,594461
2022-07-22,134.97080993652344,140.00411056400947,133.16272296227774,138.92902940423502,229083
2022-07-25,132.23423767089844,134.97079539945773,129.25334469716492,132.9183733747783,138086
2022-07-26,127.73847198486328,135.85040566548227,127.05433623390428,131.94104147366983,125274
2022-07-27,133.30931091308594,138.78242666216212,126.17473330384394,126.46792368326105,214116
2022-07-28,131.45237731933594,134.62873587909684,129.98636567636936,134.62873587909684,112294
2022-07-29,127.83621215820312,133.65138841561628,127.05433633660047,133.65138841561628,95624
2022-08-01,129.4976806640625,131.1102873259839,127.9827991529315,128.96014013907538,76418
2022-08-02,129.59542846679688,133.6025178014496,128.3737521611636,130.426159406803,114297
2022-08-03,128.5203399658203,130.23068669540348,128.0316694716537,129.98635144832016,92473
2022-08-04,127.20092010498047,131.55009931172694,124.7575751590762,129.98634780895972,94786
2022-08-05,127.59186553955078,129.54654746305815,126.07698406622467,126.07698406622467,115583
2022-08-08,131.79444885253906,134.3843967149192,126.51679814281934,127.59187928175517,330728
2022-08-10,127.88506317138672,132.82062280298226,127.34752269192461,131.79442678487302,64166
2022-08-11,121.09254455566406,128.08053380249805,119.67539571174967,126.27244708934798,181843
2022-08-12,120.2618179321289,123.14497101698183,117.86732791066424,120.21294789752989,78573
2022-08-16,120.65274047851562,123.43816822472954,119.23559904622986,119.23559904622986,55712
2022-08-17,119.82200622558594,123.04723453825711,118.551467387655,123.04723453825711,82642
2022-08-18,119.28447723388672,124.90418822892852,115.71718093703436,118.74693667783977,137754
2022-08-19,117.47638702392578,123.34043311410218,115.81491028098388,119.33333644378568,249983
2022-08-22,116.10811614990234,119.82200755171174,115.32624035135288,118.01392815615135,73347
2022-08-23,116.9388427734375,119.72426290899595,115.03302350219893,115.57056399174508,64805
2022-08-24,115.61943817138672,117.67185268935104,114.44662454932158,117.18318221095383,51275
2022-08-25,118.69805908203125,120.70161107437582,114.83756519221991,116.64564451458067,101542
2022-08-26,119.8708724975586,121.14141129562488,118.84466148758358,119.13786676372499,63036
2022-08-29,119.43106842041016,120.99482000137775,113.46928975166173,113.46928975166173,104733
2022-08-30,120.6038818359375,122.16762595688157,119.18673290092559,119.23560293391641,74481
2022-09-01,123.73136138916016,125.49057060549195,119.23559456095275,119.23559456095275,168607
2022-09-02,120.45726776123047,124.2688988206382,120.21293253250586,122.36307956267463,69103
2022-09-05,126.61454010009766,129.98636384890844,122.02103254280276,122.02103254280276,264104
2022-09-06,128.2760009765625,130.86594855487346,125.09964285714285,127.5918652872954,157222
2022-09-07,126.76111602783203,129.3999335643313,126.07698035733803,128.52033268984457,88478
2022-09-08,126.41905975341797,130.86594921252103,125.68605402986829,130.86594921252103,105286
2022-09-09,125.09964752197266,130.5238930338537,123.43817081092948,126.56565901637077,138422
2022-09-12,127.61346435546875,128.5992771585891,125.93758559862606,125.986879247244,66843
2022-09-13,127.21914672851562,129.14147870846207,125.34610087660467,128.10637224470327,129353
2022-09-14,126.28263092041016,128.64857572134997,124.55745092789596,125.19823077863178,91270
2022-09-15,126.43048858642578,128.54998003898214,125.44467580992342,128.15566094530487,69517
2022-09-16,120.61419677734375,128.59927909886474,116.42449230086893,126.43049390773976,290688
2022-09-19,117.50888061523438,122.73369136870957,116.81881467624164,122.04362542971684,64054
2022-09-20,120.61419677734375,123.37447567618912,118.10037860415181,118.10037860415181,80002
2022-09-21,117.31172943115234,122.24079369296547,116.81882300497104,120.51562120133087,118209
2022-09-22,116.62166595458984,119.23406405268871,115.83301264725279,118.1989650481086,53341
2022-09-23,113.71350860595703,118.19895999761242,113.07272876126983,116.86811417935748,64474
2022-09-26,107.40430450439453,113.66422197342168,106.51707897692594,113.66422197342168,97149
2022-09-27,111.29827117919922,111.74188394889251,107.4043059471428,107.4043059471428,52231
2022-09-28,109.5730972290039,112.82627504552144,109.0308971656735,110.46033027756505,36072
2022-09-29,110.6574935913086,112.38266609718644,108.78444765212443,110.41104037618318,25052
2022-09-30,110.90393829345703,113.17131070702958,108.43940633138021,109.9181255086263,37351
2022-10-03,107.60147094726562,112.62911483157771,107.20714431452146,112.57982118205159,48830
2022-10-04,109.5730972290039,113.36847510885187,109.42522380071789,113.36847510885187,38948
2022-10-06,115.73442840576172,117.3117274385192,111.39685042481236,113.36847609604797,159145
2022-10-07,114.65003204345703,116.62165765024973,113.9599585683867,115.73442462296205,47847
2022-10-10,111.29827117919922,113.36847663969303,110.26316468837477,113.36847663969303,81765
2022-10-11,107.35501098632812,111.8897481746376,106.96068437839807,111.8897481746376,52980
2022-10-12,107.40430450439453,109.3266440299381,106.86211196218095,107.55217793269095,38764
2022-10-13,104.69332122802734,108.53799283133849,103.51034882138782,108.19295983949822,59942
2022-10-14,104.20040893554688,108.43940694267704,103.90466961112331,105.92558131872582,56120
2022-10-17,104.05254364013672,104.9890627879997,102.52453079767106,103.60892336918471,41188
2022-10-18,107.74934387207031,110.11528861518902,104.39757879111227,105.48197138523415,74833
2022-10-19,105.67913055419922,108.39011579018167,105.13693801969566,107.65075618036826,55579
2022-10-20,104.93976593017578,106.3691989535404,103.51034042796569,105.08763934930379,40585
2022-10-21,103.51034545898438,107.0099839567739,101.78517303466796,106.36920412351111,49384
2022-10-24,106.81282043457031,108.04508649293213,104.59474152951907,105.4819745957706,25019
2022-10-25,104.44686889648438,107.99580118861199,104.15112955291053,107.99580118861199,28127
2022-10-27,103.90467071533203,106.41848884484321,103.51034409075534,104.05254413969264,40566
2022-10-28,103.46105194091797,105.92558397877838,103.36247216363454,105.92558397877838,25214
2022-10-31,102.96814727783203,105.87629964447017,102.03162809604054,105.87629964447017,33378
2022-11-01,102.77098846435547,104.49616093258206,102.0316288351155,102.96814802369076,45778
2022-11-02,103.75679779052734,104.39757761840526,101.88375195563601,102.1302051570387,37713
2022-11-03,105.72842407226562,110.36174127955798,103.7567984485404,104.44686440838228,194510
2022-11-04,105.62984466552734,107.40430322040635,103.51034560836321,105.92558399742973,56410
2022-11-07,105.97488403320312,107.99580343485658,105.48197759583938,106.71424368924873,63747
2022-11-09,105.23551177978516,108.19295004994305,104.49615221224569,106.7142309148641,66952
2022-11-10,103.46105194091797,106.31991060906702,102.57382642421214,106.31991060906702,43125
2022-11-11,106.17204284667969,108.24225588584903,103.51035111225525,103.51035111225525,154381
2022-11-14,108.5379867553711,109.22806022157638,103.55963667486692,106.17203455338316,97447
2022-11-15,107.05926513671875,110.21387050807667,106.46777897994994,109.42521728494854,54842
2022-11-16,105.33409881591797,107.79863087769029,104.64403284708371,105.77771909972996,32730
2022-11-17,103.75679779052734,106.27062345329658,103.51034458912466,104.98906379754072,47045
2022-11-18,103.80609893798828,105.82701082278345,102.96815197576392,104.98907138171447,43185
2022-11-21,99.61639404296875,104.20041789551954,98.8770343866018,103.80609876238145,80450
2022-11-22,99.61639404296875,102.03163257863864,99.17277373645537,100.55291326590475,57049
2022-11-23,106.36920928955078,108.98161487748061,99.86284590607924,99.86284590607924,192291
2022-11-24,106.2213363647461,108.39012166257115,104.74261706500485,106.51708323315647,76398
2022-11-25,107.40430450439453,108.34083120283523,105.48197250000595,105.48197250000595,67865
2022-11-28,107.10856628417969,108.93231852907803,106.41849278532959,107.40430562269681,89799
2022-11-29,107.79862976074219,108.43940959439459,104.5454519856033,106.66494351984254,102403
2022-11-30,108.04508209228516,109.1294746752455,106.96068950932481,106.96068950932481,59903
2022-12-01,106.960693359375,109.32664568445855,105.9748805173531,108.39011897184469,72505
2022-12-02,107.94650268554688,110.115287858895,105.67913021428349,107.4043026316324,106703
2022-12-05,106.66494750976562,108.39011999966303,106.46778794795371,108.39011999966303,50136
2022-12-06,105.72842407226562,108.0450826759118,104.2497048544717,107.60146991903558,60631
2022-12-07,105.38339233398438,106.66494449181225,104.49615928862356,105.48197211210113,41532
2022-12-08,105.03836059570312,106.46778619823594,104.3482870983919,105.38339358378121,49330
2022-12-09,103.16531372070312,105.97487876990687,102.17950089493654,105.92558512015654,67155
2022-12-12,103.01744079589844,104.0032536264812,102.37666095178864,104.0032536264812,27230
2022-12-13,103.75679779052734,105.58054997667618,102.67240520858653,105.0383574462832,38353
2022-12-14,105.38339233398438,107.20714455318691,103.85537944913213,105.3340986843485,63841
2022-12-15,103.2638931274414,106.12275181610752,101.8837536721038,106.12275181610752,67774
2022-12-16,101.98233032226562,104.24970275229033,101.53871757433478,103.70750270823733,37187
2022-12-19,102.67240905761719,103.46105481897797,100.99652271255968,103.26389525892655,38124
2022-12-20,100.99651336669922,103.60891866199087,100.55290063705633,103.01743251541554,46286
2022-12-21,98.67985534667969,102.22877976316086,97.84191600852023,100.75006062953084,84868
2022-12-22,94.5394515991211,99.56709551182378,87.68804793982241,98.67986246342801,171733
2022-12-23,90.59619903564453,95.42668332446665,90.20187240614081,95.42668332446665,78350
2022-12-26,93.80009460449219,94.63803402653778,89.61038997310901,91.48343590078194,65170
2022-12-27,97.00399017333984,97.64477005800713,94.49016428778184,94.58874407284861,58465
2022-12-28,97.49688720703125,98.97560640373702,96.16604143422701,97.54617333422858,33551
2022-12-29,97.20114135742188,98.33482759076948,96.36320197491445,97.49688820826206,25321
2022-12-30,97.74333953857422,100.05999808861162,97.20113949613464,97.20113949613464,51824
2023-01-02,98.58128356933594,99.81354961395265,97.89121759281261,99.02489633693592,38706
2023-01-03,114.55144500732422,116.03016421578961,98.43340713928235,100.01070612408114,1639566
2023-01-04,118.79044342041016,123.22660105851676,116.32591139923983,119.18477004802838,1362106
2023-01-05,114.25570678710938,119.62838362154378,109.62238204292784,118.79044423284596,420918
2023-01-06,111.10110473632812,115.29080933185038,109.52380568695078,115.29080933185038,136180
2023-01-09,111.88975524902344,114.55144685882016,110.95323607698698,112.6291148652064,105345
2023-01-10,108.78443908691406,112.43195089627416,107.9464997256944,111.64329766150585,114675
2023-01-11,109.37592315673828,113.86137424137549,107.94649765740793,108.43940403940522,150791
2023-01-12,107.94650268554688,109.67167510289579,106.36920369391596,109.42522190041737,91642
2023-01-13,105.7777099609375,109.72096091909131,104.98905676084502,106.96068223992191,96058
2023-01-16,103.80609893798828,107.1085705711163,102.77099240886133,106.07346404198935,83098
2023-01-17,103.4117660522461,105.53126511394355,102.32737345730818,104.00325223847086,92332
2023-01-18,107.0099868774414,108.39011883763914,103.46105463363271,103.70750784383303,167903
2023-01-19,106.51708221435547,107.40430776878996,104.10183620185263,107.00998864288806,65360
2023-01-20,105.48196411132812,107.45358960873612,104.20040452955116,106.3691970893926,58911
2023-01-23,103.85537719726562,105.48196982496569,103.51034422076071,105.28481027300711,29984
2023-01-24,104.05254364013672,106.07345535951335,103.60892336918471,104.15112341551891,35042
2023-01-25,102.42595672607422,104.29900264725907,101.44014387504589,104.2004153452321,45871
2023-01-27,99.9121322631836,102.42595807487123,97.299726669326,102.42595807487123,80065
2023-01-30,99.41921997070312,102.13020518692592,97.59546778402057,97.59546778402057,41983
2023-01-31,101.7851791381836,102.57383244505297,98.9263203022263,100.30645982867003,33945
2023-02-01,100.01070404052734,103.9046690543883,99.22205832513546,102.475236003292,45944
2023-02-02,100.35574340820312,102.91885511653928,99.32063698697382,100.94722956841076,38532
2023-02-03,99.22206115722656,101.34156020993187,97.89121536357831,100.79936015418578,40802
2023-02-06,102.96814727783203,106.41849218929234,98.67986296353381,98.67986296353381,85714
2023-02-07,100.94722747802734,104.1018252812467,100.55290087233631,103.51033913328739,19858
2023-02-08,100.4543228149414,101.48942171124028,99.22205685185614,101.29226216560846,35722
2023-02-09,100.70077514648438,103.01743363304442,100.40502830941097,101.83446132705977,23286
2023-02-10,101.3908462524414,102.03162608474081,100.55290686612138,101.04581327232785,16873
2023-02-13,99.17276763916016,103.6582189538093,98.33482825102651,102.52453271284969,78175
2023-02-14,100.50361633300781,101.58801647720622,98.48270451759875,100.55290998361869,56677
2023-02-15,100.20787811279297,101.29227074795611,99.6656780346338,101.04581753445743,21415
2023-02-16,99.5177993774414,101.44013885449795,99.32063982545577,100.55290582825299,29324
2023-02-17,99.17276763916016,100.50361343456713,98.87702830748911,99.61638791839908,27491
2023-02-20,101.04580688476562,104.93976423918019,98.63056865549396,99.71496117636788,248440
2023-02-21,99.81354522705078,102.03162400987414,99.5670920289593,101.39084419060534,27330
2023-02-22,99.41921997070312,100.50361255296127,98.58128058991977,99.76425294853688,36216
2023-02-23,98.23625183105469,99.5670976719437,97.54617832459564,99.12348489869908,65447
2023-02-24,97.25044250488281,99.3206480569251,96.905409499735,98.08838195200047,63809
2023-02-27,93.89866638183594,98.08837065609109,93.6522131892327,97.25043130547097,41531
2023-02-28,92.41995239257812,95.27881109081954,91.68059277343751,94.83519080664217,52355
2023-03-01,93.60292053222656,95.5745460939051,92.37065455617747,92.4199482036813,48184
2023-03-02,94.24370574951172,95.47597179623952,93.65221955131338,93.70151320164452,33826
2023-03-03,96.46177673339844,97.29971607231506,94.7366044092712,94.8844778269987,32898
2023-03-06,94.88448333740234,98.43340796319369,94.63803013392857,96.60965576171874,82610
2023-03-08,95.18022918701172,95.67313558876495,93.65221633311477,93.65221633311477,43288
2023-03-09,96.8561019897461,99.91211998849958,95.37738287539882,95.47596264545777,243786
2023-03-10,96.21532440185547,96.80681055688329,94.78589890044202,95.62383824682765,56165
2023-03-13,92.02561950683594,95.96887054105413,91.43413335593411,95.13093120051366,118228
2023-03-14,92.07491302490234,93.11001190724934,90.34974069983623,93.06072578208298,57216
2023-03-15,91.03981018066406,93.84937514423984,90.39903035921404,93.01143577210738,30774
2023-03-16,89.31464385986328,91.08911002125441,88.8217374284941,91.03981636965538,64607
2023-03-17,89.46251678466797,91.77917549469555,88.72315714181947,89.90612956191498,74411
2023-03-20,87.8359146118164,90.74406674002353,86.75152208992324,90.44831990625521,48858
2023-03-21,89.36392974853516,90.34974252563724,88.18094990331988,89.65966906897302,53380
2023-03-22,89.65966796875,90.99052121843047,89.16676158624746,90.30044777023421,108862
2023-03-23,101.68659973144531,103.16531904643146,89.01890577062836,90.05400477842545,1257442
2023-03-24,94.93377685546875,104.29899857454002,93.75079696773524,100.65148665547197,337550
2023-03-27,92.51853942871094,96.36321125407656,91.77917975156969,95.62385157693531,113117
2023-03-28,90.20187377929688,93.35647182103979,89.80754714379026,91.33556003594528,110283
2023-03-29,93.25788879394531,94.58873456141139,89.75825788847193,89.75825788847193,164652
2023-03-31,93.84937286376953,95.57454521436202,92.76498031905659,94.63802608964507,95523
2023-04-03,98.48270416259766,100.65148940086642,93.94796660548246,95.52526564432839,203254
2023-04-05,100.4543228149414,102.42594835587782,98.82773023943794,98.97560365923908,140420
2023-04-06,100.15857696533203,101.44013658806979,99.61638444890808,101.14438974554426,48532
2023-04-10,101.98233032226562,103.80609000435949,99.07418559437521,100.25715793629391,174485
2023-04-11,105.13693237304688,109.96741640195849,102.17949409263011,103.0174334345173,459702
2023-04-12,106.17204284667969,107.74934945198116,104.79191084877387,106.17204284667969,105433
2023-04-13,104.98906707763672,107.60147259835354,104.49616065943185,107.60147259835354,61415
2023-04-17,125.98688507080078,125.98688507080078,113.56563716040664,116.62166300826387,2668545
2023-04-18,136.14076232910156,147.08327607753978,133.1833237415814,137.81664118690088,7458021
2023-04-19,140.13328552246094,142.94285805987198,135.45067465498238,135.99287471125763,2133072
2023-04-20,133.18331909179688,139.4925151746448,132.29607852113045,139.4925151746448,382477
2023-04-21,139.93612670898438,145.70313771954736,133.1833179213058,133.1833179213058,756789
2023-04-24,137.66876220703125,144.91449286732163,136.28863019664772,143.2386139854814,324126
2023-04-25,134.8592071533203,140.57692495739784,133.77480695102057,137.66876488095156,270088
2023-04-26,133.72549438476562,137.0279731355311,132.64110937814317,134.85918807997732,179908
2023-04-27,134.41558837890625,137.02798641962238,134.0705478638032,134.41558837890625,123448
2023-04-28,136.830810546875,143.14000603028185,134.61273189441513,135.49995733847564,1001087
2023-05-02,137.2251434326172,139.34465005030438,135.54926462391086,138.16166261610218,223693
2023-05-03,133.57765197753906,137.5701973513817,132.09893258295375,136.97870357662296,203277
2023-05-04,138.75315856933594,140.82337157024304,133.67622841125416,133.67622841125416,468683
2023-05-05,145.90028381347656,150.78005381093857,137.71803515871855,138.8024351769583,1293566
2023-05-08,150.73077392578125,152.80098686147355,145.70313757701547,146.88610995070684,872316
2023-05-09,150.08999633789062,156.05416668851498,148.1183707702336,150.73076863045543,610076
2023-05-10,153.24459838867188,155.6598367660123,148.90702803925683,151.2236791186202,482830
2023-05-11,149.74496459960938,155.31481617919835,148.8577390592268,154.4275755965056,339128
2023-05-12,152.8995819091797,160.09600381481195,149.6463964349249,149.9421433039136,762654
2023-05-15,169.80625915527344,171.5314315995215,154.03325395071974,154.08254760044596,2087674
2023-05-16,168.42611694335938,175.96757857985827,166.89810414891,171.23567429866077,1031881
2023-05-17,167.2924346923828,172.3693798059206,166.306621859732,168.5739943832909,480730
2023-05-18,174.14382934570312,177.4463083230845,168.62328655659311,168.82044611293455,1121054
2023-05-19,173.55235290527344,179.86154904307585,172.12292730055526,175.1789380688648,557548
2023-05-22,165.02505493164062,175.17892967110737,163.69421669131205,174.2424105296222,455841
2023-05-23,166.84881591796875,171.43283940780154,162.01833922884796,165.0250562263138,474968
2023-05-24,160.98324584960938,167.7853486851279,159.7016861008319,165.8630165831171,396557
2023-05-25,163.29989624023438,165.81372207245596,157.82864683413584,161.27899188635473,273929
2023-05-26,157.73004150390625,165.22222449226538,156.39918826179346,164.03923714713892,263352
2023-05-29,152.65310668945312,159.1594616578601,147.23113669462643,156.74422348680807,769082
2023-05-30,148.8577423095703,156.30063243351094,148.01979535911542,153.24460654135714,275655
2023-05-31,150.6322021484375,153.63893426276942,148.16767009444575,148.6605765052441,310908
2023-06-01,152.70240783691406,156.00488697462825,150.68150348341354,151.0265289631843,251449
2023-06-02,154.77261352539062,157.33573288732106,152.160215556058,152.75169422567353,232696
2023-06-05,168.22894287109375,170.49631524634395,154.9697641476843,156.05416420959367,994543
2023-06-06,166.20803833007812,174.39027225233517,165.271504168725,170.54560848265558,785702
2023-06-07,167.53887939453125,170.24986454668323,163.54633461653646,167.39101349406485,515841
2023-06-08,161.22967529296875,169.5597898681456,160.6874752820217,166.84880485571884,369407
2023-06-09,170.49632263183594,172.41865460457421,161.18039457755827,161.2296882265638,616589
2023-06-12,169.2147674560547,176.46049782501132,168.1303823607284,174.29171259204864,443332
2023-06-13,166.50376892089844,170.8906477307865,165.27150297257234,169.70766038654628,213742
2023-06-14,180.25587463378906,184.149832145079,166.89810832339376,167.83462746525194,1292218
2023-06-15,186.91012573242188,189.22677694612528,181.3402740045431,183.0654465230142,1659510
2023-06-16,184.7906036376953,192.18419952911265,183.06543126303126,188.53669523114195,1012122
2023-06-19,192.47996520996094,194.69804419445472,183.8541024924851,186.3186346974782,893589
2023-06-20,192.08563232421875,199.0848942599917,189.276059794717,193.81080474422268,969491
2023-06-21,193.2686004638672,195.1416387477099,191.14909394024576,193.21930681591144,335482
2023-06-22,187.60018920898438,193.86009180931185,186.5157890521728,193.17002581966375,282240
2023-06-23,179.5657958984375,189.07889846476883,174.58745328132403,187.35372606097042,385642
2023-06-26,189.57180786132812,192.2334994607847,176.50978802617223,179.41793283006572,296295
2023-06-27,191.2476806640625,194.69802541831106,187.79733590981394,191.64199976191,247082
2023-06-28,187.69874572753906,192.87426277931652,185.72712018400478,192.03633094869994,154773
2023-06-30,185.0863494873047,191.14909206876672,183.36117712191037,188.63528151303956,182439
2023-07-03,183.95266723632812,188.93100964598574,183.3611735627505,186.46647774326058,142420
2023-07-04,180.10800170898438,187.6001852620474,177.9392164833009,184.34699990236714,212493
2023-07-05,182.2767791748047,185.38209849415435,178.67856850189716,179.4179280956981,148793
2023-07-06,178.92503356933594,185.2835234893709,178.08708662385013,183.16403186346272,105671
2023-07-07,173.99595642089844,183.0654310275769,169.1161861473011,179.91083312642473,341345
2023-07-10,185.18495178222656,188.33954992600812,173.60165067633196,173.99596980343821,384459
2023-07-11,183.80479431152344,190.75477758872174,183.21331565446357,187.99449872884676,230449
2023-07-12,182.32608032226562,187.0579849256857,181.38956114005887,185.28351881911442,158281
2023-07-13,179.9108428955078,184.2484133648316,175.47468512548159,181.63601536162912,198342
2023-07-14,215.89300537109375,215.89300537109375,186.0228742222476,186.31862107368363,2553264
2023-07-17,257.1492919921875,259.0716090292115,229.74369132180354,238.5667134598954,4052565
2023-07-18,248.0943603515625,262.1962688623917,239.28686805096643,259.6232857789694,1637852
2023-07-19,248.14385986328125,254.97213949840273,243.74011342612616,245.47192501041624,664757
2023-07-20,240.7218017578125,251.31058919536216,239.5837602253471,251.31058919536216,315903
2023-07-21,243.29478454589844,247.2532108791231,238.04986663433618,239.58375985850034,301219
2023-07-24,232.11221313476562,246.26358944255003,229.93508180284428,245.22449957271112,255266
2023-07-25,231.2710418701172,241.1671071200169,228.59910727268368,233.25025492009712,290707
2023-07-26,235.8232421875,239.43530002892007,230.97416106728684,231.02364441447017,157788
2023-07-27,244.03697204589844,252.30017736594482,233.05233371601994,237.5055630226955,585672
2023-07-28,236.91180419921875,245.96671327474914,235.22947606885393,245.3234599512406,171886
2023-07-31,233.54714965820312,240.42491227428437,230.62781330751517,237.4560925752394,190698
2023-08-01,247.15423583984375,249.82617050455931,234.53675232850037,235.03155560345502,415371
2023-08-02,238.24778747558594,253.38875628172624,232.60703291053383,247.55008341793865,348051
2023-08-03,235.17999267578125,240.67231209755877,234.28935281287582,237.95089406066157,143269
2023-08-04,238.09934997558594,244.23490777183952,235.67480176640836,237.50557998554282,199361
2023-08-07,249.47982788085938,259.6727636982019,238.9899919656818,238.9899919656818,690295
2023-08-08,241.9588165283203,251.0631943347041,239.6332349510566,249.4798328163148,188633
2023-08-09,245.5708770751953,253.09189343837005,243.443228879136,243.88854883875322,252849
2023-08-10,248.93553161621094,254.67525264800875,245.76879366424592,246.70891687027023,297209
2023-08-11,230.7267608642578,236.46648186862137,222.66147352981253,224.6406866278553,572658
2023-08-14,233.20079040527344,237.50558517668014,230.825740593586,232.2111838003706,176318
2023-08-16,239.6332244873047,245.2739940070917,232.65651026055383,233.25026514144864,237705
2023-08-17,237.9014129638672,244.13593736379386,234.1409200847285,240.87023266857534,117034
2023-08-18,235.22947692871094,242.2556895638095,233.89351712921322,240.47439473094812,116587
2023-08-21,234.4377899169922,246.21411713620398,232.55754347788843,235.03155989786595,169760
2023-08-22,230.87521362304688,238.84154945643493,229.5887220741436,234.4377881813201,129479
2023-08-23,232.80494689941406,238.00038142108005,230.67729880204908,231.56793867996979,158702
2023-08-24,231.2710418701172,235.9221895175306,229.78663208263222,234.19037809879816,90620
2023-08-25,232.062744140625,234.63572730123997,224.69017810374498,232.01326079134432,182096
2023-08-28,251.90435791015625,255.12056419433407,233.10183289380498,233.39871788778697,992481
2023-08-29,260.6128845214844,268.4307700325849,256.3080900956295,256.3080900956295,879804
2023-08-30,260.9097595214844,270.855323417916,259.2769147624866,262.1467677026031,518341
2023-08-31,257.0997619628906,263.82910442297606,253.1908343268915,262.344694642127,251901
2023-09-01,257.5945739746094,265.7093597990975,251.45903145888977,259.02951555833806,240949
2023-09-04,257.84197998046875,263.3837828178594,255.8627668385718,258.8315865514172,190191
2023-09-05,293.46783447265625,296.881989431275,255.4174776141198,259.0790040302002,1381235
2023-09-06,302.4732360839844,315.6844895716546,295.94182681138835,300.84039131593414,1078208
2023-09-07,294.1110534667969,304.5513895919866,292.42871039620485,304.5513895919866,223153
2023-09-08,286.7384948730469,296.3871586349527,283.07693859606314,294.9027488254287,242258
2023-09-11,290.9443359375,298.910656865154,283.4233198527779,289.905261103596,221328
2023-09-12,261.8498840332031,294.90273485242284,259.2274328673794,292.9235218668361,568546
2023-09-13,271.05322265625,276.54555702060736,253.58667343349504,257.2976979227657,256790
2023-09-14,271.6470031738281,278.57424915640297,267.2927403105745,273.13141302723704,131369
2023-09-15,271.4490661621094,277.04036736241403,265.90729361022477,272.14180283129264,115720
2023-09-18,268.82659912109375,275.4569747373449,267.73802593329816,270.65737718233265,76116
2023-09-20,264.32391357421875,273.8241424234619,262.7405370659457,268.23284129733577,138505
2023-09-21,273.5767517089844,284.6108590596138,263.2353508456057,263.97755578220045,266251
2023-09-22,272.5871276855469,282.03785785999605,270.06361294235245,274.8137423528626,170252
2023-09-25,280.5039978027344,282.92851580886924,269.8162285948134,273.13141668523883,145202
2023-09-26,278.3763122558594,286.83746643394574,277.48567239511226,280.9987937908307,116307
2023-09-27,278.6731872558594,282.03784320489183,275.1105979331927,278.02994909213726,89934
2023-09-28,273.27984619140625,286.44163159275445,270.3110265039376,280.8503303543721,121493
2023-09-29,275.01165771484375,278.57424738039145,273.7251812635828,275.45699274818554,59558
2023-10-03,275.60540771484375,281.6420133493948,271.64698175125534,276.990850762021,101950
2023-10-04,266.20416259765625,274.7642532359033,264.22494949284095,274.2199817122372,110821
2023-10-05,267.2927551269531,272.19128979449704,266.0062483957819,267.2432566755249,66320
2023-10-06,271.3006286621094,275.9517915104611,268.18337408095226,269.07401393265496,96806
2023-10-09,260.3160095214844,267.2927543183682,254.08149989059845,267.2927543183682,157075
2023-10-10,280.20709228515625,285.6994268302746,265.2640271431486,267.19377202123803,284365
2023-10-11,278.0794372558594,289.55887913995247,275.1600858877841,285.3530513522749,185670
2023-10-12,277.9309997558594,280.2565811394743,275.308548493653,278.97007453132403,70165
2023-10-13,272.7355651855469,278.6237059075291,271.2016569467489,277.08982786912566,104580
2023-10-16,268.77716064453125,277.0898501076823,267.19378403240796,274.1210302851,77357
2023-10-17,272.98297119140625,276.84243067277066,270.1131182540017,270.1131182540017,74134
2023-10-18,269.5688171386719,276.1002263835224,268.1833740141024,273.13140674498993,75351
2023-10-19,268.9750671386719,275.80337697452296,267.1937873034743,269.17300054275927,73395
2023-10-20,270.36053466796875,285.9963068370319,267.44118312355664,268.9750612703786,355858
2023-10-23,252.59707641601562,279.8607252771354,249.9746250515798,271.59753459681053,201174
2023-10-25,238.89100646972656,260.2170449693595,226.4219734518682,256.15965222136765,292156
2023-10-26,250.22201538085938,255.3184829342352,230.67728655159135,235.08103255890597,233772
2023-10-27,255.26901245117188,262.0477929140062,251.45902133092866,254.57627581098436,152789
2023-10-30,254.9721221923828,262.2457363927902,252.69603920196198,262.2457363927902,108556
2023-10-31,253.0918731689453,262.0478002957432,249.47981532997582,258.73264253967216,80255
2023-11-01,248.0448760986328,255.02162040709226,246.0161947481731,252.79499056597263,60263
2023-11-02,248.53968811035156,254.97213092133225,247.69853157211142,250.37046633509456,54308
2023-11-03,251.3600616455078,256.80289762602075,249.3808485616849,250.3209717564613,71242
2023-11-06,254.9721221923828,260.2665232879389,252.74550744942513,254.13095058274197,69420
2023-11-07,251.90435791015625,255.3184975904541,250.32098134238427,255.3184975904541,49665
2023-11-08,253.28981018066406,255.66487511764075,252.34968691611434,253.24032682985646,45312
2023-11-09,246.2635955810547,255.31848945779274,242.45360433007448,253.68564469319983,96782
2023-11-10,234.73468017578125,245.62035266799893,232.6565153964768,240.4744014189902,221359
2023-11-13,236.66439819335938,240.72179105073752,233.59662697698334,237.70348808124376,93104
2023-11-15,233.5966339111328,244.23490454057256,231.5679374222233,236.51597027312553,118817
2023-11-16,228.20327758789062,235.47687670590042,226.57041771227378,234.4377868032711,127465
2023-11-17,236.76336669921875,238.44569481142028,228.59911267510776,228.59911267510776,173338
2023-11-20,238.89100646972656,244.4328089889061,231.61740765102513,238.84153822417795,180162
2023-11-21,241.51348876953125,244.03698856753113,236.31805422667188,240.77128383483705,168108
2023-11-22,237.85194396972656,244.68022322906313,236.02116578415192,242.70101009879772,87049
2023-11-23,239.6332244873047,242.4536092471982,235.1799949297031,237.50557640541865,89677
2023-11-24,242.30517578125,244.43282387612493,237.55506120410354,241.4145208041737,91424
2023-11-28,239.53427124023438,245.422427261344,236.66440315165644,244.23490240753836,104209
2023-11-29,235.6748046875,241.46400931148165,235.13053314011228,241.26609101241354,69358
2023-11-30,232.65650939941406,236.21908397219033,231.51845278989836,235.52636239694476,74517
2023-12-01,229.98455810546875,237.0107707093748,228.5001482680405,236.51596743023208,91257
2023-12-04,230.8257293701172,235.52636051484626,229.14340124362212,232.16170426185613,88215
2023-12-05,230.42990112304688,237.4560988702677,227.65899964377462,232.50806590735237,95620
2023-12-06,232.60702514648438,233.6461150554104,229.5887221158698,232.06273851798048,125444
2023-12-07,240.5733642578125,242.45361070894552,231.56793839140104,235.52636468868994,129602
2023-12-08,236.6149444580078,245.0760688206483,234.0914446041508,242.45361736676065,73452
2023-12-11,242.00828552246094,242.84944203227514,237.55505603458158,237.55505603458158,103027
2023-12-12,252.54759216308594,257.19873999477323,241.95880494621548,242.94841151041265,465076
2023-12-13,265.16510009765625,270.45947123830405,254.32889576598947,256.95134721143495,528164
2023-12-14,260.6128845214844,267.93596676985203,258.4852365318119,265.75882033366963,115006
2023-12-15,251.21163940429688,261.45407367096533,249.38086116912677,259.2769270885366,108445
2023-12-18,247.9459228515625,252.794988881627,246.70891467040343,251.360062411522,86599
2023-12-19,246.5604705810547,253.73511820498896,245.42242906699255,249.33137199378612,72503
2023-12-20,232.85443115234375,248.53968637568016,229.63820976930086,248.53968637568016,173682
2023-12-21,235.3779296875,237.10974119215834,226.61990546672004,231.56793833717245,100689
2023-12-22,239.13841247558594,243.83904350372336,236.8128461849416,241.95879713254732,76118
2023-12-26,243.44320678710938,246.06565805591597,241.46399372379955,242.45360025545446,82469
2023-12-27,242.55258178710938,246.01620485979237,237.60454882613365,245.37295151474657,59712
2023-12-28,236.71389770507812,245.2740039277067,235.08105284132623,242.55258575465456,100288
2023-12-29,246.7089080810547,248.3912361424582,236.71387620416778,236.9117944878275,392386
2024-01-01,258.1388854980469,268.4802562615957,248.29228782997654,249.38086112098074,634759
2024-01-02,260.16754150390625,266.55051547702186,250.66732821171448,260.16754150390625,231384
2024-01-03,269.0740051269531,276.10021741670437,258.98003680399825,262.2457262201672,366367
2024-01-04,266.35260009765625,276.2486657167436,261.89937056906695,270.31102634529117,290682
2024-01-05,264.3733825683594,270.1625868991341,260.31598969206624,268.4307754446525,133819
2024-01-08,270.1131286621094,272.14181007523905,264.52182731297387,265.313530698885,191943
2024-01-09,270.1131286621094,279.1680228481699,266.3526055299229,271.1522034931473,210329
2024-01-10,268.6781921386719,273.1314218426278,262.24574923295785,271.1522086408696,112745
2024-01-11,259.27691650390625,271.39959676029116,255.1205569072733,270.8553252371014,151322
2024-01-12,258.38629150390625,265.0166376602197,257.89148819968597,260.2665380198639,113767
2024-01-15,253.735107421875,262.691064609314,251.6074594294141,261.05818967984,149280
2024-01-16,247.84695434570312,256.1101598753389,244.0864464824222,252.3496671122554,142946
2024-01-17,243.9875030517578,246.90683941558993,242.1567248556913,246.4615194787677,77448
2024-01-18,241.71139526367188,248.1438377169528,234.14091133950478,244.43281322467533,159485
2024-01-19,241.85984802246094,246.3130777412884,237.50558500413123,242.45361802505064,161298
2024-01-23,235.13052368164062,243.49269605752363,234.53675370812329,242.25568786286055,114384
2024-01-24,235.08103942871094,243.78958010564926,233.44817955792382,235.52635935703555,155803
2024-01-25,236.46649169921875,241.36504130048203,231.12262215242214,236.9118116447521,170370
2024-01-29,230.6772918701172,239.93010401339146,221.4244646266454,237.5550543435087,186081
2024-01-30,233.54714965820312,245.52139515109693,232.50805974349782,232.50805974349782,134182
2024-01-31,232.508056640625,235.47687630005038,229.9350886625749,233.5471465414634,86956
2024-02-01,233.15130615234375,239.78166693006392,231.5679296530983,232.55753619007734,111876
2024-02-02,232.4585723876953,240.07855489737173,231.56793253341505,235.92219531020365,94727
2024-02-05,228.45068359375,236.02116784297374,227.65899531469833,234.04195469544356,121369
2024-02-06,231.6669158935547,235.82326067951493,228.2527609727529,229.5887359504752,97475
2024-02-07,227.1641845703125,236.46648001824295,224.64068487001515,233.79454537683293,125045
2024-02-08,228.05484008789062,237.40661952552045,221.67188047809242,227.90640513657846,213487
2024-02-09,224.34381103515625,234.48727858727693,218.65357314006417,232.755467053988,159590
2024-02-12,210.09347534179688,232.16170461136628,206.13504910869736,225.7787302303351,244072
2024-02-13,218.80201721191406,225.58081311121222,206.9267384508918,211.77580457156344,142052
2024-02-14,220.63278198242188,223.10679840989957,215.23942919056006,217.66396226944863,56594
2024-02-15,222.1666717529297,225.63029469785286,217.81240894796247,222.46355673967693,56689
2024-02-16,224.69017028808594,227.2136700116424,219.69265418853252,224.04691697020817,78316
2024-02-19,221.42446899414062,229.48975646155756,220.18746078746946,226.22406687610393,61741
2024-02-20,215.43734741210938,223.15628168327788,214.051904253268,221.52343688177208,82428
2024-02-21,211.4789276123047,219.6926654205917,210.43983766122167,215.23943571612025,88642
2024-02-22,212.5180206298828,213.26022559133756,209.15336417803394,212.7159389328977,84008
2024-02-23,212.46852111816406,217.71343880020856,211.13256134928125,214.20033256316572,82532
2024-02-26,233.25025939941406,237.505570558629,213.8044968500053,214.1508500802848,523892
2024-02-27,233.15130615234375,246.80786428249675,230.42988817565134,237.2086838938394,471407
2024-02-28,221.32550048828125,234.04195078898823,219.0988857344748,233.99246744108632,210131
2024-02-29,220.2864227294922,223.35419395570423,215.88266152863386,221.62238250374344,118120
2024-03-01,217.91136169433594,224.93757431694033,215.73423028035356,222.11718957824192,105253
2024-03-04,214.64566040039062,227.560029243612,213.7550205216297,222.6119963611669,91349
2024-03-05,214.59617614746094,216.92174236865407,211.18202163303795,214.64564439243773,95498
2024-03-06,206.4813995361328,214.5961852837959,203.61154659624052,214.5961852837959,190741
2024-03-07,207.56997680664062,211.72632135555406,205.49179698208502,205.8381653195769,139537
2024-03-11,199.70260620117188,211.92423811868946,197.92131137872383,209.74710671356303,155944
2024-03-12,194.01235961914062,202.7208999412565,192.28054822384135,202.7208999412565,244309
2024-03-13,181.98863220214844,197.92130314543476,178.67345943458065,195.64520513922287,429545
2024-03-14,185.55123901367188,191.1919936596478,176.10049288653582,179.26723101232946,372921
2024-03-15,181.0485076904297,187.72835162208133,178.12917151071022,187.72835162208133,217732
2024-03-18,198.5150909423828,214.7446332193412,181.79073026287728,183.02773851874906,1468510
2024-03-19,192.4784698486328,198.41610902134127,191.29094503413057,197.9213057569489,367727
2024-03-20,194.6061248779297,202.32505910142956,190.35082873053932,196.83273964815862,256605
2024-03-21,194.6061248779297,203.36414901424263,192.4784768042345,197.52547632349922,198669
2024-03-22,195.9915771484375,200.89012647344003,193.9628807329766,195.15040555415942,175410
2024-03-26,194.3092498779297,199.8510374335075,193.3196433394125,196.4368978956627,206251
2024-03-27,197.67391967773438,202.86935436263104,195.29886986186102,197.82235462865205,301122
2024-03-28,195.4967803955078,205.83816600403642,194.210288837943,196.1895019725972,195767
2024-04-01,219.94004821777344,224.64067916955938,197.72338494989827,197.72338494989827,817081
2024-04-02,221.32550048828125,224.09640186861324,213.7550163654184,219.69265570890227,298441
2024-04-03,220.3853759765625,226.12509699471738,219.8905727008629,221.67186751342098,146406
2024-04-04,217.2681121826172,223.1067845486382,214.3487759996067,219.544210174526,144029
2024-04-05,217.21864318847656,221.0286345418844,214.7941101000343,218.60408635324416,109433
2024-04-08,212.27061462402344,219.04942583974173,211.08308973008255,218.65357414162924,129726
2024-04-09,210.6377716064453,214.0024280184479,208.80699334979192,214.0024280184479,87666
2024-04-10,211.97372436523438,213.40865087231265,209.30178964512345,212.17164265928,72538
2024-04-12,209.54917907714844,214.44772829527614,208.85645753825514,211.8252770765382,82400
2024-04-15,201.3849334716797,205.8381629587684,195.1504091697159,205.8381629587684,186004
2024-04-16,202.1271514892578,205.5412912973108,197.97080671857594,200.49430661155378,86426
2024-04-18,208.7574920654297,210.78618844847082,202.86933630017145,204.20531114027582,121398
2024-04-19,205.64024353027344,207.3225716404909,199.90052253641605,204.74958857766592,92715
2024-04-22,208.9059600830078,212.51801814646558,205.78869022120602,207.4710184274713,100292
2024-04-23,210.6377716064453,212.8643864644407,209.79659995334544,210.48932155579323,83431
2024-04-24,210.09347534179688,215.63526300801757,208.65854885233784,211.77580347082463,99235
2024-04-25,213.16123962402344,216.62486246443365,209.30178021335954,209.79658347627526,125523
2024-04-26,210.1924285888672,214.79410818111677,209.79659200252647,213.70553491838302,80968
2024-04-29,209.05438232421875,212.66644016808482,207.8173741447855,210.291390503652,79935
2024-04-30,209.45021057128906,211.42942357966487,207.71839918896026,210.68721870152393,83487
2024-05-02,205.29388427734375,211.47892547092604,202.47351455318915,210.2914005817979,101959
2024-05-03,205.83816528320312,212.76541123023398,203.85895215548,203.85895215548,117922
2024-05-06,199.65313720703125,205.93714533516354,197.97080895940334,205.34337531826014,65977
2024-05-07,198.76248168945312,206.82776903519633,197.42650680632377,201.1375313703524,131026
2024-05-08,196.78326416015625,202.1766167184644,193.9628795148864,202.1766167184644,81662
2024-05-09,190.8456268310547,199.99948730456532,188.61901212128183,197.92130753536503,77657
2024-05-10,193.66600036621094,194.95249191155517,188.37161434142186,192.92379544776594,59922
2024-05-13,193.31964111328125,201.8797315328041,190.54873981730137,201.8797315328041,76758
2024-05-14,196.43690490722656,197.6244297757949,193.27016689097837,194.95249504646668,66365
2024-05-15,199.4057159423828,203.71051039114346,197.03066630870632,198.06974108581647,57949
2024-05-16,198.66351318359375,202.52297265492703,197.92130827755292,200.19740634278426,35729
2024-05-17,197.0801544189453,200.4448260226784,196.33794944608934,200.24690771662324,57065
2024-05-21,196.63482666015625,199.90053143130132,195.24938347249386,198.71300654184807,85821
2024-05-22,198.16871643066406,201.7313061369125,194.35872508093166,198.16871643066406,101170
2024-05-23,214.59617614746094,221.67185660158455,198.56453872379598,201.1375216708574,1532666
2024-05-24,188.02525329589844,212.17164820539764,185.50175345530857,207.8173852217825,1284123
2024-05-27,187.0851287841797,193.3691215680295,186.0460388450586,190.89510509402606,232340
2024-05-28,182.92877197265625,187.08511635276193,181.09799386346583,187.08511635276193,131254
2024-05-29,186.09552001953125,187.67888148426852,180.9000854848472,183.07721693648472,106807
2024-05-30,181.8402099609375,186.04603794642858,180.45476678226674,185.94707124786717,72960
2024-05-31,178.8713836669922,184.06681804736124,177.13957220686916,183.76993306272922,95064
2024-06-03,185.99655151367188,189.90549443887392,180.20736214855938,184.06682172530105,147440
2024-06-04,178.27761840820312,186.5408393477725,173.1811505881177,186.5408393477725,145701
2024-06-05,177.535400390625,184.0668093428701,170.85555650318213,178.67345692786301,184561
2024-06-06,184.56161499023438,186.63979471116838,181.49382875460742,185.7491397878265,113595
2024-06-07,194.40821838378906,195.44730835966502,183.07722555209128,183.07722555209128,227634
2024-06-10,194.11131286621094,199.80155035645396,192.9732714082412,195.8431242762849,182599
2024-06-11,195.59573364257812,199.45520834783918,192.15190698727588,194.4576921206282,116024
2024-06-12,195.2196807861328,197.9213023349497,192.76544576503758,195.05144949117175,160153
2024-06-13,194.00247192382812,198.61404232060826,193.17120600085957,195.7441892102747,156257
2024-06-14,201.3255615234375,203.84906127825823,194.56654688845083,194.95249284388004,370343
2024-06-18,201.5234832763672,205.49180022470125,198.9109225100933,202.77038213065768,243322
2024-06-19,199.3958282470703,203.85894833026867,194.95248942263558,202.6714234959571,242973
2024-06-20,199.27706909179688,201.83025584062133,198.3468365049929,199.3958321476896,103698
2024-06-21,197.76296997070312,201.7807701607298,196.8822207423485,199.2770667891083,103355
2024-06-24,193.41859436035156,198.970287629,193.17119272645493,196.9317005817233,121234
2024-06-25,190.8456268310547,195.9420944600114,189.2226727132726,195.2988562506004,204985
2024-06-26,192.95347595214844,194.45768209770242,189.50964947435122,191.0930259539025,151399
2024-06-27,189.9154052734375,194.79415853876785,188.56953970020874,194.06185932258342,129573
2024-06-28,187.28305053710938,191.7461709024771,186.2043829585919,191.7461709024771,123318
2024-07-01,191.33053588867188,196.23899125512952,188.34193483711334,189.21277837456032,203393
2024-07-02,195.04156494140625,199.9005370654102,192.85454276922763,192.97329073146034,244309
2024-07-03,194.17071533203125,199.0593591940064,193.1811087437435,195.04155886158972,126542
2024-07-04,192.68629455566406,196.8327332419955,191.57792497131106,194.9524868706318,102785
2024-07-05,192.4388885498047,198.60413287812423,191.4888596562606,192.82483448463887,196338
2024-07-08,193.57693481445312,198.9702874073523,191.99355831919954,195.64520884747765,151362
2024-07-09,188.37161254882812,193.96288350782675,188.02524421677083,192.97327695931745,138353
2024-07-10,183.9282684326172,191.1424933201702,183.17617291340062,189.88570391176583,156179
2024-07-11,187.63929748535156,189.62840120349964,186.03613971550675,186.66948729990696,137153
2024-07-12,184.42308044433594,189.56903157309281,183.57201819264245,189.26225595333082,107585
2024-07-15,186.49134826660156,187.3226141309107,183.63138598804966,185.89759340646535,132678
2024-07-16,183.27513122558594,189.65809049433844,180.09850263564667,187.62940913387277,185762
2024-07-18,184.49234008789062,186.046029604491,181.19696359636782,182.23603838368174,95119
2024-07-19,180.62200927734375,186.05440665422418,179.48777446436398,186.05440665422418,105041
2024-07-22,179.26889038085938,183.10937242334853,176.2542131630768,180.08475123718316,108093
2024-07-23,177.18946838378906,180.9702563811129,174.12504085676372,179.58728564738172,142657
2024-07-24,176.38356018066406,182.96013649202584,175.09013075775306,179.07986340492388,182904
2024-07-25,181.28863525390625,182.5721055009436,174.1150869900007,175.11997431238447,227968
2024-07-26,185.99472045898438,192.41210231242488,181.57716936161876,181.5970724803508,305041
2024-07-29,196.42172241210938,197.5460133019623,186.4623445344646,188.29303673015167,510285
2024-07-30,197.9937286376953,200.6402816188559,193.61598392639863,196.9987852777069,311697
2024-07-31,195.28749084472656,199.77468014797202,194.51143620126737,198.98868153582342,136885
2024-08-01,190.36251831054688,198.5907042964267,190.0341851740525,196.25258128576888,128565
2024-08-02,194.79995727539062,197.56591383300028,186.46234209225756,187.50703567535876,173841
2024-08-05,180.3434295654297,190.83014117441883,178.10480698560326,189.0392400742315,331988
2024-08-06,180.13450622558594,186.4125966721075,179.08981261566825,184.04462651384492,147223
2024-08-07,182.27362060546875,183.85557690505667,180.58221992896168,182.0746349696969,72827
2024-08-08,187.21849060058594,191.7852769884487,181.81595543225762,183.55710631570963,104164
2024-08-09,188.66116333007812,206.64974188873003,184.1043207198531,188.64127539278107,784552
2024-08-12,184.9102325439453,191.21816990561615,183.27852601420264,190.28292070290428,189744
2024-08-13,183.63670349121094,189.0292946879222,182.27362076265499,189.0292946879222,86230
2024-08-14,180.79116821289062,189.02929818262638,179.0997523220238,185.3579546823163,138443
2024-08-16,184.0247344970703,185.05946893377154,179.9156134739135,182.1243889950729,103769
2024-08-19,183.45761108398438,185.90517850342422,181.01004366454453,185.90517850342422,164365
2024-08-20,183.8157958984375,186.61158446517948,182.57211662984184,183.44767169305533,108595
2024-08-21,199.7647247314453,202.9186933312491,183.96501946480623,183.96501946480623,1064451
2024-08-22,235.55284118652344,239.7116971566148,201.97350268580468,202.7495572944019,5577943
2024-08-23,242.9054718017578,249.73078387263368,234.159926329323,236.79652016608293,3864455
2024-08-26,247.9796905517578,256.69538899166923,230.87661162360078,244.2088466846242,1165175
2024-08-27,263.5406188964844,269.62966779068313,239.8311152907329,248.48712003956868,1489132
2024-08-28,256.29742431640625,266.0478574303744,253.81006583189776,266.0478574303744,474142
2024-08-29,246.81561279296875,257.11328289990547,243.76112931397392,253.71056316352386,377420
2024-08-30,243.12435913085938,249.47210260160412,238.78640549051644,246.74595234020032,246022
2024-09-02,261.2522277832031,266.1473627304552,239.78136231042882,243.4626498987854,826554
2024-09-03,264.6947326660156,269.6296430932416,258.6852664363204,263.11277641101555,647548
2024-09-04,265.4807434082031,267.6397840220461,256.7949066529134,258.6852931068104,426446
2024-09-05,259.11309814453125,267.14229853862946,257.75998971698834,266.1473551548729,234310
2024-09-06,255.14328002929688,273.310955667317,249.37260545155215,259.02355309656383,715062
2024-09-09,264.18731689453125,270.62460183657134,250.97446990174677,255.1432851311579,463296
2024-09-10,273.9875183105469,277.5892085599046,260.67517076234765,264.6250972743076,696715
2024-09-11,261.4014892578125,281.5689809559309,258.75493618191433,273.98751713955045,495287
2024-09-12,263.34161376953125,267.63977657645523,258.1679262692826,263.66000294706555,173096
2024-09-13,264.0877990722656,267.6297948749029,261.7695944883203,262.55560821560675,146628
2024-09-16,259.5210266113281,266.57517150518254,256.69539106643634,265.45088063192463,212523
2024-09-17,258.6654052734375,265.6498972593695,252.87482719206113,258.70518114930456,179187
2024-09-18,250.60633850097656,258.33703748129085,247.69114656026218,257.5012887020619,189856
2024-09-19,244.2983856201172,254.56620836928727,235.9906176837862,249.8302834471686,241229
2024-09-20,249.541748046875,255.70045003116124,245.75101617780865,248.73584633381444,124457
2024-09-23,243.7113800048828,252.2678992196231,241.781187401909,250.5267482895471,154507
2024-09-24,234.7568817138672,245.7510088294035,234.0106741971787,242.26870708485728,199506
2024-09-25,234.3489532470703,237.7914639659935,228.83697369112346,236.44828435211062,201448
2024-09-26,236.05032348632812,237.6621269487449,226.12079252793922,234.34896357917472,162164
2024-09-27,229.5732421875,240.57731359976069,226.9963272815558,236.82637278635576,145264
2024-09-30,233.6923065185547,235.80158163114163,220.87743089499344,229.3344496454774,214129
2024-10-01,249.7506866455078,250.72572688810493,231.27458115073728,231.97103846687804,668733
2024-10-03,235.93092346191406,246.7459529108104,233.81168925016306,246.7459529108104,303679
2024-10-04,229.25485229492188,235.49315155190575,226.40931361468634,234.15993106340628,198325
2024-10-07,211.06729125976562,232.59786572557735,208.04267001814213,231.82181109181764,294971
2024-10-08,230.09060668945312,231.075606127137,208.34114321915573,211.4254738515247,230341
2024-10-09,236.11996459960938,237.74171194683723,227.74252817989463,231.89145533541836,158783
2024-10-10,238.07005310058594,239.68185653396546,231.13529645903955,238.78641355578378,135508
2024-10-11,236.58758544921875,243.26366237257204,232.55807680675747,238.1198067936881,112191
2024-10-14,254.1383819580078,260.6751672953059,234.02064064758534,237.9407048383109,990302
2024-10-15,255.87953186035156,260.2771949714589,248.88508109491798,258.6852794865813,363216
2024-10-16,300.26397705078125,305.88540118556506,256.79489749554386,257.70029963272253,6565672
2024-10-17,305.9848937988281,330.0227293627496,296.49312550738176,297.48806888156764,8613284
2024-10-18,306.3728942871094,312.09381847134665,291.0806200649308,302.16430340667057,1587768
2024-10-21,303.7263488769531,329.1770170543623,299.6769524738253,316.08355878021536,2333823
2024-10-22,289.75738525390625,315.2975660284368,286.54370705305706,302.96027360297177,833384
2024-10-23,292.6427001953125,300.3733993001345,282.9618902109534,291.3194085011079,480326
2024-10-24,278.94232177734375,294.7718751832257,276.5942698879135,294.00577968301604,315453
2024-10-25,267.540283203125,282.4942817945258,263.1128031418821,280.5740482549994,422855
2024-10-28,271.04248046875,275.5993076469035,261.68005991195514,268.5650508829568,293768
2024-10-29,270.8136291503906,276.57435956957494,263.7296374536946,272.60451501051773,220083
2024-10-30,307.7956848144531,313.4071803319053,268.9431560328986,271.520055872036,1525024
2024-10-31,309.47711181640625,315.39703679749965,304.89043762220217,308.43243346127724,543813
2024-11-01,309.2781677246094,313.3076764243753,305.6963653452266,311.1685541471753,115913
2024-11-04,304.75115966796875,311.8152640751767,297.98555650693976,311.8152640751767,355113
2024-11-05,318.4316101074219,339.4746864544136,300.4728946112277,302.06481005930374,2908741
2024-11-06,325.2967529296875,328.7292894011507,315.297553659939,320.1230351655454,537480
2024-11-07,329.5749816894531,340.27062260465806,321.4164341483645,325.34647249041865,1243675
2024-11-08,328.0328369140625,331.71410911662235,318.92908090785073,331.71410911662235,417684
2024-11-11,311.666015625,327.9830810806795,309.42739300678375,324.40127881888094,376804
2024-11-12,307.58673095703125,318.3818723904212,306.39281715352405,312.1137414230394,272727
2024-11-13,294.9012145996094,307.4375073810018,290.1254984749183,307.4375073810018,495776
2024-11-14,296.5926208496094,304.4029322761668,288.5335735837556,300.3733934616091,376486
2024-11-18,301.318603515625,308.9796491917108,289.5782536158879,300.4231605617009,470661
2024-11-19,297.1896057128906,314.1036435121841,294.6524818250388,308.28321854977463,306780
2024-11-21,295.4981689453125,299.27894145318055,290.5234522964015,297.0403189611706,259414
2024-11-22,295.8464050292969,299.3784417028797,292.5133388036104,298.38349837361574,144705
2024-11-25,296.7418518066406,311.9644727967648,292.8615788447718,303.2587185526471,254048
2024-11-26,311.1188049316406,316.83972932729597,297.2890677541423,298.4830119472361,669434
2024-11-27,321.167724609375,323.2571118690935,304.80092352865137,313.40717805986475,511947
2024-11-28,323.704833984375,330.6196722409419,311.3177767875842,321.3169759507169,542981
2024-11-29,331.3658752441406,339.1761867244109,320.4214982398353,324.3515366730497,764435
2024-12-02,334.7984619140625,338.77823560694884,326.39117784253466,331.36589495864257,389979
2024-12-03,324.0530700683594,342.7579934126259,321.6651816726979,334.798446395787,429539
2024-12-04,325.74444580078125,328.2318041687824,318.77984237037793,325.3464745345533,289198
2024-12-05,321.5657043457031,327.08762781831996,317.43666513358505,326.8388919796748,208755
2024-12-06,325.6947326660156,334.15175168554697,320.47127974218745,321.6154585957067,280406
2024-12-09,319.3768310546875,329.3262650439301,315.6955283333626,321.366717852536,222019
2024-12-10,321.814453125,325.1474892062617,316.6904703522583,319.37682966295273,214836
2024-12-11,350.56829833984375,380.86430537954527,323.3565914200006,323.75456269063443,6756236
2024-12-12,357.53289794921875,365.9899164018438,345.24534153657595,354.19983166288483,1448107
2024-12-13,346.24029541015625,354.24957745465525,342.1610214892807,353.1551640298881,536456
2024-12-16,356.0902404785156,367.7310905244878,345.04636255138416,345.24536337875213,621355
2024-12-17,358.1298828125,364.0497777226709,348.23018400755177,356.1897310705815,388770
2024-12-18,357.2344055175781,377.38200879754856,350.26980191462536,359.1745572379912,1249608
2024-12-19,352.45867919921875,355.741980085269,343.7031899275772,351.314500427611,265974
2024-12-20,337.0370788574219,359.522805910673,333.6045119606536,354.3988534412866,367156
2024-12-23,331.9628601074219,343.60371005973104,327.3363793593421,342.95700292088344,308935
2024-12-24,330.2217102050781,334.2512492152168,325.3962286158633,328.5303246337255,150828
2024-12-26,322.1129150390625,333.3060279168678,319.0783499152734,332.7588212103687,174056
2024-12-27,340.41986083984375,347.23522885419,317.73516462447344,321.36670177622744,393514
2024-12-30,358.1298828125,367.7808154084661,334.6989479277487,338.33048520260354,1233738
2024-12-31,356.0902404785156,363.4030806169718,352.5084381287347,355.79176960072687,283114
2025-01-01,355.393798828125,362.15940188282855,351.7622310845684,356.6374780928325,207000
2025-01-02,357.9308776855469,376.0885942046886,353.45363251644346,355.59275469125157,521511
2025-01-03,363.9005432128906,368.12905260087365,355.0952881793794,359.17456213220373,305691
2025-01-06,346.2900390625,378.07849291471337,342.2605304280563,367.0843804634197,754669
2025-01-07,353.8515930175781,358.1796026219118,344.0016600181278,346.2900175562411,225291
2025-01-08,357.53289794921875,360.6172283987107,351.2647366428457,354.6475683145048,235196
2025-01-09,353.6028747558594,363.15433737312,351.4637525398757,356.1897336426766,222702
2025-01-10,348.6281433105469,358.17960553068406,342.2605119515425,350.2200587411133,319089
2025-01-13,343.7032165527344,351.76223396338327,331.9131309541646,339.72344287309994,378593
2025-01-14,350.46881103515625,358.12988732516175,338.2807544413148,344.3499152260027,257809
2025-01-15,348.1804504394531,361.31368493040475,343.55393939911374,353.7023740922122,224932
2025-01-16,352.9561767578125,359.1745731066112,347.4839879708697,350.2200823643411,263816
2025-01-17,346.4393005371094,368.1290542934164,344.25041293384345,352.6576967244982,467453
2025-01-20,339.37518310546875,351.36423833995144,332.51008005608514,350.2200595589311,268810
2025-01-21,324.30181884765625,342.3102704009251,322.3616670396125,340.3203835673472,139059
2025-01-22,311.1188049316406,324.84901133590864,304.9998788961126,324.35153964932994,194476
2025-01-23,305.9450988769531,315.4965616950326,303.6567411769999,310.37260920112817,106178
2025-01-24,294.2545166015625,308.3827253174248,292.5133656157544,306.04460220668693,140898
2025-01-27,274.4053649902344,288.53357276760806,268.6347056801868,288.53357276760806,308081
2025-01-28,270.1768493652344,281.2704917955687,257.24258606331205,279.5790759877053,265851
2025-01-29,285.7974853515625,290.67270183146934,271.96777846899573,274.2064010696607,198139
2025-01-30,289.6777648925781,293.45856803125673,283.8076049041115,285.99649252983403,150302
2025-01-31,294.20477294921875,297.09010271130194,288.63308388535245,292.5630920629831,112241
2025-02-01,305.7958679199219,323.80434999529325,297.2890834133866,298.38352725416036,408033
2025-02-03,295.54791259765625,306.5917899534154,292.61284790703985,305.7958474116493,113955
2025-02-04,304.9998779296875,309.427388071514,294.9012087967905,294.9012087967905,171872
2025-02-05,309.327880859375,317.08845719270596,307.3877595484883,307.43749457059,119424
2025-02-06,295.7966613769531,314.3523801216171,293.50830369682546,312.41222834170577,198917
2025-02-07,284.5538024902344,301.2688388828175,282.96188703302124,300.6718971542167,243625
2025-02-10,258.7350158691406,281.5192437418726,257.04363032772665,279.57909199022964,468406
2025-02-11,250.1785125732422,264.50570650933486,248.9845835406423,262.615320139521,223558
2025-02-12,249.13381958007812,255.60095163576003,238.78641436363964,253.16334335879083,275176
2025-02-13,225.70291137695312,239.98033974259076,224.01149548901074,231.0755995456197,472860
2025-02-14,215.25601196289062,231.32434189729761,210.77876663584615,231.32434189729761,327386
2025-02-17,216.74842834472656,220.8774374312619,206.99797987224542,210.0822953400093,269870
2025-02-18,206.79898071289062,220.03171508052893,201.5257779383241,218.88753630431773,137830
2025-02-19,218.04183959960938,223.26529243912285,202.76946754924887,204.75935434525402,209707
2025-02-20,219.08653259277344,225.55366466175232,216.9971605717745,218.88754695005423,132675
2025-02-21,213.71383666992188,229.88166626278002,212.42040726616705,218.68855346772438,175266
2025-02-24,198.14297485351562,213.9128340403022,194.312451818052,213.71384839380033,376235
2025-02-25,198.690185546875,207.89341160793964,195.75510567724,196.99878487468118,247054
2025-02-27,181.82589721679688,202.42122152595744,178.24409508405995,198.69018396336926,563878
2025-02-28,165.26010131835938,183.0695817291395,164.6631292183293,182.72134547385008,503477
2025-03-03,156.0469207763672,172.02570951145137,152.7337573993657,167.15049287524275,549103
2025-03-04,165.7376708984375,170.00597134025583,153.62921172453912,154.21622467810946,366061
2025-03-05,172.19485473632812,175.74679463984302,163.1707111669257,169.14037133156933,245940
2025-03-06,171.19992065429688,178.52268961210896,169.48861676648548,174.11509757217928,305743
2025-03-07,173.42857360839844,185.85542156536872,170.62284124453862,170.63278521269163,475462
2025-03-10,158.18605041503906,176.1049748794792,156.20610766145893,176.1049748794792,410336
2025-03-11,152.14674377441406,161.3897765148721,150.0275094621988,160.5838596037028,420543
2025-03-12,156.21604919433594,164.16565198939105,149.45044659098676,153.22127519009834,340500
2025-03-13,154.5445556640625,163.9666706034772,153.7485979308084,155.2111659009439,275045
2025-03-17,155.76832580566406,159.19093330068978,154.31571704100833,156.90256059816627,170562
2025-03-18,155.76832580566406,155.76832580566406,155.76832580566406,155.76832580566406,0
2025-03-19,172.41372680664062,178.2341514891167,162.0364749313512,162.0364749313512,530338
2025-03-20,172.8913116455078,177.69688988852792,169.33935656872436,172.8216583232348,317672
2025-03-21,180.4329833984375,181.5771621833791,170.74222966090736,173.12014367072857,314916
2025-03-24,183.7760009765625,188.9397444385966,180.0847543050874,181.92540565654883,316487
2025-03-25,174.7617950439453,185.9250607533703,174.12503190105613,185.9250607533703,245777
2025-03-26,170.63279724121094,178.27395545147664,169.14038210499044,175.75674980291527,160573
2025-03-27,174.4633331298828,180.88071509223988,168.1454363996116,171.1302666315574,337727
2025-03-28,171.7471160888672,179.98524580610055,170.13531272120912,174.81154342634312,264555
2025-04-01,175.31898498535156,177.5476485078802,169.4587689067363,171.72723866738534,135459
2025-04-02,175.56771850585938,178.40329807819035,170.31440340285815,175.50800914947192,156435
2025-04-03,178.8311309814453,180.08475419164628,172.4336370679236,174.3638296800332,110257
2025-04-04,168.41407775878906,178.79133039177904,167.1504953584959,178.79133039177904,227193
2025-04-07,158.36514282226562,160.1759471393678,144.26679633969283,144.26679633969283,260872
2025-04-08,157.30055236816406,168.2349702533603,156.30560900133602,162.67324047638306,296019
2025-04-09,150.62448120117188,161.16092819732765,148.74403877641424,158.69347280828143,356189
2025-04-11,153.0421905517578,161.4793057527515,151.09209494193166,159.6884047195704,369707
2025-04-15,166.52366638183594,167.39922140241922,155.24101225007263,155.64894267390176,421105
2025-04-16,171.8167724609375,175.11003257635227,165.2700432848668,167.14054167278155,319521
2025-04-17,168.74240112304688,174.01558882306693,167.0708883719675,172.12520249833872,216212
2025-04-21,172.40379333496094,175.10009666324638,167.42907627155225,173.6176255129632,200179
2025-04-22,174.05540466308594,176.10498568321938,170.3840610070696,173.31914106546355,183339
2025-04-23,174.36383056640625,178.84107585912423,170.6427367910711,176.65220341901062,207370
2025-04-24,174.1449432373047,183.56705851204705,173.51812403304388,175.55776105283738,456581
2025-04-25,165.51878356933594,177.38845096799986,162.58370359449302,175.5080085613296,349010
2025-04-28,162.4444122314453,168.94139138142293,160.73310837879015,167.9961981932036,234573
2025-04-29,160.13613891601562,168.65285208255597,158.69347400682534,163.86717670614473,327586
2025-04-30,154.19631958007812,161.10122901253752,153.02229368800886,160.18588293186545,259512
2025-05-02,154.57440185546875,157.44978757420319,152.44522366078266,154.19631851849567,153737
2025-05-05,157.91741943359375,159.190945785346,152.63427234940366,155.5395052881904,156475
2025-05-06,151.40052795410156,160.47440646034974,150.4851818926494,158.5243259934045,152519
2025-05-07,155.28082275390625,156.90257016225286,147.80878815039947,150.23645246027553,181474
2025-05-08,154.97238159179688,161.65840258691472,152.80341222396817,156.61404734333087,238731
2025-05-09,153.99732971191406,155.21116180724476,149.24150173773535,149.24150173773535,131457
2025-05-12,166.6629638671875,167.747463713821,159.49937440638206,162.12602438139845,325646
2025-05-13,168.8518524169922,171.2695576107535,164.57359272714268,167.64796421364102,156301
2025-05-14,171.57798767089844,173.2594444594562,168.29467138821758,170.63279446963784,204676
2025-05-15,173.528076171875,175.94578126496694,170.1353156489679,170.1353156489679,234952
2025-05-16,172.61273193359375,175.22942269148055,169.4090130452629,174.61256265588938,252633
2025-05-19,177.0601348876953,182.07464296484193,174.81155307800555,177.05017573740935,349248
2025-05-20,169.67764282226562,178.47295412340702,167.3594380318723,177.99537035481677,186895
2025-05-21,168.7025909423828,169.59804906076374,165.27998341071654,167.99618967001172,238641
2025-05-22,169.11053466796875,170.58304668181202,165.83716230756335,168.15538230283985,92215
2025-05-23,172.3938446044922,173.00076067672956,168.34441773954444,170.03581845805851,131134
2025-05-26,172.59283447265625,175.58760867007487,170.05572574192615,173.74697247134915,341808
2025-05-27,170.42384338378906,174.09518685281193,169.14037311477693,173.6176182854622,158241
2025-05-28,189.7257537841797,199.62543728612727,175.10008927149835,176.1049766104988,7372259
2025-05-29,194.8994598388672,199.6851351102804,191.57635256362627,192.91951702962467,1358125
2025-05-30,191.15847778320312,196.7898458150169,188.44227140619185,196.68040143519266,412827
2025-06-02,207.25665283203125,208.93810957145297,189.1486863721649,192.0240721299544,1930142
2025-06-03,208.61972045898438,213.56459026803248,203.89373940788607,208.93810962750447,1129084
2025-06-04,217.99209594726562,228.8369724836196,206.50049711882724,211.62444934309073,3572142
2025-06-05,222.73797607421875,226.7078057407945,211.4553214618013,218.83779973344352,1243508
2025-06-06,226.16058349609375,229.2349549812195,218.64875773426078,222.8673232468201,888044
2025-06-09,220.66848754882812,228.289757551553,219.33526705126576,228.289757551553,422134
2025-06-10,218.6885528564453,225.35467031054137,217.58416512315492,225.35467031054137,370052
2025-06-11,218.75819396972656,227.74253138900457,215.90271135508763,219.46461044255716,437457
2025-06-12,207.58499145507812,219.34522979180548,206.45075658040767,218.7582016446935,462808
2025-06-13,204.0131378173828,210.71904630852424,192.02406736280875,192.02406736280875,438423
2025-06-16,209.03761291503906,210.9180553203017,196.9987917886365,203.97333950728125,704633
2025-06-17,202.59036254882812,211.05734027721778,200.61043497433508,210.61956276879795,350152
2025-06-18,199.5159912109375,203.64500009148762,198.09322949014935,202.96844589236258,227450
2025-06-19,194.2626953125,204.46086497679258,192.12357311410574,200.39155018848587,299226
2025-06-20,200.71987915039062,201.575531048273,194.4815800249183,194.50148314299858,319457
2025-06-23,201.8043670654297,202.85900461644192,195.98394223482595,197.69524605853186,345663
2025-06-24,201.00840759277344,207.04772112883188,198.9886737685531,206.94822071929522,318952
2025-06-25,206.31146240234375,209.2465423728437,200.48109351711187,200.48109351711187,338833
2025-06-26,204.29173278808594,210.92800353018802,202.0730132282243,207.2964661458351,225107
2025-06-27,202.94854736328125,206.45075232833432,201.07806412352656,205.40605873805748,232810
2025-06-30,203.1873321533203,208.37097850515278,201.07805710942355,202.9584994336749,247453
2025-07-01,213.0770721435547,217.8925943289688,204.06288779352676,204.16237301985834,1063512
2025-07-02,215.41519165039062,218.33038372824504,211.92294575613465,214.30085989233024,820680
2025-07-03,209.60472106933594,216.6489220560304,208.93811082326695,216.061909102547,268900
2025-07-04,212.4801025390625,214.61923988217416,208.4406349073884,210.5797570688691,279260
2025-07-07,206.7094268798828,213.5048918462597,205.80403996088435,212.32090681953383,172476
2025-07-08,209.46542358398438,209.93304817596842,205.4060528685491,207.9431614634,192657
2025-07-09,217.15634155273438,219.88249194082698,209.33608580223427,210.35093232358722,370351
2025-07-10,213.50489807128906,218.24083831627547,210.91805437045056,216.71857614656736,290672
2025-07-11,209.03761291503906,214.2013563714739,208.0526134907086,212.51991479009072,123802
2025-07-14,206.44081115722656,210.3011812187205,205.22697899689604,209.03761403378527,108433
2025-07-15,206.1124725341797,209.9330514380871,205.45580626523687,206.9482213228536,157199
2025-07-16,207.9431610107422,213.1865167378027,207.07756515078103,207.07756515078103,168745
2025-07-17,203.5753631591797,209.3261346124077,202.3217399807302,207.94316393798016,188251
2025-07-18,200.2124481201172,206.39105306681282,198.50114432606043,204.80909676770258,157144
2025-07-21,196.99879455566406,200.18261042124746,195.4864763264001,200.18261042124746,189094
2025-07-22,196.75999450683594,200.90890651940597,196.003843014401,198.98867311106702,174589
2025-07-23,195.9499969482422,198.88999938964844,193.8000030517578,197.92999267578125,134675
2025-07-24,195.85000610351562,200.0,193.16000366210938,196.8000030517578,139100
2025-07-25,188.1199951171875,195.6999969482422,186.25,195.6999969482422,148703
2025-07-28,181.72999572753906,188.99000549316406,180.0,188.0,181605
2025-07-29,186.92999267578125,188.99000549316406,179.47000122070312,183.7100067138672,186533
2025-07-30,181.83999633789062,188.8000030517578,180.5,188.8000030517578,155485
2025-07-31,180.7100067138672,184.44000244140625,177.91000366210938,179.0,183742
2025-08-01,176.05999755859375,183.13999938964844,175.0,179.0,128541
2025-08-04,178.4600067138672,179.0399932861328,175.1300048828125,176.05999755859375,123868
2025-08-05,175.02999877929688,180.24000549316406,174.0,179.22999572753906,102544
2025-08-06,174.00999450683594,181.75999450683594,173.05999755859375,176.7899932861328,155494
2025-08-07,173.6199951171875,176.07000732421875,167.41000366210938,173.89999389648438,152037
2025-08-08,173.64999389648438,178.42999267578125,172.10000610351562,175.0,108528
2025-08-11,172.52000427246094,175.39999389648438,169.63999938964844,175.39999389648438,77357
2025-08-12,171.44000244140625,179.1699981689453,170.5399932861328,172.60000610351562,150814
2025-08-13,170.72000122070312,174.58999633789062,169.10000610351562,172.1999969482422,80701
2025-08-14,168.4600067138672,171.89999389648438,166.8000030517578,170.97999572753906,94366
2025-08-18,178.14999389648438,182.8000030517578,171.83999633789062,173.97999572753906,218601
2025-08-19,185.1199951171875,190.44000244140625,177.38999938964844,178.35000610351562,523445
2025-08-20,181.72000122070312,186.52999877929688,181.00999450683594,184.89999389648438,116993
2025-08-21,180.6300048828125,184.99000549316406,178.5500030517578,183.14999389648438,113284
2025-08-22,181.42999267578125,182.5,174.1199951171875,180.0,134934
2025-08-25,179.72000122070312,182.16000366210938,178.33999633789062,182.1300048828125,64916
2025-08-26,174.07000732421875,179.72000122070312,172.5,179.72000122070312,124284
2025-08-28,170.6300048828125,175.5,170.0,175.5,141399
2025-08-29,170.91000366210938,173.72000122070312,170.07000732421875,172.0,63954
2025-09-01,171.8699951171875,173.69000244140625,168.57000732421875,171.8800048828125,106363
2025-09-02,174.74000549316406,179.6300048828125,170.60000610351562,171.8699951171875,159719
2025-09-03,178.00999450683594,179.25,174.35000610351562,174.6999969482422,95506
2025-09-04,179.30999755859375,186.89999389648438,179.0,181.8000030517578,172678
2025-09-05,183.02000427246094,183.9499969482422,177.0500030517578,180.72999572753906,99649
2025-09-08,219.6199951171875,219.6199951171875,178.5,184.8000030517578,9835329
2025-09-09,254.92999267578125,262.0,226.08999633789062,228.0,45613410
2025-09-10,232.72000122070312,246.0,229.42999267578125,244.91000366210938,6358573
2025-09-11,221.55999755859375,232.72000122070312,214.5500030517578,225.60000610351562,3581711
2025-09-12,227.94000244140625,238.8000030517578,222.5,227.4499969482422,5567780
2025-09-15,219.39999389648438,232.0,217.10000610351562,231.99000549316406,1283624
2025-09-16,216.9499969482422,222.99000549316406,215.0,221.77999877929688,947921
2025-09-17,218.77999877929688,224.99000549316406,215.22999572753906,218.0,1075567
2025-09-18,216.4600067138672,223.0,215.0,223.0,447653
2025-09-19,210.32000732421875,218.36000061035156,209.5,215.0,653978
2025-09-22,218.41000366210938,223.1999969482422,209.5500030517578,210.0,1829238
2025-09-23,214.6999969482422,222.27999877929688,212.1300048828125,219.8000030517578,635341
2025-09-24,209.30999755859375,214.47000122070312,207.89999389648438,214.47000122070312,423837
2025-09-25,201.16000366210938,211.35000610351562,200.1699981689453,209.30999755859375,505520
2025-09-26,197.0500030517578,202.9499969482422,194.32000732421875,200.99000549316406,385046
2025-09-29,194.25,201.14999389648438,191.35000610351562,199.0500030517578,291245
2025-09-30,193.66000366210938,202.25,190.3800048828125,197.0,394191
2025-10-01,199.39999389648438,203.0,192.41000366210938,193.4600067138672,358780
2025-10-03,202.66000366210938,204.44000244140625,196.94000244140625,202.5,318199
2025-10-06,199.77999877929688,205.89999389648438,198.00999450683594,204.75,226500
2025-10-07,198.6699981689453,201.10000610351562,197.4199981689453,200.0,129785
2025-10-08,194.6199951171875,199.9600067138672,193.5500030517578,199.0,167401
2025-10-09,193.74000549316406,196.16000366210938,192.3000030517578,196.16000366210938,124460
2025-10-10,193.8699951171875,196.5500030517578,192.60000610351562,195.16000366210938,142234
2025-10-13,190.7100067138672,193.05999755859375,189.02999877929688,193.0,156791
2025-10-14,186.8300018310547,191.60000610351562,185.5500030517578,191.0,223964
2025-10-15,189.55999755859375,190.39999389648438,187.00999450683594,187.91000366210938,147706
2025-10-16,191.36000061035156,193.3000030517578,189.55999755859375,192.0,121845
2025-10-17,187.94000244140625,192.86000061035156,186.5,191.5,133724
2025-10-20,190.17999267578125,192.52999877929688,186.55999755859375,188.35000610351562,194836
2025-10-21,186.88999938964844,191.9499969482422,181.35000610351562,191.2899932861328,82384
2025-10-23,192.5500030517578,198.7899932861328,191.0,192.5,1076759
2025-10-24,190.82000732421875,194.2899932861328,189.0,194.10000610351562,142538
2025-10-27,187.35000610351562,190.7899932861328,185.89999389648438,190.1999969482422,204591
2025-10-28,187.64999389648438,188.9600067138672,186.5,188.41000366210938,79596
2025-10-29,190.0500030517578,190.89999389648438,187.0,187.0,133012
2025-10-30,188.7100067138672,190.58999633789062,188.0,190.0500030517578,80737
2025-10-31,186.63999938964844,190.1199951171875,185.74000549316406,188.7100067138672,150325
2025-11-03,186.1999969482422,188.66000366210938,185.1999969482422,186.63999938964844,131737
2025-11-04,183.13999938964844,187.50999450683594,182.25,187.25999450683594,71760
2025-11-06,178.8300018310547,186.75,177.39999389648438,185.89999389648438,163096
2025-11-07,179.4199981689453,182.1300048828125,174.99000549316406,178.8300018310547,125692
2025-11-10,177.0399932861328,180.0,176.00999450683594,180.0,78187
2025-11-11,178.5,182.0,175.32000732421875,177.22000122070312,123817
2025-11-12,179.0,179.5,173.0,173.67999267578125,218808
2025-11-13,188.42999267578125,192.0,179.0,180.0,996905
2025-11-14,187.72999572753906,192.0,184.14999389648438,188.8000030517578,192948
2025-11-17,192.14999389648438,193.9499969482422,184.14999389648438,187.0,282869
2025-11-18,186.32000732421875,191.36000061035156,185.14999389648438,190.25999450683594,185365
2025-11-19,186.1999969482422,190.6999969482422,183.5500030517578,187.25,164349
2025-11-20,183.88999938964844,187.60000610351562,179.52000427246094,186.0,210997
2025-11-21,179.50999450683594,184.3300018310547,178.10000610351562,183.88999938964844,80584
2025-11-24,175.2899932861328,180.5500030517578,172.6199951171875,180.49000549316406,167218
2025-11-25,173.69000244140625,176.3699951171875,172.11000061035156,172.64999389648438,94070
2025-11-26,176.99000549316406,177.9600067138672,174.72999572753906,174.72999572753906,62975
2025-11-27,177.16000366210938,179.8800048828125,176.10000610351562,177.85000610351562,67022
2025-11-28,174.64999389648438,178.49000549316406,172.9499969482422,177.6999969482422,106485
2025-12-01,177.3000030517578,182.17999267578125,174.64999389648438,174.64999389648438,154161
2025-12-02,176.50999450683594,178.05999755859375,174.75999450683594,177.47000122070312,48151
2025-12-03,170.80999755859375,177.88999938964844,170.0,177.88999938964844,143598
2025-12-04,168.72000122070312,173.97999572753906,167.6199951171875,171.0,116559
2025-12-05,160.94000244140625,170.47000122070312,160.0,170.10000610351562,219418
2025-12-08,153.50999450683594,162.9600067138672,152.1999969482422,160.94000244140625,238551
2025-12-09,153.75,156.4199981689453,149.27000427246094,154.27000427246094,211937
2025-12-10,155.5399932861328,158.75,151.82000732421875,153.8000030517578,218564
2025-12-11,155.00999450683594,158.19000244140625,151.82000732421875,155.75,114071
2025-12-12,155.74000549316406,157.36000061035156,153.5500030517578,153.75,141550
2025-12-15,155.39999389648438,156.8000030517578,153.55999755859375,156.8000030517578,133701
2025-12-16,152.49000549316406,155.5,152.10000610351562,154.89999389648438,80231
2025-12-17,149.38999938964844,153.1699981689453,148.0,153.02000427246094,186011
2025-12-18,148.69000244140625,151.5800018310547,146.6999969482422,149.5,147935
2025-12-19,166.97999572753906,173.8000030517578,148.69000244140625,148.69000244140625,3343187
2025-12-22,164.66000366210938,176.5,163.0,166.52000427246094,812929
2025-12-23,164.1199951171875,165.5,162.69000244140625,164.6999969482422,195097
2025-12-24,162.6300048828125,168.99000549316406,161.7899932861328,163.5,135762
2025-12-26,163.55999755859375,165.66000366210938,162.11000061035156,162.11000061035156,128064
2025-12-29,167.8699951171875,178.39999389648438,163.2899932861328,163.5,1977134
2025-12-30,167.97000122070312,175.77999877929688,165.8300018310547,167.6999969482422,724332
2025-12-31,166.38999938964844,169.88999938964844,165.5,168.6999969482422,223259
2026-01-01,172.41000366210938,178.39999389648438,166.44000244140625,166.6199951171875,888322
2026-01-02,169.97000122070312,176.5,168.6999969482422,173.7899932861328,401653
2026-01-05,166.85000610351562,169.50999450683594,166.3300018310547,169.5,160040
2026-01-06,166.49000549316406,168.60000610351562,164.33999633789062,166.5,147709
2026-01-07,166.5800018310547,170.5,165.6999969482422,166.3000030517578,224328
2026-01-08,159.8800048828125,170.8800048828125,158.50999450683594,166.89999389648438,310178
2026-01-09,155.0,159.83999633789062,153.47000122070312,158.5399932861328,192499
2026-01-12,153.3300018310547,156.7899932861328,149.11000061035156,153.0,199967
2026-01-13,152.19000244140625,161.38999938964844,151.6699981689453,154.85000610351562,307984
2026-01-14,153.2899932861328,154.30999755859375,151.10000610351562,152.5,95422
2026-01-15,153.2899932861328,153.2899932861328,153.2899932861328,153.2899932861328,0
2026-01-16,149.60000610351562,155.69000244140625,147.10000610351562,153.0,199133
2026-01-19,144.47999572753906,151.9199981689453,142.38999938964844,147.89999389648438,297774
2026-01-20,139.88999938964844,146.77999877929688,137.30999755859375,143.89999389648438,260819
2026-01-21,135.4499969482422,140.1699981689453,133.35000610351562,137.8000030517578,266462
2026-01-22,137.77000427246094,141.9499969482422,136.16000366210938,137.8000030517578,142366
2026-01-23,134.99000549316406,138.86000061035156,134.0,138.80999755859375,85464
2026-01-27,131.44000244140625,136.75999450683594,130.35000610351562,136.0,183319
2026-01-28,137.1699981689453,138.5,132.72999572753906,135.8000030517578,164000
2026-01-29,150.72000122070312,163.35000610351562,138.08999633789062,138.27000427246094,11949023
2026-01-30,147.0399932861328,151.6999969482422,143.0,148.9499969482422,790700
2026-02-02,141.2100067138672,144.47999572753906,137.10000610351562,143.0,191782
2026-02-03,146.69000244140625,154.0,145.0,150.0,306616
2026-02-04,149.75999450683594,153.8000030517578,145.2100067138672,147.1999969482422,263607
2026-02-05,150.85000610351562,154.89999389648438,147.1999969482422,151.11000061035156,236487
2026-02-06,149.27000427246094,149.99000549316406,146.5,149.3000030517578,108777
2026-02-09,153.9600067138672,155.0,149.63999938964844,150.27000427246094,261956
2026-02-10,155.52000427246094,161.0500030517578,153.1199951171875,154.4499969482422,300085
2026-02-11,152.47000122070312,156.89999389648438,151.6300048828125,156.19000244140625,182587
2026-02-12,157.89999389648438,166.39999389648438,149.5,152.99000549316406,2761558
2026-02-13,153.47000122070312,156.89999389648438,151.85000610351562,156.0,243359
2026-02-16,151.10000610351562,154.50999450683594,150.36000061035156,153.47999572753906,175396
2026-02-17,152.66000366210938,156.25,149.99000549316406,150.0,199067
2026-02-18,152.4600067138672,156.4199981689453,151.5500030517578,153.33999633789062,162526
2026-02-19,146.32000732421875,155.89999389648438,145.0500030517578,152.0,305962
2026-02-20,144.1300048828125,146.6300048828125,143.10000610351562,146.60000610351562,163310
2026-02-23,142.44000244140625,146.8000030517578,141.77999877929688,145.0,142812
2026-02-24,141.50999450683594,143.1999969482422,139.5,141.0,143072
2026-02-25,138.0399932861328,143.6999969482422,137.1999969482422,141.50999450683594,225746
2026-02-26,138.60000610351562,142.47000122070312,137.35000610351562,138.5800018310547,209547
2026-02-27,136.0,138.69000244140625,135.10000610351562,138.0,161030
2026-03-02,131.63999938964844,134.2899932861328,124.55000305175781,124.55000305175781,267614
2026-03-04,126.48999786376953,129.99000549316406,125.0,129.99000549316406,179757
2026-03-05,132.74000549316406,135.0,124.73999786376953,126.20999908447266,374540
2026-03-06,127.88999938964844,132.57000732421875,126.5999984741211,131.89999389648438,179525
2026-03-09,123.23999786376953,127.80999755859375,122.3499984741211,122.41000366210938,120041
2026-03-10,127.88999938964844,128.60000610351562,125.41000366210938,125.94999694824219,129292
2026-03-11,124.94000244140625,131.0,124.0,128.60000610351562,348928
2026-03-12,126.19000244140625,129.60000610351562,122.16000366210938,123.0,231206
2026-03-13,120.55999755859375,125.58999633789062,120.0,124.80000305175781,144785
2026-03-16,117.05000305175781,121.5199966430664,115.05000305175781,120.55999755859375,179103
2026-03-17,119.04000091552734,121.55000305175781,117.1500015258789,118.80000305175781,165155
2026-03-18,121.31999969482422,123.33999633789062,119.72000122070312,119.73999786376953,287063
2026-03-19,116.22000122070312,120.0,115.80000305175781,118.75,123277
2026-03-20,117.44999694824219,123.1500015258789,116.44000244140625,117.5,262289
2026-03-23,108.69000244140625,115.69999694824219,107.0999984741211,115.69000244140625,253960
2026-03-24,117.38999938964844,126.5,110.05000305175781,110.30000305175781,21549953
2026-03-25,119.26000213623047,123.8499984741211,116.70999908447266,117.9800033569336,1623708
2026-03-27,113.44000244140625,119.08999633789062,112.0,116.63999938964844,562080
2026-03-30,105.08999633789062,113.43000030517578,103.9800033569336,113.0,528192
2026-04-01,117.51000213623047,119.80000305175781,110.55000305175781,110.55000305175781,481300
2026-04-02,119.66999816894531,120.18000030517578,110.80999755859375,111.0,422591
2026-04-06,121.93000030517578,123.0,116.05000305175781,119.66999816894531,274702
2026-04-07,121.51000213623047,124.48999786376953,119.20999908447266,121.5,311524
2026-04-08,131.4499969482422,132.5,124.7699966430664,128.6999969482422,647498
2026-04-09,142.1699981689453,146.07000732421875,134.42999267578125,136.89999389648438,4559334
2026-04-10,143.25,146.66000366210938,139.02000427246094,143.30999755859375,867926
2026-04-13,145.00999450683594,155.5,137.0,142.0,1780838
2026-04-15,154.85000610351562,157.89999389648438,147.00999450683594,151.8000030517578,1037016
2026-04-16,155.27999877929688,159.5,152.1999969482422,159.5,395288
2026-04-17,155.64999389648438,159.33999633789062,154.39999389648438,155.49000549316406,330906
