Price,Close,High,Low,Open,Volume
Ticker,INDHOTEL.NS,INDHOTEL.NS,INDHOTEL.NS,INDHOTEL.NS,INDHOTEL.NS
Date,,,,,
2016-04-18,95.46841430664062,96.21598073594119,91.46674344892935,91.46674344892935,934325
2016-04-20,92.43419647216797,95.6003501580826,91.99444797537181,95.46842708783616,388175
2016-04-21,90.36738586425781,94.94072075384948,88.03674283689537,93.97328751322776,553637
2016-04-22,92.43419647216797,93.70945528253759,91.29086073204479,92.5221476503196,462387
2016-04-25,92.43419647216797,93.18176300155181,91.95047608327701,92.30227340192152,264264
2016-04-26,92.43419647216797,94.80881173660394,91.9065041911822,92.43419647216797,278475
2016-04-27,92.39019775390625,93.1377641260563,91.55468761606359,93.04982036036367,136943
2016-04-28,92.82994842529297,93.18174567853639,92.17033319668697,92.34622812632836,238413
2016-04-29,92.52213287353516,92.78597897188897,90.41135669274382,92.78597897188897,116839
2016-05-02,91.3348159790039,92.78597688121279,90.85110307222827,92.52213078880403,140148
2016-05-03,92.25828552246094,92.74199843356766,90.85110388569427,91.02699881755483,214041
2016-05-04,94.06122589111328,94.67686922382418,90.85110097232463,91.73058299738535,2771529
2016-05-05,92.78598022460938,94.54495177272938,91.9064907535689,94.06123145456299,279120
2016-05-06,91.86251831054688,93.04983325149253,91.46674912821882,92.87393090781686,160273
2016-05-09,92.25828552246094,93.00584452833886,91.2028937494154,91.55469100709723,422755
2016-05-10,92.69803619384766,93.35765149940525,91.68662359400551,92.82995925495918,216350
2016-05-11,92.56611633300781,93.13778048626793,91.59867558876851,92.39021398280335,475268
2016-05-12,93.6214828491211,94.80879021177988,91.90648332528063,92.34622432827858,2931330
2016-05-13,98.89842224121094,99.8218836202608,92.82995435635075,93.44559774037103,1262175
2016-05-16,101.8447036743164,103.60368269963185,96.25995599018374,99.42611675695927,722736
2016-05-17,101.44893646240234,104.48317423058961,99.38214678897641,102.90009751360222,1777923
2016-05-18,100.70137023925781,105.97829225469002,99.73392960712131,101.1411112758902,2232867
2016-05-19,99.38213348388672,102.02059432563364,97.7111058194602,102.02059432563364,571790
2016-05-20,99.20625305175781,100.65740683486842,97.18343509146978,100.12971455010093,284039
2016-05-23,101.1850814819336,101.58085802048296,96.96354393965531,99.47008185538304,387027
2016-05-24,100.30559539794922,100.70136452665538,97.40328106014354,100.48149032383179,372474
2016-05-25,101.44893646240234,102.1965029323002,99.5580417373212,100.6134262153128,823170
2016-05-26,101.22906494140625,102.02060326327401,100.12970123172697,102.02060326327401,840396
2016-05-27,102.32839965820312,103.42776313583475,100.34955427121763,101.44891035488973,393242
2016-05-30,103.82356262207031,104.30728298966326,101.49291935234645,102.02061161009814,458361
2016-05-31,103.42778015136719,105.3626539793907,101.84469618737651,103.55970319886968,1025705
2016-06-01,105.14279174804688,106.1981762483091,101.84470779076588,101.84470779076588,1116463
2016-06-02,109.36432647705078,110.72752885895285,105.18675337899147,105.93431979175627,1887305
2016-06-03,107.51739501953125,110.33175830591313,106.41803875095252,109.23240203733441,474137
2016-06-06,108.30895233154297,108.83664458015762,104.74702225943248,108.17702187542774,435617
2016-06-07,108.6607437133789,109.84805128891962,105.97830315044212,108.1770233475788,420119
2016-06-08,110.90343475341797,113.36600089102237,108.66073544301963,108.66073544301963,1136298
2016-06-09,109.97996520996094,111.43112618672264,108.00111941523278,111.21125196709916,335155
2016-06-10,110.37574005126953,111.87087299134392,109.49625791542022,110.33176816266548,362377
2016-06-13,108.44085693359375,110.37572325316363,107.51738826176044,109.93598225216326,291604
2016-06-14,109.58419036865234,109.84803646093467,108.26495990724077,109.05649818408772,319649
2016-06-15,112.22266387939453,113.89369167250896,109.32034933600168,109.93599271114088,789822
2016-06-16,114.42138671875,116.97189666078025,114.1135613265669,114.59728166145379,1509370
2016-06-17,117.7194595336914,118.73087205995253,114.86112428623403,115.3008653266271,1376071
2016-06-20,116.79600524902344,120.57780208619405,115.65266960198082,117.41164865804043,1227232
2016-06-21,114.42138671875,118.46702955262658,114.06958943938125,117.58754005118527,899311
2016-06-22,115.1249771118164,116.35626392715375,113.54190040120675,114.02562074965795,1821018
2016-06-23,116.04843139648438,116.62010288061165,113.98163446440465,115.21292120409343,1325564
2016-06-24,114.72920227050781,117.63150943001855,108.61676256586723,113.89369206802961,833534
2016-06-27,115.08097839355469,116.35623679999847,113.6737969586498,113.89367113740485,712990
2016-06-28,112.48650360107422,115.82855899766506,111.95881142202941,114.72919536201465,447579
2016-06-29,114.33342742919922,114.72919656764175,112.17867941281612,113.10214073584868,280692
2016-06-30,112.35458374023438,116.09240837703186,109.93598958843346,115.0370239890346,1198760
2016-07-01,113.80574035644531,115.47676814735857,112.26663561760519,113.01420204400657,467826
2016-07-04,115.21292114257812,118.73087163501485,114.46535472202058,116.97189269181602,783309
2016-07-05,112.79432678222656,117.32368979080158,111.6949704897764,116.09241044749895,706788
2016-07-07,113.19009399414062,115.74061119620016,112.48650686631082,112.92624789695934,460947
2016-07-08,112.88227844238281,114.33343200812246,112.3545862366593,113.89369096800652,393045
2016-07-11,115.08097839355469,116.18033449941056,112.8382869097161,113.89367113740485,1450813
2016-07-12,114.68523406982422,116.13638769621437,113.76177267121231,115.60869546843614,569790
2016-07-13,114.46536254882812,116.09241855223843,113.4539499570294,114.68523678025257,971649
2016-07-14,116.88395690917969,125.76678860972142,115.82857242871165,123.12832001458987,4023423
2016-07-15,115.96047973632812,118.73086362121893,115.69663365205281,116.97188479674321,1076195
2016-07-18,115.1249771118164,117.85138946696462,113.93766957885916,116.83997688164354,293937
2016-07-19,116.75202178955078,117.05983976657161,113.1461202577721,114.15753274507013,985402
2016-07-20,118.55496978759766,119.61035413441323,115.21291442670801,116.9718858734138,1587436
2016-07-21,117.4116439819336,118.73087452445712,116.70804942994695,118.42305652918867,185855
2016-07-22,116.97189331054688,117.93933395261186,115.60869090722383,117.45561363157937,566270
2016-07-25,117.01587677001953,119.17061756074392,115.78458998049595,116.44420526275456,1741625
2016-07-26,115.60868835449219,117.80740829959106,114.42138091505174,117.71945713571965,333343
2016-07-27,118.90675354003906,120.40188621729352,115.3888034331558,116.26829280836665,4441617
2016-07-28,120.26997375488281,121.28138625560098,117.05984131980546,118.7308690614353,997203
2016-07-29,118.20318603515625,121.85305978256245,117.23574534415528,119.74229084795864,5077617
2016-08-01,117.01587677001953,119.52241484260226,115.65266692404423,118.64292533493703,336064
2016-08-02,117.89537048339844,118.95075497266124,115.25690186627992,116.35626563856968,337561
2016-08-03,117.85137939453125,118.59894579752495,115.60868757951094,117.76343562521018,332647
2016-08-04,116.04843139648438,119.1266408517454,115.69664152282553,118.64292053301331,671265
2016-08-05,117.54356384277344,118.24715098168396,116.1803540565606,116.75202553876376,1395629
2016-08-08,115.16893005371094,118.59893642305377,114.59726602246722,118.59893642305377,1216872
2016-08-09,113.8936767578125,116.75201164684208,112.57443901414035,116.00444531735187,449000
2016-08-10,111.87088012695312,117.4116563848179,111.34318785420048,113.89370543514623,763247
2016-08-11,112.88227844238281,114.33343200812246,108.61676151681048,112.8383065565595,362615
2016-08-12,112.0007095336914,113.98419107359409,111.07508481507016,112.97040914943855,1163054
2016-08-16,112.39743041992188,114.16053044845445,110.63433039138931,112.26519828834614,1295447
2016-08-17,117.64263153076172,118.56826379033141,111.55995395630987,111.95665031986107,550853
2016-08-18,116.93739318847656,119.00903217392624,115.92361114686784,118.78864284019825,393052
2016-08-19,119.53797149658203,123.32862835985989,115.13022888962153,117.24594296935167,2968228
2016-08-22,114.46907043457031,120.155059544154,113.7197525465369,119.53797378863918,416870
2016-08-23,114.16050720214844,119.97871980672828,113.67565368133924,115.1302068324842,675135
2016-08-24,115.08614349365234,116.71700381103526,114.16051866813817,114.55721502192996,1733735
2016-08-25,116.05584716796875,117.24593626981421,112.92635113342877,115.65915080068694,1685888
2016-08-26,114.24866485595703,117.59855001167837,113.7197364009782,116.36438608715548,270163
2016-08-29,113.89604949951172,114.90982408555145,112.88226750218894,114.16051372391914,1005789
2016-08-30,115.74732208251953,116.14401849799935,113.3671361783561,114.11645410024616,2558320
2016-08-31,114.689453125,117.24593840130883,113.71974593538194,115.48284587398726,2108719
2016-09-01,113.14674377441406,116.18808267893985,112.1329616691442,115.48284714252124,1560939
2016-09-02,111.25141906738281,114.02830131476361,109.88502280893806,113.58752259040001,1114523
2016-09-06,117.86300659179688,118.12747080212692,111.69217254700183,111.95663675733186,1297800
2016-09-07,119.09718322753906,119.84649358313456,115.17428738205648,117.99524402719724,894735
2016-09-08,118.12747955322266,119.8464970477158,116.80515840361255,118.12747955322266,501107
2016-09-09,114.64537048339844,118.92088078164653,113.58751348775499,118.12748803491395,685911
2016-09-12,111.20733642578125,115.7473110210405,111.07510429992483,112.92635406191457,316568
2016-09-14,111.20733642578125,113.14674340876985,110.36986135450144,110.76655773207067,241256
2016-09-15,112.17703247070312,113.1467396355011,111.20733271718872,111.20733271718872,324580
2016-09-16,112.61781311035156,114.160523691182,110.45801681493222,113.23489141365677,452151
2016-09-19,111.16326141357422,112.92635395286246,110.67840781547433,111.9566541679465,217333
2016-09-20,111.0750961303711,111.82441392553983,110.1935462190716,111.82441392553983,353077
2016-09-21,112.0007095336914,115.7913656137107,110.63430619868122,111.07508481507016,3826604
2016-09-22,113.89604949951172,115.48283484595622,112.48557116557781,112.838185190599,513726
2016-09-23,116.93739318847656,118.92087495817837,113.36711859172992,114.60128996706663,1011589
2016-09-26,114.5572280883789,117.7307992806922,113.49937102427448,117.7307992806922,415656
2016-09-27,114.46907043457031,115.39469536220047,113.41121337442158,115.04207387172282,355970
2016-09-28,115.08614349365234,116.27623255502772,112.97042219547943,114.4690578062151,676032
2016-09-29,113.0145034790039,116.09992447678731,108.43044688414287,116.09992447678731,1069467
2016-09-30,114.99799346923828,117.46632896205912,111.33956884062087,112.79412222881668,1297209
2016-10-03,115.74732208251953,117.11371837652183,114.29276855909355,116.49664000440958,855784
2016-10-04,115.61506652832031,116.36438429844982,113.76381696435107,114.77759154662174,286042
2016-10-05,113.89604949951172,117.46631652901185,112.88226750218894,117.46631652901185,284939
2016-10-06,115.52690887451172,116.32030154174713,113.4552699951916,114.86574831848222,355946
2016-10-07,112.57372283935547,117.11369704141413,112.22110880846698,115.87953311073807,267698
2016-10-10,112.75003814697266,113.98420208729095,112.26518458660897,113.23488429605311,136521
2016-10-13,112.22112274169922,114.42499405915642,111.78034403143732,112.75005126498623,461429
2016-10-14,113.19080352783203,113.71973196216524,111.78032523251586,112.66187509349882,177418
2016-10-17,113.85198974609375,115.48285772726176,112.17704685588602,114.02830420482162,429534
2016-10-18,114.0723648071289,115.83546470557603,113.76382565997827,114.38090395427953,293993
2016-10-19,113.45527648925781,115.13021913083227,112.04479808523283,114.02828727813728,3013605
2016-10-20,114.51313018798828,115.92360855196438,112.97041970899204,113.80789471164185,4347805
2016-10-21,116.98147583007812,118.12749006548604,113.27897628168132,114.6012975489659,1240247
2016-10-24,114.02828216552734,118.08340276323031,112.8822680504349,117.24592777435068,510121
2016-10-25,110.63433074951172,112.66189504775897,109.40016665457125,112.35335587684489,877433
2016-10-26,105.4772720336914,111.25141063015982,102.08330427636812,110.6343249096207,969952
2016-10-27,101.33399200439453,102.2596168627751,93.44413213934389,101.37806690817526,7538932
2016-10-28,101.77477264404297,103.27340844593493,99.61498357944895,102.25962627539441,3199370
2016-11-01,103.18523406982422,104.243090972389,101.37805939084836,104.02270905854338,1283293
2016-11-02,101.06952667236328,101.77476218168972,100.4965158729572,100.93729455115935,520888
2016-11-03,96.13285827636719,100.76098263419912,95.29538321361797,100.49651838518017,701773
2016-11-04,99.48274230957031,102.61223834949877,95.64800334129302,96.57362819987769,1553048
2016-11-07,100.32020568847656,101.37806262478674,98.02817738561562,100.49651270743381,975700
2016-11-08,100.8932113647461,101.73068639932336,99.39458314114577,100.5405973187716,261732
2016-11-09,96.0887680053711,97.63147846735349,87.80221975173541,97.63147846735349,4128078
2016-11-10,92.47442626953125,97.94002525126722,91.68102617489448,97.234782369653,651389
2016-11-11,86.83250427246094,94.32566653352593,86.39173307351457,92.56256691517567,2826926
2016-11-15,81.80769348144531,87.58183959310502,80.04460091982814,87.27329302164118,1639614
2016-11-16,83.43855285644531,87.14105204787056,82.4247708455083,82.4247708455083,2324205
2016-11-17,79.86827850341797,83.74709212759498,79.20711793239725,83.74709212759498,1650047
2016-11-18,80.35313415527344,81.1024519590706,78.81042364555574,81.1024519590706,2308866
2016-11-21,79.95642852783203,81.01428534635416,78.19332888944017,80.35312483477783,3774401
2016-11-22,83.52671813964844,85.95097132640242,78.45781500650301,79.33935757734963,1046225
2016-11-23,84.7608642578125,86.3917317503729,82.68922557305643,84.62863215902557,331014
2016-11-24,83.79118347167969,85.51020114162598,83.74710115467124,85.51020114162598,144055
2016-11-25,85.6865005493164,86.39174344584204,83.74709370079587,84.62864361581126,320765
2016-11-28,89.25676727294922,89.74161338403931,84.71679339115273,84.98125760130466,495463
2016-11-29,92.34220123291016,92.91520463326495,89.47716199728502,89.91794068489676,533788
2016-11-30,89.87384796142578,94.23751496025389,87.53774490372645,92.91519387311897,1344245
2016-12-01,88.24300384521484,91.5488071657299,87.75815022111124,90.35871797034447,172023
2016-12-02,87.5377426147461,89.65346371012191,86.87658208846699,87.66997472000192,262642
2016-12-05,86.39175415039062,87.62591825530718,86.39175415039062,87.27329676335206,1228243
2016-12-06,86.56805419921875,87.89037542315033,86.39174717312241,87.14105759249456,170089
2016-12-07,86.70028686523438,87.493679604568,86.12728346836575,86.65621196125484,1137299
2016-12-08,88.68375396728516,89.03637537433875,85.2897942318313,86.61211524417924,363592
2016-12-09,91.41655731201172,92.12180015786797,88.4192937453296,89.03637938263311,312896
2016-12-12,89.78570556640625,91.59288033826193,89.21269477387835,91.24025888218965,178710
2016-12-13,89.78570556640625,94.10529061097873,89.21269477387835,91.68103014381741,394377
2016-12-14,87.40552520751953,93.00336429014767,87.05291114173053,91.68103560394528,660308
2016-12-15,87.0088119506836,88.1107510735965,86.39173374958614,87.8462868699026,212066
2016-12-16,87.5377426147461,87.71405702927564,86.56804297996429,87.71405702927564,346210
2016-12-19,86.78844451904297,88.06668344240285,86.39174814738982,88.06668344240285,286500
2016-12-20,84.71680450439453,87.49367907526315,83.92341176986064,86.74436124444216,628750
2016-12-21,84.23194122314453,86.4798870455806,83.87931980017795,84.71679475331324,652379
2016-12-22,83.6148681640625,84.18787898899227,83.08593965568664,84.18787898899227,578481
2016-12-23,83.96749877929688,84.54050225530983,83.04187378889189,84.54050225530983,83015
2016-12-26,85.37796020507812,85.68649933588672,82.77739280994422,84.62864241736217,329132
2016-12-27,86.92066192626953,87.71405453524542,85.51018370655159,86.08318700927335,7841273
2016-12-28,86.03913116455078,88.06668803269899,85.51020264144394,87.18514543504364,382427
2016-12-29,86.34766387939453,86.65621043567032,85.51019625082502,86.0391247344023,622547
2016-12-30,86.87659454345703,87.14105879188337,86.17135901808136,86.25951623798473,541770
2017-01-02,86.70028686523438,87.14105813888072,85.51019775623394,87.14105813888072,187081
2017-01-03,85.6424331665039,86.96475444947872,85.0694297476428,86.08320445706752,348145
2017-01-04,85.24573516845703,86.78844577316202,84.54049222336022,85.77466367163773,292352
2017-01-05,83.74710083007812,86.17136144992378,83.65895101897082,85.51020081019932,1740713
2017-01-06,84.40825653076172,85.06942454308272,83.79117824398239,84.18787460460489,2898092
2017-01-09,85.774658203125,86.39174388792182,83.79117644265307,84.93718318562573,455731
2017-01-10,85.81873321533203,86.8325152535248,84.98126560804091,86.39174399883737,669008
2017-01-11,86.1713638305664,86.52398531858925,85.42204594774941,86.39175318699121,351593
2017-01-12,88.55152893066406,91.41656048975007,85.95096159514651,86.3917402419493,1926285
2017-01-13,90.40278625488281,92.20995351536766,89.03638282033117,90.27054673130657,2262640
2017-01-16,89.82978820800781,90.66726331191742,89.25678477739922,90.00610265687516,2117823
2017-01-17,90.6231689453125,92.20995430644389,89.74161905203401,89.8297762647468,1499684
2017-01-18,94.19344329833984,94.76644665203028,90.84355815494766,91.41656150863808,2726269
2017-01-19,95.64800262451172,96.00062408604362,93.00336019123147,94.67830286940348,848151
2017-01-20,94.36975860595703,96.08877622938756,94.14936926073032,95.4276156049912,451043
2017-01-23,96.00062561035156,96.6617862291696,92.9152044483449,94.32568290558461,2014914
2017-01-24,96.00062561035156,96.79401835293321,95.29538267608984,96.0887754186715,446146
2017-01-25,96.44139099121094,96.97031945393675,94.32567714030769,96.57362310689238,701283
2017-01-27,98.46896362304688,99.04196703718935,96.08877792200882,96.08877792200882,648910
2017-01-30,96.9262466430664,97.85187147280132,96.30916095281533,97.85187147280132,489738
2017-01-31,95.25130462646484,97.36701853681578,94.89868317097854,96.97032217862498,646654
2017-02-01,98.02818298339844,98.73342592206617,94.81052967752582,95.29538327144941,616712
2017-02-02,97.14663696289062,98.73342993372445,96.6177084430407,98.73342993372445,213321
2017-02-03,96.35323333740234,99.48273660929664,95.86838718963787,96.30915843613737,492083
2017-02-06,101.33399200439453,104.90425931529101,99.6149744102592,99.6149744102592,2221744
2017-02-07,100.54059600830078,102.25961354669168,100.05574243730119,101.46622083666512,408194
2017-02-08,101.90699768066406,102.25961915265692,100.27613726885423,101.20176214796214,1095567
2017-02-09,103.67008972167969,105.34503232178108,101.06952231307447,101.42213634688711,1504142
2017-02-10,103.67008972167969,104.90425366259042,102.25961135257941,104.55163962877778,382378
2017-02-13,102.17146301269531,104.68388083670771,99.96759175917217,104.1990272339988,542786
2017-02-14,103.49378204345703,104.41941432361476,101.2458359333344,102.70038929870786,2262293
2017-02-15,105.03649139404297,105.65357710313346,102.52408106520228,102.92077743291397,1650098
2017-02-16,106.05026245117188,106.57919088649321,103.581927282578,105.25686979818987,1435758
2017-02-17,102.5681381225586,107.06403691897468,102.03920972430757,105.87394802290986,286946
2017-02-20,106.05026245117188,106.53511598731072,102.52407041193531,102.61222762158316,361563
2017-02-21,109.4442367553711,112.57373287912714,105.03649427461646,105.03649427461646,1049922
2017-02-22,107.90152740478516,109.88501673216332,106.6673633496434,109.88501673216332,334042
2017-02-23,107.50482177734375,108.29821447555847,105.87396147921903,106.66735417743375,953742
2017-02-27,106.44696807861328,108.43044988437777,105.91803959707609,106.66735741634828,158690
2017-02-28,110.59024047851562,111.8684867140625,104.24309161284768,106.44696264382567,1872652
2017-03-01,111.0750961303711,112.97042065781757,109.17976419164135,112.6178066223244,577512
2017-03-02,108.82715606689453,111.07510972758301,105.34504571961789,110.89880268825388,583247
2017-03-03,106.53511810302734,108.34229276335884,105.96210734586104,107.54890009462058,304772
2017-03-06,105.34503173828125,107.59297768933936,103.93455337699352,106.09434211444515,1473291
2017-03-07,107.90152740478516,108.78307739347724,104.90426337225924,105.080577816768,753373
2017-03-08,108.1659927368164,108.87123569930277,106.7114393172038,108.1659927368164,411955
2017-03-09,106.71143341064453,109.047536698418,106.05027280196182,109.047536698418,295126
2017-03-10,106.6673583984375,107.72521537125161,105.12464784265573,107.50482603148748,657528
2017-03-14,106.53511810302734,108.78306399778576,104.55163643118169,107.54890009462058,445568
2017-03-15,107.54891967773438,108.07784821987018,106.71144454516312,106.84367668069706,469136
2017-03-16,107.1962890625,108.87123177390941,106.57920334539469,107.37259609112277,610300
2017-03-17,108.43045806884766,109.31200807504467,106.40290120700699,107.37260102592487,581670
2017-03-20,107.90152740478516,110.14948098764255,106.6673633496434,109.3120059044357,545793
2017-03-21,108.2982177734375,110.19354977330006,107.19628590723342,110.19354977330006,4735422
2017-03-22,107.54891967773438,108.78308380562312,106.66736963707991,108.25415526348732,5081841
2017-03-23,109.62054443359375,113.27896883639144,107.54890544724564,107.54890544724564,945170
2017-03-24,109.04753112792969,110.76654862269199,107.9015169943271,110.01723824531774,232724
2017-03-27,108.43045806884766,109.929093820511,107.32852611956443,109.31200807504467,516813
2017-03-28,109.92909240722656,110.4139460160941,107.98968538304041,110.10539944168568,923485
2017-03-29,110.4139404296875,111.64810443102658,109.135694113501,109.44423326101487,437134
2017-03-30,111.55994415283203,111.95664048152302,109.92907652735823,111.0750906140043,510024
2017-03-31,111.86849212646484,113.41120266391691,110.63432073198979,110.89879238333458,393751
2017-04-03,112.22112274169922,112.75005126498623,109.9290941999328,111.91257616225907,433712
2017-04-05,115.3065414428711,115.92361976513236,113.7197484978572,113.7197484978572,715521
2017-04-06,114.46907043457031,115.35062045512234,113.14674910938439,115.35062045512234,276724
2017-04-07,114.90983581542969,115.48284663432682,113.45528243270958,114.60129665922003,1258991
2017-04-10,113.94012451171875,115.26244563505448,113.32303885040105,115.26244563505448,334042
2017-04-11,113.94012451171875,114.90982419840392,112.66187828873319,113.89604961136858,512708
2017-04-12,112.92634582519531,115.48283834614078,111.64809956472257,114.60128843430269,207828
2017-04-13,113.0145034790039,114.16051762771916,112.48557501210199,113.6756640626313,583486
2017-04-17,112.6618881225586,114.1164414851903,112.08888472285885,114.1164414851903,206788
2017-04-18,113.41120910644531,116.36439822908004,112.48558421364898,113.14674485136064,722809
2017-04-19,112.79412078857422,114.99799200085509,112.0448029459163,114.02829222486771,694387
2017-04-20,111.55994415283203,114.07235423454165,109.00345176041259,113.23487926644984,1173721
2017-04-21,111.47178649902344,112.83818248864857,110.72246874405076,111.11916507116285,358319
2017-04-24,110.98694610595703,112.7941209472466,110.2817105779999,111.95665329459229,219156
2017-04-25,111.60403442382812,112.26519506271015,110.72248443489079,111.86849867938093,240659
2017-04-26,111.82440948486328,112.57371983899276,110.72247028667736,112.22110581750229,257626
2017-04-27,110.85470581054688,112.26518417378344,109.8409237921628,112.26518417378344,266813
2017-04-28,113.14674377441406,115.04206844738624,110.50209383745563,111.5158759427255,373920
2017-05-02,113.80789184570312,114.16051328063814,111.51586363555,113.71973463414861,340378
2017-05-03,112.92634582519531,113.49935660296754,110.89878918037931,113.1908100576184,183611
2017-05-04,113.80789184570312,114.24866308090964,112.2651814055558,112.2651814055558,264484
2017-05-05,113.67566680908203,114.38090231156227,112.39742051275833,114.38090231156227,352527
2017-05-08,113.67566680908203,114.07236316884281,112.88227408956045,113.19081323227991,210902
2017-05-09,114.689453125,115.48284587398726,112.83819596607927,113.71974593538194,771958
2017-05-10,116.80516815185547,117.68671812892838,114.95391838790103,115.48284689188802,517366
2017-05-11,118.30378723144531,119.80242281691204,116.3643878086863,116.62885204008828,549199
2017-05-12,117.3341064453125,118.56827799844127,115.57100634406694,117.95119222187688,262102
2017-05-15,120.90436553955078,121.74183315936381,117.20185878193935,117.33409090145106,1040536
2017-05-16,127.1633529663086,127.78044608651467,121.21290745225384,121.30106467103808,1545955
2017-05-17,126.36994934082031,127.38373874126391,123.02007166239125,127.16334200765479,568639
2017-05-18,122.0944595336914,128.26529449658923,121.03660253498228,124.73910944174797,767720
2017-05-19,122.755615234375,125.00356867775423,117.68671237800928,123.41677583205022,416432
2017-05-22,124.38648223876953,126.06143239103685,123.06416097254152,123.41678244729694,2472689
2017-05-23,120.68399047851562,124.47465490127915,118.48011908887177,122.31485100830716,932876
2017-05-24,120.1109619140625,121.65367240054296,118.8327230701886,120.77212990365405,245593
2017-05-25,120.63990020751953,121.87406417468607,119.53796094738328,120.19912153895167,111669
2017-05-26,121.2129135131836,122.7996990629412,119.36166370513307,121.56553499466884,193693
2017-05-29,116.71700286865234,118.9649562666057,114.20459264825641,118.12748125228485,924187
2017-05-30,116.14399719238281,116.58476843607652,115.08614027849137,116.32030420760366,182339
2017-05-31,120.86029052734375,123.41678326654397,115.65915523813221,117.24594076813901,999006
2017-06-01,118.52418518066406,122.05037765954918,118.25972093002977,119.93466365447487,1380645
2017-06-02,120.06688690185547,121.03659402333538,118.74456574645855,118.92087276341707,1011872
2017-06-05,119.93465423583984,120.50765759678745,118.2156367417138,119.22941875995946,188773
2017-06-06,119.89058685302734,120.8162117156032,119.18534392163758,119.67019751055759,161979
2017-06-07,121.1688232421875,122.27075504158084,119.00902713248291,120.11095893187625,339941
2017-06-08,119.93465423583984,123.41677153659167,119.53795789104151,122.7556109619278,527596
2017-06-09,116.58477020263672,120.59581600277487,116.18807385391646,119.89058051992217,343465
2017-06-12,113.58751678466797,116.36439889011562,112.88228123753056,116.0999346335286,196552
2017-06-13,112.26519012451172,114.38090407587048,110.81063678295257,113.23488988178995,301131
2017-06-14,112.92634582519531,113.4552742900415,111.73625677929137,112.92634582519531,230192
2017-06-15,113.98421478271484,115.35061840194183,112.485586444607,112.9263577413954,195417
2017-06-16,112.08887481689453,114.11643140003868,109.92907871027788,113.32303872690187,332961
2017-06-19,110.36985778808594,115.48284303769469,110.0613186414855,113.71974314239162,425327
2017-06-20,111.25141906738281,111.51588333748724,110.54618348419912,111.07511202440797,206487
2017-06-21,113.89604949951172,115.13021340965199,111.20732494384762,111.42771426794815,383550
2017-06-22,113.80789184570312,115.3065273857147,112.97041686414282,112.97041686414282,263730
2017-06-23,115.262451171875,115.48284050677874,113.41120151027717,113.71974065011567,435361
2017-06-27,114.2927474975586,115.04205787008338,112.04479414613475,114.24866518532785,153747
2017-06-28,112.92634582519531,113.5434315046103,112.44149226199187,112.97042072683807,293580
2017-06-29,113.45527648925781,115.2183763471099,112.48557675533756,112.92634801415888,166511
2017-06-30,117.95116424560547,120.50764915138133,112.00071207936651,113.45526524168915,378269
2017-07-03,115.08614349365234,119.00903212935451,114.68944713986055,119.00903212935451,187931
2017-07-04,111.95664978027344,116.89332055486244,111.515871104263,114.90983133538249,343409
2017-07-05,112.39743041992188,113.94014109206685,111.29549846055212,112.61781977630949,216560
2017-07-06,112.22112274169922,114.20460470402547,111.95665848005572,112.30927255472432,318743
2017-07-07,112.17703247070312,113.54343599984112,111.29548993524769,112.44149671359646,263146
2017-07-10,112.30926513671875,113.14674018413083,111.64810452627952,112.83819362507012,44634
2017-07-11,110.98694610595703,113.58751369542976,110.19355335777387,112.83819585171774,144727
2017-07-12,110.14948272705078,111.82442550863016,109.75278633756757,111.16326485949146,220724
2017-07-13,110.72246551513672,111.64809025140498,109.84091567683463,110.281694301627,217402
2017-07-14,109.75277709960938,111.38363742645296,109.1356914085924,111.38363742645296,140143
2017-07-17,108.73899841308594,110.94286959658588,106.88774869410541,109.8850126143113,705660
2017-07-18,108.47454071044922,110.6343297091054,108.0337620003923,109.13570136425051,132157
2017-07-19,109.53238677978516,110.19354736732849,107.59297991923026,108.73899407473316,211788
2017-07-20,112.30926513671875,112.7500438178673,108.78307274394837,109.92908693913755,290417
2017-07-21,111.38363647460938,113.27896843393493,110.63431867129812,112.397418513056,167384
2017-07-24,112.0007095336914,112.6618700469923,110.36984199336086,111.11915971219605,222997
2017-07-25,110.67840576171875,113.10266629594965,110.23762707661295,111.6481055286409,193052
2017-07-26,109.53238677978516,112.35334356082562,109.0475332118256,110.32577948483716,171313
2017-07-27,110.5020980834961,111.51588022772053,109.4001661258846,109.57647316394288,235295
2017-07-28,108.69491577148438,111.03101150018314,107.1962802124244,109.84092247984422,117299
2017-07-31,109.88501739501953,110.59025294345702,108.12191740699988,108.12191740699988,269074
2017-08-01,112.04480743408203,113.10267188382994,109.04754335467304,109.04754335467304,287770
2017-08-02,113.98421478271484,115.1302290479056,110.54617939842666,112.57373625719424,343760
2017-08-03,111.86849212646484,114.60129174419275,111.16325662339587,114.51313452707781,161656
2017-08-04,112.83820343017578,114.16053217724193,110.41395011833704,111.95666081384401,127129
2017-08-07,113.76382446289062,114.16052082417443,110.45801404090878,114.16052082417443,247691
2017-08-08,114.5572280883789,115.79139219273934,111.60403884356457,113.01451739946522,302013
2017-08-09,111.20733642578125,114.55722188833282,110.45801857550032,114.55722188833282,363025
2017-08-10,109.97315979003906,112.83819151889307,105.78580686498834,111.86849177877664,336711
2017-08-11,108.2051010131836,110.23836966011075,107.01166362864876,109.17753642941312,303670
2017-08-14,110.54777526855469,111.29920127342425,107.93989113694208,108.24930577948922,143449
2017-08-16,111.34339904785156,112.71364689174747,109.84055448552866,110.54777414448034,230333
2017-08-17,111.8296127319336,114.03968430605406,111.52020553576789,113.11145528542231,726278
2017-08-18,109.57534790039062,112.89045171635297,109.31013959511363,110.81298418097157,171623
2017-08-21,105.99502563476562,111.82961563369612,105.15520183358997,109.177532648789,349242
2017-08-22,98.52499389648438,107.58629045500105,95.91710963312622,106.96746857077996,1119596
2017-08-23,98.70178985595703,99.71842414279311,97.59675775783766,99.5858199937334,1404546
2017-08-24,98.03878021240234,101.04447707549413,97.33156048137778,98.92281045028479,1152261
2017-08-28,99.76263427734375,100.95607166430112,97.64096037950667,98.48079164360377,373164
2017-08-29,101.44227600097656,101.6632853889236,99.27641075478027,100.2930450207751,174303
2017-08-30,101.66327667236328,102.54730671622049,101.22126536650168,102.54730671622049,459913
2017-08-31,105.06680297851562,106.08343732859026,102.10531260934421,102.5473239896598,702911
2017-09-01,104.31538391113281,106.08343685666502,104.22697866260887,105.24361300816089,2123588
2017-09-04,104.27117919921875,104.97840633418467,102.94513761132684,104.31538554023871,154160
2017-09-05,106.12763977050781,107.3652835680153,103.8733690212123,104.2269825965195,133708
2017-09-06,105.64142608642578,106.70225934627868,105.19940727339689,106.0834374673194,68148
2017-09-07,103.65235137939453,105.33200643859836,102.98933062341077,105.24360862589046,266953
2017-09-08,101.75169372558594,104.27117258270741,100.86766357904222,103.82916122550299,239448
2017-09-11,106.21602630615234,107.23266051093583,102.0168927807954,102.10529801707828,576205
2017-09-12,106.48124694824219,108.29350619362174,105.19940431788739,107.71889067138996,575035
2017-09-13,104.84579467773438,107.32107460883385,104.3153780805084,106.2160350765232,223266
2017-09-14,104.93419647216797,112.2716387325258,103.87336323745,103.87336323745,2066543
2017-09-15,102.54732513427734,105.72982494519675,101.35388770518256,105.28781355994751,265204
2017-09-18,102.01690673828125,104.58058461989359,101.00027239440652,103.03354108215598,252678
2017-09-19,101.3538818359375,103.87336070701627,100.77925889304011,102.54731919592219,1331653
2017-09-20,101.75169372558594,105.8182234811252,101.35388127446149,102.37050813924516,975246
2017-09-21,101.57486724853516,104.18275093945577,100.3372311838928,102.14949009780037,3366680
2017-09-22,99.09960174560547,101.6632869010933,98.21557904493739,101.22127555075926,300661
2017-09-25,100.82347106933594,102.32631572488133,97.72936907620645,97.72936907620645,624399
2017-09-26,105.50880432128906,105.99501452949112,98.61338185084063,100.86765215182803,1117919
2017-09-27,104.4479751586914,106.70224554428778,103.07772742053349,106.52543506909265,665659
2017-09-28,104.22697448730469,107.3210763082062,103.65235154312116,105.19940245357192,268275
2017-09-29,102.81253051757812,105.55301886503459,101.663292030167,104.62478978000814,830232
2017-10-03,107.7630844116211,108.73551234849589,102.32630693616262,104.31537657926944,1630619
2017-10-04,104.2837905883789,108.62895100693962,102.67797382662451,108.62895100693962,1313955
2017-10-05,102.77244567871094,104.85055992976923,102.48906578700887,103.90596524551925,322392
2017-10-06,102.11122131347656,103.66980696909775,101.82784142771496,103.66980696909775,473244
2017-10-09,101.73339080810547,102.96137293312148,101.07217595259667,102.15846440220184,359084
2017-10-10,99.41910552978516,102.48905272666002,98.71065217474163,102.11121044182784,1362057
2017-10-11,99.74971771240234,100.08032881093378,98.85234685414136,99.51356905120421,1079962
2017-10-12,98.52174377441406,100.22202306372742,97.67160412975738,100.12756062583162,669202
2017-10-13,99.41910552978516,100.1275514526942,98.66342096012079,99.37187431516432,849360
2017-10-16,102.01676177978516,102.48906655759671,100.1275649649454,100.1275649649454,1677017
2017-10-17,103.95320129394531,105.88962940515172,102.01676575060313,102.01676575060313,2197709
2017-10-18,107.16483306884766,107.77882408884679,103.33920814752331,104.09488540098766,1570672
2017-10-19,107.77881622314453,109.76247537183961,106.9286765879895,107.6843537863045,195291
2017-10-23,106.55082702636719,111.93504434950809,106.0312985233497,108.62894847057169,1365715
2017-10-24,105.1339340209961,108.44003752987214,104.61440548689507,106.55083340133297,495839
2017-10-25,106.83421325683594,108.48726872702328,103.95319071081803,105.7951561888339,524208
2017-10-26,106.78699493408203,109.10125784647009,106.64530127275918,106.83421872238759,648306
2017-10-27,105.93685913085938,108.39281579425008,105.79516546436254,107.63713853600733,465959
2017-10-30,108.10942077636719,108.62894928327148,106.73975268576459,108.15665199192841,693310
2017-10-31,106.97589874267578,109.10124393442197,106.40913903392554,108.2511043712966,311433
2017-11-01,108.39281463623047,109.00680565355246,107.11760137992547,107.11760137992547,623914
2017-11-02,107.87328338623047,108.77065427912198,107.40097861347233,107.40097861347233,373050
2017-11-03,108.15666961669922,109.19572679982835,107.4482161321033,108.48728074736826,848820
2017-11-06,108.15666961669922,108.91234689241715,107.58990980187681,108.44004952411042,863182
2017-11-07,106.07852935791016,110.04584737125151,105.08669613850755,108.53448565069567,1804932
2017-11-08,104.14212036132812,108.39281899991018,103.05583194793536,106.7397707680398,619687
2017-11-09,105.1339340209961,107.11759315346771,104.4727192649289,106.55083340133297,429944
2017-11-10,105.7479248046875,106.78698930319226,104.89778517798453,105.13393383560174,1517597
2017-11-13,106.6925277709961,107.44820496819891,105.41731460407284,105.98407436000872,829495
2017-11-14,105.84239196777344,106.69253163244576,104.09488141836886,105.32286341138511,540403
2017-11-15,105.7479248046875,106.26745333787238,104.09487676923199,104.37825664479965,1761468
2017-11-16,104.80332946777344,106.03131148474996,103.90596599766727,105.3700966874157,1352226
2017-11-17,105.65348052978516,107.11760384211719,105.13394451170761,105.32286940269427,2004298
2017-11-20,104.61441040039062,106.73976328678633,104.1893442823927,105.65347494953012,240736
2017-11-21,104.85054779052734,105.51176993865661,103.48087971123208,104.61439914680534,347326
2017-11-22,104.80332946777344,105.03948557268083,104.37826334321109,104.85056068875491,162042
2017-11-23,112.12397003173828,113.25748947649295,104.75609364083299,105.747919438926,2250010
2017-11-24,114.0604019165039,116.56358954101275,111.13214076896948,113.35194852217288,1685775
2017-11-27,115.66622924804688,117.98049964658037,112.26567048256148,112.26567048256148,869268
2017-11-28,113.16304016113281,117.03589623553556,112.6435115940953,116.09130154351664,1283820
2017-11-29,116.65805053710938,117.31926527391273,110.70707331307032,113.39917834121107,670345
2017-11-30,116.75251770019531,118.02773095425067,113.02135524545578,116.18575790553417,952566
2017-12-01,113.06857299804688,118.02772465262528,112.50181323364563,118.02772465262528,574708
2017-12-04,113.77702331542969,115.28838512331012,111.22660444520737,113.35194978765848,614924
2017-12-05,116.37466430664062,117.6026387119286,111.79335545547885,113.82424563577952,660970
2017-12-06,114.1548843383789,118.07497200578361,113.1158196735724,117.03590734097712,1176485
2017-12-07,115.0994644165039,117.60265215952343,113.35195388869728,114.29655598181485,801802
2017-12-08,114.1548843383789,117.13036979199667,113.44643082000465,115.43009026646189,449138
2017-12-11,113.25749969482422,115.90237368312147,112.59627748168225,115.05223402285408,402743
2017-12-12,113.9659423828125,116.61082372636197,113.35195140733359,113.35195140733359,2183547
2017-12-13,113.58810424804688,116.09129186461506,111.9350488105633,114.53269886131193,525452
2017-12-14,113.4464111328125,114.62716183710775,111.79336311965311,114.62716183710775,578748
2017-12-15,113.21025848388672,114.76884400742642,111.46274809775943,114.39100914652055,699041
2017-12-18,113.68256378173828,115.0522319712786,110.99045862163062,112.87965535560329,312165
2017-12-19,111.3210678100586,114.76885011810307,110.80153184241556,114.15486657840682,1392593
2017-12-20,111.3210678100586,112.40735609923624,110.70707683822731,111.55721646873178,478114
2017-12-21,113.02135467529297,113.82426314165653,110.61262184406674,112.02952132357171,1471370
2017-12-22,113.06857299804688,114.95777716747445,112.45458201458966,113.777026419616,362617
2017-12-26,113.11580657958984,114.29655735210892,112.5490468033515,113.3519552476666,221393
2017-12-27,111.69890594482422,114.24932491063026,111.1321461746451,113.21026780934696,630427
2017-12-28,110.9904556274414,113.11580096680832,109.90416734890854,113.11580096680832,547902
2017-12-29,111.27384185791016,112.31289897809934,110.80153708607702,111.46275930736218,2278703
2018-01-01,111.93505096435547,112.40735571221069,110.61261402105788,110.61261402105788,456562
2018-01-02,111.93505096435547,112.8796530279309,110.47092779919582,112.40735571221069,1976901
2018-01-03,114.62715911865234,117.13034668768346,111.60444303576465,112.40735141464616,1761802
2018-01-04,118.92509460449219,122.79795048743085,114.86331384678131,114.86331384678131,5176843
2018-01-05,125.44283294677734,127.85155823206256,120.43645006764021,120.7198299501523,3523339
2018-01-08,132.81069946289062,134.55820240771004,126.1040452474683,127.5209371166296,4968711
2018-01-09,134.2748260498047,137.72260805527398,132.24393587202894,134.13313983988908,3873933
2018-01-10,135.2194366455078,137.6281619569455,133.47193354448922,135.07775041878102,2334156
2018-01-11,135.59727478027344,136.77803300261624,133.84977163747283,135.2194398785446,1182178
2018-01-12,133.6608428955078,136.40019416283357,131.77165357713614,135.73897195569532,1079406
2018-01-15,133.33026123046875,135.6445243441531,132.4328902604429,135.6445243441531,784775
2018-01-16,136.5418701171875,139.8007422562013,130.96873529155584,134.1331449989031,3009133
2018-01-17,140.41473388671875,141.68993962729687,136.022342042205,136.022342042205,2080036
2018-01-18,132.81069946289062,144.33481873485354,130.7798092256774,141.31209527066594,1941178
2018-01-19,134.55819702148438,136.0223274795716,130.49641670964684,134.51097324011033,817982
2018-01-22,142.3039093017578,144.05141201085036,133.3774411916496,134.32203564367074,4361788
2018-01-23,148.0659942626953,152.03329760627796,142.6345454775415,142.6345454775415,5286335
2018-01-24,142.68174743652344,151.32482849398966,141.50100434396646,148.20765781107872,1681264
2018-01-25,141.12318420410156,146.79078196330244,139.80075463646847,143.67361062787728,1636073
2018-01-29,133.7080841064453,142.68177813329498,132.76347456490748,141.92609347291886,1339576
2018-01-30,135.59727478027344,139.18675837164548,133.5663991772439,133.5663991772439,1486834
2018-01-31,130.54367065429688,137.5337127015037,129.55183735078705,134.2276016898043,938659
2018-02-01,130.6853485107422,136.5418706544161,128.46554824705697,131.8661066148155,1034406
2018-02-02,121.85334014892578,130.02412489696695,119.49184626358672,130.02412489696695,1103495
2018-02-05,128.41830444335938,129.41013764353767,118.16939853552229,119.63352901266107,996782
2018-02-06,127.99325561523438,129.4101625834508,119.96416319886828,122.79796227102945,705360
2018-02-07,124.54546356201172,131.2993570356891,123.17579535226241,128.93785550927876,974736
2018-02-08,129.26846313476562,133.66084009951388,125.5845172853169,125.82066594517347,1766055
2018-02-09,129.3629150390625,131.2048954576014,123.97870460406206,123.97870460406206,1013548
2018-02-12,130.4019775390625,132.2439429594896,129.36290563927687,129.69351672297782,1701627
2018-02-14,128.08770751953125,134.84160094575492,127.56818640321895,132.338413210058,1517118
2018-02-15,126.7652587890625,130.82702412335018,125.39557593192336,129.03229751716177,1275846
2018-02-16,125.82064819335938,130.1185769791939,124.87605368720428,129.36289245570902,874639
2018-02-19,129.78799438476562,132.05503358799297,126.576360468284,127.52095518153828,1438382
2018-02-20,128.276611328125,132.57454009994234,126.81248092979888,128.7016848002157,1463384
2018-02-21,125.3011474609375,129.2684658395163,124.6871490410473,129.03231717471866,927865
2018-02-22,125.20668029785156,128.37109012386446,124.68714433633771,125.30114273306044,1155536
2018-02-23,124.16761779785156,126.9069615736168,123.60085804178082,125.6317558385252,1259929
2018-02-26,125.49005889892578,127.99324666561616,124.26208434160965,124.97053777618096,1875385
2018-02-27,130.73260498046875,132.1494970613853,124.82884338383556,125.63176673348065,2390145
2018-02-28,129.5518341064453,131.8661117566789,126.85972157759542,129.31568544927637,2079853
2018-03-01,129.41015625,130.92151072642835,128.22939802356177,129.22123136634485,3212549
2018-03-05,127.00142669677734,129.41015199496172,126.19851826404921,128.65446734945917,1258429
2018-03-06,126.48188018798828,129.59906608498483,126.00958289796316,127.89878692233286,1041483
2018-03-07,125.39559173583984,128.89061269285705,124.02593100248126,128.4183153756896,1575949
2018-03-08,122.2784194946289,126.43466260640116,121.38104865385682,125.44282933013676,2255150
2018-03-09,121.47551727294922,125.06500081875691,120.67260882679814,123.36471405401855,1451236
2018-03-12,121.5699691772461,122.70348870337426,120.57814330795152,122.23119137819924,960404
2018-03-13,122.79795837402344,127.04865684736885,121.56997633767847,121.66443878113134,1441225
2018-03-14,123.50640106201172,125.15944165329078,122.18395669757255,122.79794766218575,640423
2018-03-15,125.63175964355469,129.17400451021376,123.8370104521261,123.8370104521261,2227998
2018-03-16,122.79795837402344,126.76528438128142,121.9950499010808,126.00959969792962,828105
2018-03-19,122.2784194946289,124.68714471046819,120.62537146632322,123.64808764859261,627287
2018-03-20,121.85334014892578,123.36470188396507,119.68076369341615,120.4364408448685,1852356
2018-03-21,121.52275085449219,124.45100480723026,121.14490851808206,122.75072544158796,1241448
2018-03-22,122.08950805664062,124.12039106246623,120.15307262667963,121.56997206803199,1149869
2018-03-23,120.43644714355469,123.64808821142782,118.54725045005374,119.20847263723982,1273907
2018-03-26,118.59449005126953,120.86152921657805,118.1221927025421,120.8142979952782,934203
2018-03-27,122.13671875,122.70347846577727,119.49184503112913,119.68076245901004,857832
2018-03-28,122.23118591308594,127.89879072245606,118.9250899204103,121.09766643763888,1188105
2018-04-02,128.890625,130.16584571524083,123.45918303754712,123.93148039981196,901194
2018-04-03,130.874267578125,132.71623289634238,125.86789268026817,127.9460066359868,2850469
2018-04-04,128.60723876953125,133.84976271264318,128.04047902259293,131.77164859529265,1648206
2018-04-05,128.890625,133.66085214170926,128.5600138735603,130.82705310384873,941162
2018-04-06,128.04046630859375,129.8352078063981,126.71802207562877,129.69350673553154,1224938
2018-04-09,129.88243103027344,132.4328570594463,128.46553924183058,128.7489116538118,921234
2018-04-10,127.56818389892578,131.2048910988015,126.95418549172044,131.15765244825565,1608064
2018-04-11,127.04862976074219,128.5127601614328,126.3401838822923,128.41829773811918,3284264
2018-04-12,125.72620391845703,129.22122490571212,125.20668281078613,127.52094563063696,1041554
2018-04-13,130.5908966064453,132.05502726039643,126.76527928251231,126.76527928251231,2381316
2018-04-16,132.29116821289062,134.84159447772285,130.63812764029967,130.63812764029967,1391666
2018-04-17,139.04507446289062,142.63455811418916,131.39380980917977,133.28301407790602,6985724
2018-04-18,144.09866333007812,146.69629830168097,139.80073441241473,140.0841068272458,10487060
2018-04-19,141.02870178222656,145.61001799262849,139.89518239099064,144.09866375907006,1997399
2018-04-20,138.76165771484375,142.5400654512372,137.72260078982936,141.59545608500486,1278202
2018-04-23,141.31211853027344,143.1068604180363,138.00602209378636,139.5173766425106,1578063
2018-04-24,141.45379638671875,147.35754285871522,140.13135194476823,141.68994505645696,2247797
2018-04-25,138.0060272216797,141.02873643144306,135.45560053265265,141.02873643144306,1373405
2018-04-26,138.66725158691406,143.57916527468026,136.9669720568097,137.8643430474986,2022739
2018-04-27,134.9832763671875,139.32842928432137,134.60544150699693,138.99781820755365,569882
2018-04-30,139.75350952148438,140.5564179282185,134.1803744600422,135.92787749487061,704736
2018-05-02,139.3756866455078,141.973336960735,137.0614087974037,141.170428484858,914522
2018-05-03,136.4001922607422,139.659049735197,136.02234251092057,138.38384399022465,427359
2018-05-04,133.47195434570312,138.66725553521653,132.71626957827138,136.49466368688437,698112
2018-05-07,137.3447723388672,140.46194325864184,133.04684337254605,134.13313899165658,1570606
2018-05-08,136.1640167236328,139.65903741555755,135.5972570131658,138.38383178307402,532762
2018-05-09,134.60545349121094,137.76986346181525,134.13315615785578,136.16403171842887,1503405
2018-05-10,131.91334533691406,135.78620143916655,131.06319821656683,134.6526818548843,1219423
2018-05-11,131.77166748046875,133.70809565467607,129.78800064975567,132.76348603155327,876370
2018-05-14,128.3238525390625,133.84976383407624,127.5209441295287,132.43287188699426,491248
2018-05-15,128.04046630859375,132.24393277563993,126.57633586903064,129.31567189651375,345289
2018-05-16,128.74893188476562,129.22122922179432,126.57635521587122,129.22122922179432,295112
2018-05-17,131.5827178955078,132.9996246322167,128.8433817173758,129.315679008189,878960
2018-05-18,130.26028442382812,132.2439510473523,127.23757556551102,131.06319285784397,1035819
2018-05-21,132.00779724121094,133.1885405204643,128.27662766879246,128.46555253918095,899007
2018-05-22,132.05502319335938,132.9996326965306,129.07953818940487,132.9996326965306,269192
2018-05-23,129.0795440673828,132.24395408892536,128.46556049699177,130.35474986082318,219530
2018-05-24,129.0795440673828,130.26028741977743,127.23757849193889,128.74893295585815,166832
2018-05-25,129.0795440673828,131.96056676578817,127.70987583289674,129.41015517890747,329997
2018-05-28,134.88880920410156,138.38382984713218,131.7716382722756,131.7716382722756,2801335
2018-05-29,138.19493103027344,140.55643271318266,135.07775951110878,135.55005687483632,2193116
2018-05-30,135.97511291503906,139.75350620193848,135.17220452737632,137.9115407751986,1033410
2018-05-31,134.08590698242188,137.10863048863973,133.56638590221328,136.4946321120503,1341231
2018-06-01,131.86611938476562,134.9360669698197,130.96874848990527,133.99145742223095,417125
2018-06-04,128.796142578125,134.32205356093982,127.99323421395336,132.52731197128466,526183
2018-06-05,125.82064819335938,129.45735487917813,123.74253433411096,129.12674382917024,1068369
2018-06-06,126.57635498046875,128.04048564109718,124.26208465548854,126.71804120845972,1685949
2018-06-07,130.4019775390625,131.20488592397354,127.42647778575383,127.89878995123347,595218
2018-06-08,133.4246826171875,134.51097827211447,129.59906566191114,131.2993448190126,1104062
2018-06-11,130.82704162597656,135.97511809725776,130.16583429537852,132.95239443397588,664253
2018-06-12,130.49644470214844,131.91335168279917,129.88246109123858,130.7798320439873,809074
2018-06-13,128.41830444335938,133.04684451325596,128.04046959464475,130.401970843716,1190349
2018-06-14,127.85157012939453,129.07955221192955,127.28481031163005,127.99325636776771,514599
2018-06-15,125.06500244140625,129.31569339592878,123.93147543949534,128.22939761478108,2209329
2018-06-18,127.33203887939453,127.99324622750918,123.69532414341106,124.73438868175003,595448
2018-06-19,126.00959777832031,127.00143112305928,125.1122268755952,127.00143112305928,320615
2018-06-20,126.00959777832031,129.55184273607838,125.67898666340733,126.2929702400909,674481
2018-06-21,126.10406494140625,127.56819568675749,123.9314807186991,126.57636230488636,1426285
2018-06-22,128.18215942382812,130.0713634492765,124.68713866566979,124.68713866566979,624464
2018-06-25,125.3483657836914,128.74892424565618,124.68714360537551,128.65446181100108,1218232
2018-06-26,125.6789779663086,126.009589058343,124.02592993827155,125.63175418070509,366190
2018-06-27,123.78977966308594,126.24573606415912,121.05043595928734,126.24573606415912,680026
2018-06-28,121.00321197509766,123.64809340275146,120.48368341998278,123.64809340275146,1033728
2018-06-29,124.73439025878906,125.253911386324,121.14490669718424,121.14490669718424,527196
2018-07-02,122.98686981201172,125.53729620338221,121.66443282904591,125.53729620338221,972151
2018-07-03,124.07317352294922,125.5373042581039,121.85335809292623,123.27025760563468,832693
2018-07-04,123.7425537109375,124.6399245780112,122.46734052295506,123.55362883441553,235657
2018-07-05,119.86968994140625,123.36471095923541,119.20847517229396,123.22302473447391,1151544
2018-07-06,120.10585021972656,121.61720468645643,118.59448832086127,119.63354544575499,1610691
2018-07-09,120.38922882080078,121.8061282632569,120.0113864921007,120.9087573776788,1307012
2018-07-10,120.38922882080078,122.27842560003049,119.01955316631376,121.09767482596116,667482
2018-07-11,121.3841781616211,123.08981064164387,119.96281776160211,120.8156340016135,401356
2018-07-12,120.19972229003906,122.52127149206275,119.53641825772661,122.14224700691416,533962
2018-07-13,119.441650390625,120.4839862936496,117.87815771938976,120.19971422110369,616756
2018-07-16,118.87309265136719,119.86804851926324,117.40435253525409,119.86804851926324,706556
2018-07-17,122.56864166259766,123.51621771113106,118.0202885584922,118.87310476551197,474385
2018-07-18,122.14224243164062,122.90029882907706,120.34185010025264,122.23699482161102,1377521
2018-07-19,122.37911987304688,123.46882814317236,119.868051368946,121.47892381560683,1272816
2018-07-20,121.28941345214844,123.1371780567213,118.58882523865408,123.1371780567213,1078048
2018-07-23,121.7158203125,123.18456051622844,121.24203603602011,122.42650418275383,386959
2018-07-24,121.7158203125,122.85290854047892,121.28941595477491,122.23698450773466,1191594
2018-07-25,123.80048370361328,125.93252784428232,121.43154742632188,121.43154742632188,706434
2018-07-26,122.56864166259766,125.31660251114992,122.33174951434788,123.94262208687378,380012
2018-07-27,122.94766998291016,123.46883418494795,122.23698610337927,123.18456212424242,163754
2018-07-30,125.79039001464844,126.02729708000679,122.23699278924012,124.03738509069393,626865
2018-07-31,126.02729034423828,127.35388335514216,124.9849544833267,125.69563836374525,2404777
2018-08-01,122.80553436279297,126.73797088133698,121.90534568650484,126.02729443339355,1314984
2018-08-02,122.09486389160156,124.79544496373273,121.52631972320187,122.9950600674902,384463
2018-08-03,123.2793197631836,123.65834420033822,121.09989569964156,122.52125597780636,576249
2018-08-06,123.1845703125,124.7954429450637,122.75816592086504,122.75816592086504,649201
2018-08-07,119.96281433105469,123.7057311866585,118.96786580726102,123.18456696414425,1058416
2018-08-08,119.9154281616211,122.14222456090802,119.39425654313104,121.38416081884989,2538554
2018-08-09,121.3841781616211,122.23699440163249,118.20981281452423,120.2470898416059,1290526
2018-08-10,117.35698699951172,122.23699219403314,116.17252623383278,121.28942358148998,1408709
2018-08-13,119.34688568115234,121.66843448763683,115.69872158053315,117.49911367261532,1010332
2018-08-14,118.49407958984375,120.62611636665893,117.30961140026452,119.39426825661104,1418069
2018-08-16,117.54650115966797,118.3519374246736,117.16746925915126,118.3519374246736,1667118
2018-08-17,120.76825714111328,125.07971065137838,117.49912461223053,118.58883297001333,10301335
2018-08-20,119.58377838134766,121.76319490445249,118.20979807523662,121.62106260994004,469108
2018-08-21,122.4738998413086,123.18457634736139,118.92049494443967,119.63117890602744,857447
2018-08-23,119.8206787109375,123.08980371936603,119.15737474305307,123.08980371936603,759546
2018-08-24,119.58377838134766,121.62106260994004,118.92047445886632,119.58377838134766,3582793
2018-08-27,119.72592163085938,120.67349768460315,119.34689717378936,119.8680613939114,2328646
2018-08-28,119.63117218017578,120.81563295700487,118.96786818072384,119.8680643355416,303684
2018-08-29,121.85796356201172,122.4738876124124,119.53640712074807,120.62611546121038,999768
2018-08-30,127.82769012451172,128.63312652994497,122.09487543094475,122.61603972531125,1216883
2018-08-31,130.05447387695312,131.1441896758478,126.16942479483313,127.827669814459,714608
2018-09-03,129.20166015625,132.1865282609652,126.45369912647668,131.00205253053448,535788
2018-09-04,124.22689819335938,129.817587369214,123.27932956956352,129.817587369214,937744
2018-09-05,121.7158203125,125.22183737841233,121.09989627975574,122.75815615850337,262112
2018-09-06,120.957763671875,122.66339600951224,119.91543528405246,122.23698419733593,2256167
2018-09-07,122.37911987304688,122.61601200278714,119.91543128600081,121.0525194731811,331677
2018-09-10,122.99504852294922,123.80048477665993,120.38922008644933,122.71077646543166,316159
2018-09-11,121.81058502197266,123.13718552249573,120.95776881687902,122.23698939675229,377865
2018-09-12,120.76825714111328,122.09485764769221,119.3942692581339,121.28942135957163,916675
2018-09-14,123.1845703125,123.8952542392711,121.00515352073329,121.2894256003348,1426149
2018-09-17,122.99504852294922,124.03737691533554,119.67853621488844,122.71077646543166,473343
2018-09-18,122.18960571289062,123.37406634271392,120.86299787863472,123.37406634271392,644679
2018-09-19,122.04747009277344,123.08979846449263,120.6734897512707,121.76319804089239,684504
2018-09-21,120.43660736083984,123.56360018451093,115.60398208789361,121.47893581688538,1292763
2018-09-24,117.83077239990234,122.23698559473625,117.07271605968666,122.23698559473625,1195312
2018-09-25,118.87309265136719,119.82066860333482,116.78843599478539,117.54649228303934,1055745
2018-09-26,119.58377838134766,120.29445476497736,117.6412539861194,118.58882249762564,622938
2018-09-27,121.4315414428711,122.23697764991337,119.48901707164357,119.48901707164357,464538
2018-09-28,129.72283935546875,131.28633965618,121.19467623032183,121.28943608355743,3596944
2018-10-01,121.85796356201172,132.47078235702526,120.9103875263542,132.37602251679922,2792687
2018-10-03,118.11503601074219,121.76319260441042,117.49911201657737,121.76319260441042,1116073
2018-10-04,117.02533721923828,118.20980538742327,115.27232492676721,117.02533721923828,868746
2018-10-05,118.06767272949219,119.15738112398944,115.93563586296008,116.55155248836773,1065699
2018-10-08,112.61912536621094,118.11505481745571,110.67660069838,117.02534640297992,1455047
2018-10-09,112.47697448730469,115.41444723811617,103.56978149278126,113.3297905999016,734996
2018-10-10,114.04048156738281,117.26223422376411,112.76126096246644,114.65640563681954,442075
2018-10-11,116.64630889892578,119.29951737889266,110.86610763938648,112.76125974887755,642146
2018-10-12,118.6362075805664,119.77329580831774,115.55659487299557,117.5938791903057,1001819
2018-10-15,120.24707794189453,121.0525216351437,118.92047751833607,119.86805350975435,377763
2018-10-16,117.4991226196289,121.05252715791369,117.0727182501339,119.39426723339358,319137
2018-10-17,118.87309265136719,120.15232055930018,118.2571686553649,118.9204725672956,580956
2018-10-19,115.84086608886719,119.39426304702351,114.89329008744298,118.35193466433067,623365
2018-10-22,121.52631378173828,122.18961776428701,114.13523995389443,116.55154882369158,1245069
2018-10-23,118.3045654296875,121.28942600318459,116.88320502695905,121.28942600318459,956944
2018-10-24,118.6362075805664,119.72591588957243,116.59892326325628,118.4466953611192,650139
2018-10-25,120.76825714111328,122.0474777268261,117.12009270083611,118.3519408212172,1059597
2018-10-26,121.85796356201172,122.6633998373302,118.68359092531657,121.5736914968679,773731
2018-10-29,120.19972229003906,121.1946708829728,118.87311422541416,120.62612669971496,1905636
2018-10-30,120.34185028076172,121.1946665249824,118.25718586526631,119.39427419089387,461577
2018-10-31,122.04747009277344,123.18455830029761,119.39426179003905,120.81562204944427,2299766
2018-11-01,123.942626953125,125.07971527379588,121.28942584191606,121.33680576453312,673658
2018-11-02,124.17951202392578,128.1593132246768,123.46882817896518,125.03232816455824,488054
2018-11-05,124.93757629394531,127.30651265409833,123.27932382405189,123.65834827369173,437993
2018-11-06,123.75310516357422,125.64824973319553,122.99504882683252,125.45874496842768,166167
2018-11-07,124.6532974243164,125.55348603472177,123.18455725941917,125.31659390274488,39055
2018-11-09,125.03233337402344,127.54340198347579,123.42145340424463,124.98495345498081,249935
2018-11-12,123.75310516357422,125.93252924694949,123.18456104713442,125.93252924694949,457902
2018-11-13,124.3690414428711,125.45875731960624,123.37408541338286,124.03738943304168,237701
2018-11-14,124.17951202392578,126.5010683160142,123.1845561320877,126.5010683160142,630053
2018-11-15,124.3690414428711,125.55350225578356,123.04244085908825,124.1321492802886,373999
2018-11-16,128.5857391357422,129.34380298097292,124.17952565330224,124.17952565330224,741942
2018-11-19,127.16437530517578,131.52320849187296,125.36398314643236,129.3437918985244,640942
2018-11-20,127.68553161621094,128.3014630953569,125.97989929953177,126.50107094257311,385205
2018-11-21,127.82769012451172,127.92244998004578,126.8327489190812,127.44866561344632,135584
2018-11-22,131.61798095703125,135.50303024547532,129.24904446354674,129.24904446354674,4421982
2018-11-26,130.4808807373047,133.98690523513739,127.54340034963222,131.4284492838824,489905
2018-11-27,130.5282440185547,134.0342682697657,127.5433913779418,130.85989596874134,1028434
2018-11-28,130.4808807373047,132.56553750420284,129.91233662714447,131.19155714723797,585364
2018-11-29,133.65524291992188,134.08163978624822,129.95969903429264,131.52319894402297,622488
2018-11-30,136.68748474121094,137.63506824160308,132.8024356317022,134.46069557408697,1559562
2018-12-03,134.508056640625,137.35077707876596,133.60786059262475,136.68747315802185,448650
2018-12-04,136.1189422607422,136.45059425325235,132.66030493879606,134.50806967487497,247753
2018-12-05,139.00904846191406,140.57253364985002,133.60787172392327,134.3185481649004,851758
2018-12-06,139.1038055419922,140.09874657518512,135.69254079972646,138.06146222263186,446527
2018-12-07,136.49798583984375,140.09875558075905,135.45564245348137,140.09875558075905,248828
2018-12-10,132.99195861816406,137.20865982091323,131.7601104747972,135.5030273711135,420855
2018-12-11,137.1138916015625,138.2509798319679,130.76514649662099,131.2389307741119,909433
2018-12-12,143.17835998535156,144.3154482379302,137.7771982411371,138.1562226883072,1698413
2018-12-13,141.0463409423828,145.073522583237,140.2882770818993,143.88906178035913,897801
2018-12-14,142.18341064453125,144.55234685090892,138.96165084298792,140.38301853124153,1338388
2018-12-17,139.34068298339844,141.70960415637512,137.96670273864527,141.18844746274695,1143752
2018-12-18,137.39817810058594,143.84166845978467,136.64011427141656,138.81953100532607,2318999
2018-12-19,141.09371948242188,142.0886755463016,137.6350818603111,138.15623867157896,940963
2018-12-20,138.25099182128906,141.18847248975683,137.87196734864042,139.3407076828743,487785
2018-12-21,139.1038055419922,141.28322219770612,137.8719574554404,139.00904570286232,621568
2018-12-24,138.3931121826172,139.67234762558294,136.78223967414337,139.67234762558294,341119
2018-12-26,139.86184692382812,141.093694944243,137.11388629193897,138.39310677384123,340333
2018-12-27,139.86184692382812,143.0362193533739,138.67738627596813,141.4727193693447,2230327
2018-12-28,140.6672821044922,142.13602224359832,139.57758129874725,139.95660572104103,515536
2018-12-31,139.95663452148438,143.08363510985515,139.43546278639909,142.04129163968457,585944
2019-01-01,138.3457489013672,140.43040582586167,137.8719645922611,140.43040582586167,375222
2019-01-02,134.41329956054688,142.1360248182614,128.15931446854339,138.44049562852044,1068244
2019-01-03,136.92437744140625,138.96166184553272,134.08165675088892,134.365936275475,801881
2019-01-04,135.50302124023438,141.94652628496232,134.55545267024166,136.97176147036404,1672773
2019-01-07,137.3507843017578,139.90924028616223,136.07156376508968,136.16632360318883,404535
2019-01-08,134.41329956054688,138.15621612335008,133.65525070222793,137.39816726503113,2064340
2019-01-09,134.31854248046875,136.8769984352072,133.7500132806024,135.73991021333856,1183917
2019-01-10,133.89215087890625,136.07156757188636,133.3709792103145,134.98185176986203,1350591
2019-01-11,133.18145751953125,135.26612925137871,132.4707810912295,134.79234496584422,207637
2019-01-14,132.4707794189453,134.27117161010327,131.23893134546523,133.51310781617673,773729
2019-01-15,131.6653289794922,133.560480804643,130.4808684081895,132.8498044618614,873025
2019-01-16,132.4707794189453,133.13408337474752,129.24903438912673,131.99699513939177,503124
2019-01-17,130.14923095703125,134.3185445610878,129.3437946966536,133.0393240194372,1503871
2019-01-18,129.5806884765625,131.1915610176963,128.39621284732758,130.5282570510957,578853
2019-01-21,129.72283935546875,130.3387560348944,129.01216282280748,129.5807070311506,1137376
2019-01-22,129.8175811767578,130.48088514620218,127.11699283447797,129.34379688745997,2298810
2019-01-23,130.29136657714844,131.23893516382475,129.05951846782807,130.00710196557299,513739
2019-01-24,128.5383758544922,130.24400844484578,127.922444276518,129.67546424806125,730726
2019-01-25,126.50108337402344,129.72282865177834,125.74301952175847,128.87001986516586,687143
2019-01-28,130.05447387695312,132.6603023902909,123.84786834739522,125.64825312773816,457521
2019-01-29,126.88011932373047,130.7651689598221,125.45876624709382,130.7651689598221,582733
2019-01-30,126.35892486572266,127.92242489779605,125.60087599222548,127.92242489779605,362634
2019-01-31,134.6028289794922,137.35078983982623,126.88010316244655,126.88010316244655,2610989
2019-02-01,136.21368408203125,138.0140761143043,134.79233136880526,134.79233136880526,1294722
2019-02-04,137.3034210205078,139.29331810939314,131.9022440872621,137.3034210205078,1090200
2019-02-05,135.50302124023438,137.82457020114379,132.139128959051,137.2086536128622,826020
2019-02-06,134.27117919921875,136.30846364530245,130.85991430034403,134.6502036620707,1698993
2019-02-07,132.5655517578125,135.83468447050188,132.18652728064183,134.74496859591557,1199165
2019-02-08,130.00709533691406,133.37097259474245,128.91737958894265,133.08670799766077,718954
2019-02-11,128.2541046142578,131.33371797054497,127.92245256871261,129.86497745772232,645602
2019-02-12,128.7278594970703,131.71272722310155,127.4486389922385,129.05951146662935,755447
2019-02-14,130.10182189941406,133.13406166970154,128.7752291151542,133.13406166970154,748519
2019-02-15,129.48594665527344,131.52323130286914,128.15933853747052,128.15933853747052,269616
2019-02-18,127.54341125488281,130.7177840506158,127.06962694108432,129.9123477349445,412839
2019-02-19,130.5756378173828,131.23892683934267,127.44863782198676,127.44863782198676,872467
2019-02-20,131.52320861816406,135.92942918283526,130.33873302840018,133.60786537709612,1925765
2019-02-21,134.9818572998047,137.11390161528968,131.9022443601349,133.27622482963054,1735503
2019-02-22,135.40829467773438,136.9244077445225,133.1814900977303,135.9768389416639,1632655
2019-02-25,134.6975860595703,137.77719884794527,134.17641439523123,135.97680662158825,538111
2019-02-26,132.51817321777344,134.55545764747188,132.04437400418286,133.6078741313596,513403
2019-02-27,129.7701873779297,134.03427559268687,129.15427081454231,132.70766771946148,2284265
2019-02-28,131.42845153808594,132.42340747569835,129.86495148056187,130.05447115755516,1576064
2019-03-01,131.00205993652344,132.56556023532568,129.81759905020084,131.71275137938753,629742
2019-03-05,131.6653289794922,133.1814414929729,130.00708417966845,130.81252035036758,3818710
2019-03-06,132.42340087890625,134.08164578125178,130.81252843791503,133.89214102476706,2509981
2019-03-07,134.7449493408203,135.69253276494135,131.09679267228296,133.22883673772102,2689021
2019-03-08,136.9717559814453,140.24088829241063,134.08164810107462,135.503015810173,4006561
2019-03-11,136.59271240234375,138.81951627679214,135.97679585785124,137.54029581603555,4220360
2019-03-12,143.1309814453125,144.2680696496227,136.87699632160644,137.39816796152684,9107928
2019-03-13,145.8789520263672,148.24788843138583,143.74690777074355,143.74690777074355,3520907
2019-03-14,142.08865356445312,145.92632999494504,141.28321732622328,144.1259378467603,2093377
2019-03-15,141.3306121826172,143.88906851202472,140.28828364510676,142.23080839934667,1649059
2019-03-18,142.8467254638672,144.36283819068447,141.2358379847298,142.13603411001563,1313878
2019-03-19,141.80438232421875,144.50497070394317,140.90418619764395,144.50497070394317,566562
2019-03-20,140.19349670410156,142.51506041324615,139.5301927872031,141.47271716608157,1131561
2019-03-22,140.38302612304688,142.13603095859102,140.0040016775134,140.19350644474596,2600458
2019-03-25,140.47776794433594,141.7096009620903,138.39309648361373,139.2932924734802,3138336
2019-03-26,142.8467254638672,143.0836176114615,139.29331342781532,139.67235279282113,1449161
2019-03-27,143.3205108642578,144.97875591020534,141.0937067664172,142.32555489004804,1395609
2019-03-28,143.98379516601562,144.50495185907792,141.6622315435258,143.32049127387566,4227110
2019-04-01,146.7317657470703,150.09564298710544,145.45253033376576,148.10574608485572,1585887
2019-04-02,149.2902069091797,151.04322659101052,146.2579667237613,148.39001083711904,2475633
2019-04-03,146.7317657470703,152.46457923154958,146.11583427153823,150.66418708932932,2732614
2019-04-04,145.7841796875,147.631959169882,144.1733072452736,146.4474836133738,1295500
2019-04-05,147.4898223876953,148.62691065211126,145.26303323467076,146.11584197744844,991166
2019-04-08,149.3376007080078,150.09564960367774,146.96866435913535,148.57953690126948,1141767
2019-04-09,144.26806640625,149.57448287742358,142.37291447131642,149.57448287742358,963861
2019-04-10,144.74185180664062,147.72670457168397,144.36282738108406,146.87389588641483,885809
2019-04-11,143.8890380859375,145.40515064617455,142.98884205955918,144.88397903208872,651873
2019-04-12,143.27310180664062,144.93136151271742,142.70455775185238,144.93136151271742,675871
2019-04-15,145.2630157470703,146.68436845094533,143.08359932115525,143.55738355578023,1078197
2019-04-16,145.9737091064453,146.9212776860968,143.69953258642695,146.82651784591795,1679705
2019-04-18,145.31040954589844,147.6319735119914,142.46768880960937,146.68438999251575,1217650
2019-04-22,145.8789520263672,147.82147659804733,144.8366235868155,147.82147659804733,956422
2019-04-23,143.60476684570312,146.6370070514927,142.89409044016534,146.6370070514927,558357
2019-04-24,144.41021728515625,146.02108992717464,143.17836911447472,143.17836911447472,660955
2019-04-25,144.41021728515625,146.63702146805008,144.17332512668702,146.54226162244854,638350
2019-04-26,144.36285400390625,145.31042269807827,143.55741763164596,144.504986325818,534243
2019-04-30,146.2579803466797,146.779152035757,142.60982325634606,144.6944951015861,1066984
2019-05-02,144.978759765625,152.55935348189644,144.12595098724415,148.7690640792953,3644219
2019-05-03,145.02613830566406,147.58457939596698,143.3205059417727,145.92633440697352,1351421
2019-05-06,144.69448852539062,145.31040511988095,142.27816478984215,143.84166487494565,417152
2019-05-07,142.8467254638672,145.2630343159703,142.37292625760995,145.2630343159703,779205
2019-05-08,139.4828338623047,143.0836183828607,138.5352652668189,142.3729270251776,577389
2019-05-09,140.0039825439453,141.18844309378144,137.9193111007409,139.48281095537763,478007
2019-05-10,138.91427612304688,141.09369262593987,138.3457320392023,140.24088395570664,217160
2019-05-13,135.78726196289062,139.1985261081317,133.98688497879036,139.10378119665197,715590
2019-05-14,136.30845642089844,137.39817219656234,134.7449563640131,136.02417690552466,206670
2019-05-15,136.21368408203125,137.11388009816778,134.08164010112546,137.11388009816778,272342
2019-05-16,134.508056640625,136.3084487366255,133.51310075950883,135.0766007282532,800476
2019-05-17,135.55039978027344,143.55740525325328,132.75506640906852,133.60787517807492,2063124
2019-05-20,141.52011108398438,143.03622374197565,136.92437082493376,137.39817000968225,1883889
2019-05-21,141.1884765625,142.4203247729789,140.52517253292908,141.52012857728548,597801
2019-05-22,140.57254028320312,141.18847182330285,139.2933196468666,139.67235902879543,289128
2019-05-23,140.61993408203125,144.31546384708608,139.29332600684745,144.31546384708608,777337
2019-05-24,143.55740356445312,144.031187865113,140.4777906990951,140.4777906990951,942978
2019-05-27,144.78924560546875,146.82651503044002,144.36283378837487,145.92633384367363,1432666
2019-05-28,144.978759765625,146.40012761101866,142.65721067513402,145.4525440770665,1080992
2019-05-29,141.70962524414062,145.689449193538,141.18846847295927,145.4051696638372,353242
2019-05-30,143.6521453857422,144.504954037732,140.24088095564912,141.85175334023748,991761
2019-05-31,148.9112091064453,150.00091013359946,143.08363473815808,143.65217894265123,2440337
2019-06-03,146.96868896484375,150.0956747329106,145.92636037548812,149.7166502216188,423000
2019-06-04,144.78924560546875,148.86379936647947,143.69952983091065,146.7791425667932,619526
2019-06-06,142.18341064453125,146.63700355520885,141.89913114245354,144.78923898043993,867019
2019-06-07,141.5675048828125,143.65217687668653,138.58265157991835,143.65217687668653,426964
2019-06-10,138.8668975830078,141.85176539632565,138.5352605148185,141.3305937400443,755735
2019-06-11,141.8991241455078,143.08359964582473,138.34572746669056,138.44048729604393,551461
2019-06-12,141.47129821777344,146.32012035494168,140.52055523288692,142.1843554564383,313783
2019-06-13,139.90255737304688,142.32697587100546,138.71412866700524,141.47129523383865,936301
2019-06-14,138.99935913085938,140.99592232907244,138.80920455540257,140.99592232907244,461678
2019-06-17,139.09442138671875,140.09271046582722,137.2880127648826,139.75994743945773,1274211
2019-06-18,141.04345703125,141.80406039114015,138.5239761678266,138.71413074805443,478185
2019-06-19,139.7599334716797,142.04172830387037,139.09440748545416,140.71069129243872,627839
2019-06-20,142.51710510253906,143.13509995346598,139.14195884670565,139.14195884670565,1114017
2019-06-21,143.372802734375,144.98907183351412,141.8516109283067,142.65974547787627,934709
2019-06-24,146.4152069091797,147.36594995421876,141.51885329738823,143.56296281304012,1561335
2019-06-25,150.97877502441406,151.64428608041925,145.03660195400576,146.4627163096141,1377478
2019-06-26,151.1689453125,156.20790766274615,147.7462522110849,151.64431686085936,3568490
2019-06-27,150.5509490966797,153.64087878964682,149.2674430619749,150.6935575536421,1699276
2019-06-28,149.79034423828125,151.5492367137781,148.12654401451115,150.26571573078698,901286
2019-07-01,146.3201446533203,151.69187033981308,145.36938654952658,150.8361895425011,1113867
2019-07-02,145.41690063476562,148.2215982722174,144.56122002603757,147.03316960567352,624883
2019-07-03,144.51370239257812,146.89057490919973,143.84817629260144,145.464445414818,1029063
2019-07-04,144.65631103515625,145.41691443051536,143.9907849343448,144.18093952344006,257475
2019-07-05,143.0400390625,145.65459728589636,142.6597448529044,145.65459728589636,741363
2019-07-08,140.568115234375,143.0875966299969,138.14371114895053,142.6122250400342,513415
2019-07-09,140.47300720214844,144.03830792842612,139.2845636527095,139.2845636527095,987249
2019-07-10,140.9959259033203,142.51711766247445,140.04518292397665,141.28115777373617,562574
2019-07-11,141.6614532470703,143.04003656392317,140.52055567719063,141.75653053806386,1113897
2019-07-12,140.90084838867188,143.08756621429077,139.95010541084312,142.4220551064234,461656
2019-07-15,137.33555603027344,141.7565380893146,135.67174075180992,141.47130620113992,538402
2019-07-16,137.90599060058594,138.80920237830844,135.33896371626386,136.71756192517242,359120
2019-07-17,139.33209228515625,140.71069036815027,138.23874099584143,138.33381827339474,922112
2019-07-18,140.61563110351562,142.0417455664432,139.0944243898341,139.7599504569421,353023
2019-07-19,137.90599060058594,141.32868313900158,137.0027788228634,141.13852856652716,752368
2019-07-22,138.19119262695312,138.57150173097534,136.09955239890715,136.95523292193806,259197
2019-07-23,136.43231201171875,138.8091840090235,132.58177967530537,137.9535035071456,1623866
2019-07-24,140.6631622314453,141.4237655880891,135.52912323639734,137.24046956808002,937180
2019-07-25,138.2863006591797,142.46959700669657,137.28802644164307,140.71071937296898,403265
2019-07-26,137.09786987304688,139.14197936879307,136.43234376359155,138.9993709056304,299630
2019-07-29,132.6768798828125,138.33383651345105,132.10643110329522,137.09786166432673,425035
2019-07-30,136.7650909423828,137.28800852797428,132.01134639325826,132.1539698008871,651561
2019-07-31,136.24217224121094,136.90769826796136,133.10471163641364,135.1012747556446,904516
2019-08-01,133.770263671875,136.67003911106244,132.62936596448597,135.43406410122046,271148
2019-08-02,131.108154296875,134.05547576101094,130.25248852784796,133.38994962897732,590964
2019-08-05,128.7312774658203,131.2032120669817,125.30857749660623,130.6327633188644,337496
2019-08-06,134.3406982421875,135.19636395124152,129.58695331315351,131.10814510759488,2872709
2019-08-07,133.00962829589844,137.38306347108644,130.39507043044355,133.96037117023855,854833
2019-08-08,133.86532592773438,134.53083704805454,131.20322160236765,132.15397955900784,218528
2019-08-09,133.3899383544922,135.9094192406498,131.25076663222194,133.86532480935142,2070550
2019-08-13,129.68203735351562,132.9145756952921,127.9706908853359,132.24904957527403,655476
2019-08-14,128.06576538085938,130.96554059918677,125.64134671654503,129.68203451638757,2231761
2019-08-16,125.92656707763672,128.87388815434804,123.83491913798575,128.35097055905254,1562778
2019-08-19,128.35098266601562,129.63448875242025,123.40709795033202,126.92486811690428,906135
2019-08-20,125.16597747802734,129.254188794479,124.50045140023977,129.254188794479,961051
2019-08-21,122.979248046875,125.87903800908407,120.98267736051814,125.07089602132376,2121592
2019-08-22,119.93685913085938,123.88246192589125,117.41737827864085,122.64648708194947,2683650
2019-08-23,129.25418090820312,129.87217578316603,115.32572513369509,118.84349492949619,1923764
2019-08-26,129.30172729492188,130.01478449577468,124.54798270052869,128.44604668508205,721174
2019-08-27,130.87045288085938,133.58008825397832,126.25933159904295,129.30172999838814,1124324
2019-08-28,131.72613525390625,132.91456396258835,129.3017317115821,129.3017317115821,605388
2019-08-29,132.0588836669922,132.9145492503258,127.78051086726599,130.4426148176803,638563
2019-08-30,132.15396118164062,133.10470404504872,129.3492487891595,132.05888390309593,286234
2019-09-03,127.73299407958984,131.96382123562148,127.40023104834951,130.34755220446618,381671
2019-09-04,126.4494857788086,128.39851780573977,125.73641360425654,127.40022873018356,129079
2019-09-05,125.49872589111328,128.44604694721104,121.79080898978494,127.11499486741964,563220
2019-09-06,126.3068618774414,127.16254249917704,125.0708945493452,125.87903652759435,270838
2019-09-09,128.30343627929688,128.87388502347858,126.54454392414138,126.92485306094274,178560
2019-09-11,128.06576538085938,129.82464297869367,126.44949624533119,128.25590501026016,271844
2019-09-12,127.82807159423828,129.1591087605274,126.92485978799506,128.06575733682638,214786
2019-09-13,126.21177673339844,128.63619503670807,125.07088676329906,128.25588591249175,475727
2019-09-16,126.3068618774414,128.58865692070873,125.54627350369948,126.73470218830921,356752
2019-09-17,123.644775390625,126.54455042202291,123.16940390623398,126.44948809396158,715940
2019-09-18,127.49531555175781,129.68203348005778,125.30859014294687,128.11329552416058,3017103
2019-09-19,128.2083740234375,129.30174047837326,123.1218733716723,127.49531674988222,1287275
2019-09-20,141.70896911621094,143.5153925670415,128.82633420009904,131.20320637429612,3111492
2019-09-23,152.54751586914062,154.97193449810598,150.21818949502227,150.21818949502227,12093831
2019-09-24,151.97706604003906,153.3081182225515,144.8464635446292,153.3081182225515,3305504
2019-09-25,147.3184051513672,151.64430998286824,146.41520822706374,151.0738611585057,458037
2019-09-26,147.3184051513672,149.69527774638146,144.70386175397616,147.36595128066048,1132108
2019-09-27,146.84303283691406,148.88714236000055,144.03833485943892,147.88886814348763,549237
2019-09-30,151.92953491210938,153.92609822535766,142.61219955422604,146.41520151635322,1895029
2019-10-01,145.7971954345703,152.2147401831823,144.7989063738247,152.1196778582718,549294
2019-10-03,146.9856414794922,148.7920500977472,145.46443480166997,146.41519271556407,3056155
2019-10-04,148.36422729492188,151.16892503849965,145.65459187944822,148.2216038807235,2935255
2019-10-07,148.5068359375,149.26743929045068,146.60533503563389,148.88713013346478,1382266
2019-10-09,146.46273803710938,150.97879742185896,145.13168580559955,148.69700214556912,2079943
2019-10-10,144.37107849121094,148.60190543312947,142.89741798773142,145.98734744057035,1772907
2019-10-11,143.2301788330078,146.2250309562317,141.851595634666,144.8464477578899,1034554
2019-10-14,144.51370239257812,145.6070538759496,142.84988714263642,143.56295937033826,566831
2019-10-15,141.70896911621094,145.9397959010942,140.7106950710844,145.4168932986031,1060447
2019-10-16,141.6614532470703,142.56466506997685,139.09442623433029,142.1843559060027,1372563
2019-10-17,144.37107849121094,145.65458442617043,140.09270542665223,142.5646549733315,1023708
2019-10-18,142.041748046875,145.89228110165408,140.71071085043667,144.37108932242964,1395615
2019-10-22,144.79891967773438,145.6546003687123,140.85332415673298,142.42206211617787,955720
2019-10-23,142.9925079345703,147.36594370965457,142.42205913951491,144.8939939440739,1021185
2019-10-24,143.8956756591797,144.65627888549577,142.04172119111655,143.5629276437487,866592
2019-10-25,143.4203338623047,144.75138604289947,142.13682780874356,144.65630874985388,800774
2019-10-27,144.65631103515625,146.22504899263728,143.56295955041338,145.7496774809211,144358
2019-10-29,143.80062866210938,147.08069769770933,143.3252572054149,145.2267430321928,949738
2019-10-30,142.6121826171875,145.9397977180852,141.94665660480396,144.8939775390625,1204393
2019-10-31,144.51370239257812,145.8922857592347,141.89914412039656,143.4678820759099,834477
2019-11-01,143.65802001953125,146.74794976660712,143.08757122067075,145.32183524996677,1159596
2019-11-04,145.03660583496094,146.0824260492623,143.37279074787668,143.37279074787668,1561631
2019-11-05,144.03831481933594,150.21817369680528,143.1826342259219,147.36592998712555,1564213
2019-11-06,143.84817504882812,144.6563096029489,142.13682864698023,143.89570621512036,634717
2019-11-07,143.4203338623047,144.51370029079635,142.8498850650529,144.41862299775076,275685
2019-11-08,141.9942169189453,143.80064057282289,141.66145387949305,142.9925060373021,273588
2019-11-11,139.33209228515625,143.08754750188652,137.47813773643426,141.66143322164478,725503
2019-11-13,148.2216033935547,150.1231042867459,141.18607851468718,143.56295089092094,4970030
2019-11-14,147.60365295410156,150.02805697871065,143.04006186729666,149.0773138226343,1820196
2019-11-15,147.03318786621094,150.1231177439942,144.70386140608997,147.36595092637427,865507
2019-11-18,146.74795532226562,147.74624449832066,144.98907769294968,146.98565604505978,337162
2019-11-19,145.7496795654297,147.46102600869682,143.27772971592532,147.36594871278942,1420351
2019-11-20,144.70384216308594,146.320111119789,144.3710791471741,146.320111119789,811668
2019-11-21,144.32354736328125,146.36765682367638,143.46788163808105,143.7530985594738,592186
2019-11-22,142.23190307617188,144.84646127309213,141.66145428704422,144.84646127309213,504210
2019-11-25,144.32354736328125,145.27430534364157,141.75653522665874,142.61220095185894,1625273
2019-11-26,140.80577087402344,145.4644383877895,139.2845791197203,145.27429876913988,1152495
2019-11-27,142.2794189453125,144.41860541481668,140.23530975727826,141.4712844943478,1046363
2019-11-28,141.42376708984375,143.84817067854985,140.8533183065587,142.61219582126202,552322
2019-11-29,142.041748046875,144.2760120310366,140.1402620630998,141.61392267713848,1020613
2019-12-02,141.47129821777344,142.4220561636813,140.71070981427275,141.66145279915926,617031
2019-12-03,141.3286895751953,142.80235017643184,140.9008492481541,141.47129803053528,396589
2019-12-04,141.3286895751953,142.04174681291647,140.47302388213419,141.66145261166946,914292
2019-12-05,140.8533172607422,143.56295270148283,139.95010544716197,142.61219476238608,585580
2019-12-06,141.04345703125,142.04174613591434,138.99936261839622,141.61392077193355,802930
2019-12-09,140.8533172607422,143.84816961049697,139.95010544716197,141.04345687974453,558604
2019-12-10,139.4272003173828,141.5663871706238,138.3338487868979,140.75825257469234,438373
2019-12-11,139.237060546875,140.42548937473742,131.48846269834888,139.75996324672545,3408815
2019-12-12,136.43231201171875,139.75992682353797,133.86530042812228,138.9042612826787,1136190
2019-12-13,139.4272003173828,140.61564410741562,136.2421931024083,136.90771923106306,1471506
2019-12-16,139.04689025878906,142.42205168667286,137.09785822442632,139.52226173628912,557574
2019-12-17,142.13682556152344,142.6121970582139,138.23876133543584,140.0451849916768,1246536
2019-12-18,138.04859924316406,142.75479774983495,137.19293358786965,142.75479774983495,1718613
2019-12-19,135.0062255859375,138.66660412866386,134.2456222011166,135.9569685961973,577140
2019-12-20,134.0554656982422,136.43233815093447,131.34583020451169,135.14883211322797,1670860
2019-12-23,136.57493591308594,137.6683022424505,132.43918624822237,133.38992917043828,1089923
2019-12-24,137.85845947265625,138.52397055444283,135.52911832283093,136.90770157106564,886238
2019-12-26,136.52743530273438,138.57154501173434,133.77026824250848,137.4781784377023,1199875
2019-12-27,141.376220703125,142.37450981228727,136.05204204296894,136.90770773580707,1912083
2019-12-30,136.57493591308594,143.08755784450958,135.10127540703908,140.66315441624684,1780715
2019-12-31,137.85845947265625,138.42890822920236,134.34068964711847,135.76680405797342,1269219
2020-01-01,137.09786987304688,138.66660785090272,136.52742105937403,137.85847327828472,165803
2020-01-02,140.33038330078125,143.5629359795548,136.47985075044394,137.47813973775723,1709735
2020-01-03,138.71414184570312,140.04519409174472,137.0027953698021,138.33384761584372,423837
2020-01-06,134.10299682617188,138.61904051627877,133.43747081853004,137.85845218841942,429176
2020-01-07,133.9603729248047,136.76508538627058,133.62760992222331,135.8618736594097,1239754
2020-01-08,132.34410095214844,133.34238993665443,130.63275481914653,133.1047042204891,1229079
2020-01-09,132.8195037841797,135.24392259985095,131.9638379959015,133.48502993118657,1020506
2020-01-10,131.2982940673828,134.3882236505739,129.77710233811024,133.2948722380102,976133
2020-01-13,131.20321655273438,132.96210898016005,130.72784507322072,132.96210898016005,627375
2020-01-14,133.10475158691406,133.7227316766533,129.9672750794039,131.63109064566305,2132904
2020-01-15,131.06060791015625,134.53083167436733,130.10986495251396,133.1047172379039,918938
2020-01-16,134.29315185546875,134.8636006474074,130.53769606178759,131.63106248009564,936756
2020-01-17,138.33383178710938,138.80920326029528,132.4391896131546,134.05545860639492,1178646
2020-01-20,136.33726501464844,138.71413753978823,135.48159928377044,137.85847180891022,1805201
2020-01-21,137.00277709960938,137.38307127875413,134.57837365564816,134.57837365564816,1289680
2020-01-22,137.09786987304688,138.57153055512023,136.43234376359155,136.5749522267542,259383
2020-01-23,137.09786987304688,138.90429360984788,134.81607461835551,137.33555563199204,892967
2020-01-24,137.9535369873047,138.33384617422323,136.71757701288632,136.9077166453233,369939
2020-01-27,136.1946563720703,140.4730299038425,135.7668160266887,137.85847162576437,552588
2020-01-28,133.15223693847656,138.14366695843478,132.39164862224916,138.14366695843478,1691371
2020-01-29,133.34239196777344,135.3389550061783,132.62933480841596,132.62933480841596,633176
2020-01-30,133.770263671875,135.3389867987675,132.67689713520085,134.05548061821065,1835010
2020-01-31,135.29144287109375,135.95696896448715,131.4409097314761,135.9094228372323,741427
2020-02-03,133.91285705566406,134.67346042855925,130.77538123336524,131.91627881219725,621297
2020-02-04,133.48500061035156,135.48157861281112,132.48671160912178,134.53082077120288,2052241
2020-02-05,133.24734497070312,134.53085114145225,132.34413304583666,134.2931653676477,603698
2020-02-06,134.57838439941406,135.00622473574538,133.29487835144175,133.29487835144175,993145
2020-02-07,133.24734497070312,135.76682614184966,132.53428764928952,135.0062376500844,847485
2020-02-10,131.108154296875,133.5801042269934,130.25248852784796,132.62936115895832,927148
2020-02-11,132.15396118164062,133.10470404504872,131.48843519284716,133.10470404504872,647158
2020-02-12,131.1556854248047,132.96210901626387,130.82292239685057,132.96210901626387,293392
2020-02-13,127.59037780761719,132.2490300374525,126.35440304746938,131.2032098437952,1550971
2020-02-14,127.44775390625,128.35096565203452,126.35440255573515,127.30514546244721,814315
2020-02-17,125.07089233398438,128.3509689103265,124.45290494062739,127.8280662827686,1757197
2020-02-18,124.4529037475586,126.25932726766783,120.45976253085094,124.54798103193598,813006
2020-02-19,130.39508056640625,131.0606066145853,124.16768283726489,125.87903660122682,816721
2020-02-20,133.15223693847656,134.81605193213585,127.59037316185761,130.39507062985803,1595577
2020-02-24,131.20321655273438,133.00964014370305,130.25247359370704,133.00964014370305,1282784
2020-02-25,133.00962829589844,134.05544844987648,131.48843670475034,133.10470557553637,1374070
2020-02-26,133.3899383544922,134.2456190122174,131.20322050622534,131.91627774698208,2359741
2020-02-27,134.00791931152344,134.38821347479072,129.82462367150393,133.3899244650668,876760
2020-02-28,128.35098266601562,130.72785520888996,120.88761694475096,128.58866842420085,3998483
2020-03-02,127.25762176513672,131.82121192263986,123.64477457010638,127.54283866947016,7787214
2020-03-03,126.4494857788086,129.06402889508976,121.74327974356291,127.40022873018356,1786409
2020-03-04,117.75012969970703,126.40193834268786,115.3257262222515,124.92827780673944,3422584
2020-03-05,113.09148406982422,119.65164560218255,109.33602803280924,118.36813199690029,6090456
2020-03-06,114.94542694091797,116.8469278243835,107.62467023305614,109.33601653986882,3353265
2020-03-09,109.66878509521484,113.0914778813254,106.48377806138792,112.85379212904176,1405895
2020-03-11,108.4803466796875,110.1916930384529,106.24609018027336,109.33601985907019,1863849
2020-03-12,104.67735290527344,111.61781567315029,91.65210803454227,103.96429565843567,22334787
2020-03-13,109.47863006591797,110.9047519569144,95.12233386971711,95.12233386971711,5905794
2020-03-16,103.77413940429688,105.01011425553165,94.93218330668118,100.96943414696625,4839885
2020-03-17,94.83712005615234,103.77414658162039,94.1240552909652,100.77929401716344,3420176
2020-03-18,85.61485290527344,97.87950128278516,82.38230742854982,95.40755914206144,2123141
2020-03-19,79.43500518798828,83.47568574237471,77.01059386315184,82.23971075477091,1936727
2020-03-20,86.13776397705078,87.46881608953096,78.15148122421164,79.86282752839145,1185498
2020-03-23,70.97333526611328,81.47910665013556,69.59475194563595,76.059843178959,1689717
2020-03-24,73.35020446777344,76.72535839191771,69.64228751946514,71.78147411451359,1077641
2020-03-25,71.82901000976562,77.01058784616694,68.54893315657321,70.35535684646841,4500082
2020-03-26,74.3960189819336,78.864538921973,69.6898208035688,70.9257880376139,2806510
2020-03-27,72.16177368164062,77.24827426883844,70.45042727021833,75.10909499481603,1182461
2020-03-30,71.49625396728516,73.77804914750679,69.64229164309967,72.16177257450924,1521078
2020-03-31,71.30609130859375,73.20759206382958,69.68982239910228,73.20759206382958,1486961
2020-04-01,68.45384979248047,72.7322154045105,66.83758083255032,70.830722070445,2894184
2020-04-03,65.93436431884766,70.16519098371576,65.60160132623831,70.16519098371576,1366408
2020-04-07,70.2602767944336,71.30609705777746,66.31467400398834,71.30609705777746,2846854
2020-04-08,71.3536376953125,76.44013818073658,69.02430387962035,71.21102923746952,4437089
2020-04-09,71.63885498046875,73.63542555566193,70.7356432354154,72.25684235763735,2133420
2020-04-13,68.8816909790039,71.49624902225747,68.64400524425547,71.30609445005047,2702122
2020-04-15,78.19902038574219,80.62343140629442,68.64400719776822,68.64400719776822,8459323
2020-04-16,76.7253646850586,79.3874616162099,74.30096099102786,75.10909555570477,3379152
2020-04-17,76.53520965576172,80.81357527352772,76.15490799623467,79.86282486496519,1411326
2020-04-20,77.39089965820312,80.76605424602955,77.1056752214782,79.67269515200262,1357351
2020-04-21,75.67953491210938,76.05983656349518,72.58960550106622,76.01229792200819,6414118
2020-04-22,73.87313079833984,79.81530545235519,72.96991881467119,77.81873434969737,8148377
2020-04-23,74.82386779785156,77.9613361015917,73.44528448689934,73.44528448689934,4369246
2020-04-24,72.25685119628906,76.72536434624713,71.63886374352657,73.77805050458821,2661069
2020-04-27,70.54550170898438,75.86968783551711,70.16520002833538,72.58961108664293,1699954
2020-04-28,71.40117645263672,72.25684964255976,69.78490736517459,71.16349070218769,3017844
2020-04-29,71.63885498046875,72.63714400832036,71.30609197118487,71.54377769767048,577945
2020-04-30,75.96476745605469,77.01058775928206,71.92408722193314,71.92408722193314,4315023
2020-05-04,69.07184600830078,73.20760370193197,68.88169889475276,73.20760370193197,2108330
2020-05-05,69.49967193603516,70.78318539557733,68.64400627035427,70.78318539557733,6917034
2020-05-06,67.93094635009766,70.212741567005,67.59818330088018,70.212741567005,610599
2020-05-07,66.50481414794922,68.26369893819214,66.21958978954522,67.6457115815652,1193587
2020-05-08,63.937801361083984,68.16862852338468,62.46414078084204,67.50310994042842,1233979
2020-05-11,62.796905517578125,64.98362338475434,61.846158781425665,63.12966855834641,1761370
2020-05-12,61.70354080200195,63.17720128416462,61.32323915097319,62.8444382745782,1223814
2020-05-13,63.890262603759766,66.55235937241994,62.89198099083129,66.55235937241994,2365330
2020-05-14,62.46414566040039,63.50996600139349,61.98877413822373,62.273998547631955,971196
2020-05-15,64.50825500488281,65.03116517400379,61.37078650964579,61.98877397515645,3612257
2020-05-18,59.231597900390625,61.798617338028265,59.04144706566573,61.798617338028265,1937765
2020-05-19,61.133094787597656,61.656004905725425,59.18405902499788,60.847870406754296,986810
2020-05-20,60.94294738769531,61.70354702622176,60.42003724010205,61.32324533683083,487321
2020-05-21,66.0294418334961,67.17033925195383,61.465848419410314,61.7986114132121,3203444
2020-05-22,65.69668579101562,67.69325648457243,64.36564115548126,65.12623702142797,1564187
2020-05-26,64.41316986083984,67.40802952713057,64.03287568263578,66.26713203149795,958007
2020-05-27,64.36563873291016,66.26713206646446,63.414888325877904,65.50653622914479,1196243
2020-05-28,70.02259063720703,70.59303941029829,65.64914755000387,65.69668619451325,4545857
2020-05-29,71.87653350830078,72.25683512089542,69.07182875175224,70.92578321706884,2254157
2020-06-01,80.00544738769531,80.81358193536208,75.1566326211838,75.96476716885057,7847692
2020-06-02,80.052978515625,81.57417017524281,79.67267686046549,81.57417017524281,3560330
2020-06-03,78.72193145751953,81.85939974024676,78.10394403386695,81.76432993080756,3220573
2020-06-04,79.53006744384766,80.10051623302111,77.29581093300341,78.4842471571999,2024308
2020-06-05,86.7557601928711,88.84740838151416,80.05299022824846,81.28895769745965,6840555
2020-06-08,84.80671691894531,91.7471792252932,83.95104379133436,90.1309027750212,4123356
2020-06-09,84.71165466308594,88.13434778078638,81.47911615004325,85.70994389600436,7617162
2020-06-10,88.08679962158203,90.32106362156428,84.71164551935827,84.71164551935827,5386412
2020-06-11,86.4229965209961,88.89494640299354,81.19388730706319,84.90180464954817,9128332
2020-06-12,84.42642211914062,85.09194821043027,80.81358222466301,80.81358222466301,1852968
2020-06-15,82.71507263183594,86.28038122691174,81.76432965755752,84.3313491530283,1938914
2020-06-16,80.19559478759766,84.8067238194485,77.29581215021656,84.18873637469372,3231317
2020-06-17,77.39089965820312,81.38404177235222,77.01059791573259,80.48082980930462,3903960
2020-06-18,76.58275604248047,79.29238413414727,76.05984588307186,77.39089060524933,2312374
2020-06-19,79.24484252929688,81.57417631655639,76.63029182983283,78.38916935115118,3151911
2020-06-22,80.052978515625,81.66924745916023,79.14976675993998,80.19558696099098,1732998
2020-06-23,79.67268371582031,81.09880569474007,78.91208782056671,81.09880569474007,1672684
2020-06-24,77.34334564208984,82.14462145983052,77.01058261859112,80.575891109707,4362269
2020-06-25,78.05641174316406,78.53178322503301,77.01058401033765,77.77118735794059,1226807
2020-06-26,77.48595428466797,79.48252475736845,77.10565265350752,78.62685169763968,907423
2020-06-29,75.44185638427734,78.81701048580882,75.10909334262438,77.96133729892011,2066139
2020-06-30,75.96476745605469,77.01058775928206,75.48939595104423,76.05984474926113,1833056
2020-07-01,75.29924011230469,76.53521498138903,75.10909300956507,75.63200315248207,744465
2020-07-02,75.44185638427734,77.15320275805477,75.10909334262438,75.58446484183673,1661481
2020-07-03,76.34506225585938,76.82043371795282,75.1090874778042,76.01229924018989,1143996
2020-07-06,77.39089965820312,78.34165027412354,76.20246325843058,77.34336100533032,1881261
2020-07-07,80.86111450195312,83.4756725340625,78.91208250871094,79.57760106706785,9915950
2020-07-08,79.53006744384766,82.52492732726368,79.14977323807251,82.09708699512821,3846156
2020-07-09,77.77118682861328,80.38573744160783,77.4859624453311,80.38573744160783,1447260
2020-07-10,77.2482681274414,78.15147990841447,76.44013363304772,77.67610843653827,1285872
2020-07-13,76.10736846923828,77.91379198036041,75.67953565268891,77.48595916381105,1084703
2020-07-14,75.77461242675781,77.86625281449955,74.15833601380909,76.01229815440936,1476531
2020-07-15,75.3943099975586,76.44013018065627,74.82386126486713,76.39259153951365,1430704
2020-07-16,74.77632141113281,75.86968021764294,73.30266096215877,75.86968021764294,952506
2020-07-17,75.97236633300781,76.45077919706556,74.34574904414528,75.06337586860201,3661399
2020-07-20,78.17308807373047,79.89538371651739,75.15906693466763,76.30726402985891,3398578
2020-07-21,76.88135528564453,80.85220947020835,76.5464707716187,80.18242538541527,4547323
2020-07-22,76.4507827758789,78.173078201155,76.25941912697172,77.64682252038239,2425848
2020-07-23,77.83818054199219,78.93853461830693,76.49862003974422,76.97703289161065,3909600
2020-07-24,75.73316192626953,78.36444806726139,75.58964106029524,78.12524160505687,2014679
2020-07-27,75.01554107666016,76.59430821344262,74.91985548229603,76.02020970399974,1112732
2020-07-28,75.44610595703125,75.92452636726863,74.63280104650923,75.01553586902504,1029863
2020-07-29,75.73316192626953,77.31193662221307,75.39827739620584,75.58964106029524,1743716
2020-07-30,73.58028411865234,76.21156982624525,73.38892048608244,76.21156982624525,2866248
2020-07-31,73.05403900146484,74.8241773248111,72.81483254421795,74.2500788160702,2158899
2020-08-03,73.9151840209961,75.11122379120691,73.05403628984878,73.10187908519652,1766897
2020-08-04,73.58028411865234,74.63279539034158,73.48459853818248,74.58495260010665,1320116
2020-08-05,74.44143676757812,74.8241715868453,73.48460348359536,73.77165271595317,1797701
2020-08-06,74.4892807006836,76.163733326994,74.25007425812073,75.82884129605783,1733523
2020-08-07,74.4892807006836,74.91985079162264,73.67597578462171,74.34575231812362,1656751
2020-08-10,77.45545959472656,77.88603726110188,74.72849531171087,75.8766923842167,3430391
2020-08-11,79.94322204589844,81.1392618745604,77.02488667077228,78.46013295949244,18497818
2020-08-12,83.62701416015625,84.05758425458444,79.41696116317055,79.65616760767182,9512481
2020-08-13,93.43452453613281,94.63056420320046,83.96190031040538,84.20110673814492,25351098
2020-08-14,89.70289611816406,98.07516732593055,87.07161002105221,95.30035283686686,10483205
2020-08-17,88.84174346923828,91.85575672251039,88.0284385446528,91.2816582429947,2730699
2020-08-18,93.05179595947266,93.76942281906723,89.22447027449935,89.27231306892172,6165894
2020-08-19,92.57337951660156,94.05646844488285,91.85575268456827,93.72157642515867,2142253
2020-08-20,98.07516479492188,99.98882393963098,91.99928778821634,92.52554348838353,12316639
2020-08-21,96.49639129638672,101.85464148135998,95.68308633856775,99.9409823142347,5686454
2020-08-24,99.98882293701172,101.42406916324455,96.83128123929946,97.93163542468287,12661122
2020-08-25,100.13233947753906,102.23736969469759,98.93630728089593,101.08917276322391,4845401
2020-08-26,100.41939544677734,100.94565868264772,99.07983477965394,99.51041242202591,2198248
2020-08-27,102.14168548583984,106.35174597696425,99.03198667586712,100.46723285957533,5328667
2020-08-28,103.95967102050781,107.64346846433665,100.46723723338087,102.95500241235939,5939820
2020-08-31,99.2233657836914,106.49527534348816,95.68308907144099,105.1078718430679,5032769
2020-09-01,98.64926147460938,103.62477666490628,97.83595654129375,100.41939219847482,2897235
2020-09-02,99.12767791748047,100.80213063923888,98.45789381742877,98.64926500508403,1124511
2020-09-03,100.51507568359375,101.71111542510066,99.65392797311323,99.89313441574052,6778264
2020-09-04,97.4532241821289,102.09385498056896,96.63991922816565,98.55357838621866,6038082
2020-09-07,98.79278564453125,99.74961899553593,95.77877225784134,97.45322497582139,1926652
2020-09-08,93.48237609863281,99.51041026242227,92.14280793221025,99.51041026242227,3190665
2020-09-09,94.58272552490234,95.06113840118518,88.98526174756398,92.19064608674762,2866141
2020-09-10,95.06114196777344,96.6399165641331,93.91294499891934,95.34819120998696,1419232
2020-09-11,94.8697738647461,95.68307875813146,93.05179290656453,93.7694197426147,1188827
2020-09-14,98.26651763916016,98.55356685570263,95.63523189945926,95.68307469027799,1762832
2020-09-15,98.84062194824219,99.46256320911976,95.3960311449544,98.69709356725335,8291293
2020-09-16,97.4532241821289,99.36688334018191,97.07048933916998,99.12767688647163,6179639
2020-09-17,95.34819030761719,98.26652549723082,94.96546300720166,98.26652549723082,1583335
2020-09-18,95.82659912109375,97.93162929731841,94.72624500455706,95.49171462956795,2016651
2020-09-21,91.80792236328125,97.11832958708446,90.89893184033858,96.25718185930253,1747504
2020-09-22,88.65037536621094,91.47303259540394,86.11477491510573,90.8989340959699,3065616
2020-09-23,88.0284423828125,90.99461297072563,86.11477568207472,89.98994435195351,1837568
2020-09-24,86.97592163085938,87.98059775711735,84.82305604774622,87.07160722241844,1553062
2020-09-25,87.69355010986328,90.56404262527009,85.44499889418977,86.97592321682617,2573740
2020-09-28,92.14280700683594,92.86043387855112,88.88958727161425,89.65504941018925,2086830
2020-09-29,91.3773422241211,93.76942168945915,90.89892934240164,93.4823724547534,1364951
2020-09-30,90.89892578125,92.28632910657836,89.98993531889828,91.56870228374329,1515804
2020-10-01,92.81258392333984,97.30968587414348,89.46367885600692,94.91761405249284,13734978
2020-10-05,96.8312759399414,97.50105998498451,92.2863310603338,93.62589162204975,6129767
2020-10-06,96.63990783691406,98.3622031346606,95.34818259941919,97.30968432268,13120988
2020-10-07,95.49171447753906,96.97479587584984,94.29567477768762,96.6399113848572,4175243
2020-10-08,93.48237609863281,96.20934017044746,91.7600806232644,95.7787700657907,1245204
2020-10-09,92.09495544433594,94.43919196049498,91.9035918100023,93.2431598354474,1094466
2020-10-12,90.94676208496094,93.673733503203,89.9420935555461,92.6212221812693,1440278
2020-10-13,90.3248291015625,91.61654686822034,89.9420942866708,90.56403553773097,832507
2020-10-14,91.85575103759766,92.76474149530223,89.46367920657359,89.9420920671044,2464767
2020-10-15,89.36800384521484,92.52554564829836,88.98526899599017,91.99928993584626,792504
2020-10-16,92.95610809326172,94.2478333975373,89.36799646830674,89.36799646830674,1433900
2020-10-19,92.90828704833984,93.62590647181703,92.04713922314434,93.62590647181703,4027800
2020-10-20,93.9129409790039,95.34818712863624,91.61654713959219,92.04712474866702,1106559
2020-10-21,96.0658187866211,96.63991727527274,93.91294568999213,94.39135858774495,1714718
2020-10-22,96.0658187866211,96.4963888889245,94.34352332066618,95.39603470707064,2011863
2020-10-23,96.20933532714844,98.45788638540054,95.3481876328155,97.0704830214814,2551184
2020-10-26,93.38668823242188,97.30969198796664,92.81258975461675,96.639915449441,6185943
2020-10-27,93.19532775878906,93.62589786763186,91.5687103306577,93.5302122752798,8245282
2020-10-28,93.3388442993164,95.10898250568486,92.23849015167396,93.57805074075559,763218
2020-10-29,92.7168960571289,93.24315922273557,91.85574841573143,91.90359120609293,557118
2020-10-30,91.28165435791016,93.29099895069434,90.89892707343616,93.00394972315374,633671
2020-11-02,88.21980285644531,91.80792214450487,87.55001878253192,91.28165892736115,4789362
2020-11-03,92.14280700683594,92.52554184030875,88.98526533370449,88.98526533370449,1527381
2020-11-04,92.42984008789062,93.38667324007885,90.99459412379295,91.42517167720689,707492
2020-11-05,94.63057708740234,95.15683280575442,90.89893673283102,92.19065462984328,1838986
2020-11-06,94.29568481445312,96.06582315637588,93.76942909731305,95.63524550611612,1250456
2020-11-09,95.15682220458984,95.68307786431319,92.52553637760293,95.4917142230602,1185395
2020-11-10,108.79166412353516,111.37510733491197,100.46723599798761,103.81614888350099,19249885
2020-11-11,103.81615447998047,108.60030632356798,102.38090817406712,108.60030632356798,3471473
2020-11-12,107.11720275878906,108.98302646877954,104.34239611807357,105.39490742419943,3202117
2020-11-13,106.39958190917969,108.02619163635481,105.25138503626314,107.54777878209623,758745
2020-11-14,106.97368621826172,108.6002960347342,104.29455752492143,107.16504986479661,478180
2020-11-17,114.96321868896484,117.45097613626574,109.07870579629541,110.89668673569038,12457387
2020-11-18,113.33661651611328,114.58049155895732,112.14057674046387,113.67150102832893,1822594
2020-11-19,109.74848937988281,113.76717852422274,109.07870534636945,113.28876565935327,3455995
2020-11-20,108.69597625732422,112.42761611498094,108.16972060904969,111.32726202706691,1431025
2020-11-23,108.31324768066406,110.51395598298973,106.2560602323129,108.12188403257457,2947250
2020-11-24,109.84417724609375,110.80100299570967,108.31324550698987,108.504609151239,1233008
2020-11-25,105.92117309570312,111.08805958817645,104.8686616900266,110.32259743208176,3338588
2020-11-26,107.8826675415039,109.55712765455516,105.72980208359128,108.02619592049555,1929389
2020-11-27,113.0973892211914,114.48480001573583,107.16504136540784,108.12187457893543,4681593
2020-12-01,114.9153823852539,116.68552063224065,113.48013617531473,114.81969679513443,2629892
2020-12-02,123.43115997314453,124.38799318006734,115.77651690287121,115.77651690287121,13327255
2020-12-03,122.28297424316406,126.30166353754034,121.51751212512062,125.91893624270382,4040570
2020-12-04,122.47433471679688,124.3401508191032,121.0390886656498,123.43116039864843,2521910
2020-12-07,126.97144317626953,133.23869086941113,123.0005968140629,123.3354888316653,8092116
2020-12-08,124.5793685913086,130.7987662035377,124.38800494317506,128.07180975043107,3331288
2020-12-09,126.20599365234375,126.8757702258741,125.39268868767562,125.77541600730127,1594960
2020-12-10,122.47433471679688,126.11028887024621,122.23512829633398,126.11028887024621,1734585
2020-12-11,122.378662109375,126.06245944307257,121.70887803838616,122.47434769905071,1280972
2020-12-14,122.90491485595703,124.62721025869904,122.2829735946829,123.28764967713427,1327171
2020-12-15,123.52685546875,128.2153287721691,122.33081574617408,123.76606190759112,4144926
2020-12-16,124.43584442138672,126.63655266557521,123.00059827770504,124.48368721423782,3685446
2020-12-17,124.38800811767578,125.82325433623215,123.23981114283067,125.34484143950357,1628543
2020-12-18,122.28297424316406,124.2923188903522,121.51751212512062,123.43117118441442,1528609
2020-12-21,114.29344177246094,123.23981112129401,111.94920502783341,122.9527618776329,2395165
2020-12-22,111.61431884765625,113.86286996797226,108.31324883074619,110.08338706157342,2623519
2020-12-23,119.4603271484375,119.89090477447436,112.14057526114603,112.71467374361478,2505380
2020-12-24,116.11141967773438,121.23046312953656,115.39379282384861,120.99125668769811,1831873
2020-12-28,117.64234924316406,120.27362758250456,116.49415232113537,117.54666365687157,2761464
2020-12-29,117.16393280029297,119.36464866081383,116.35062787442743,117.64235321955604,2327298
2020-12-30,116.58982849121094,118.02507462050698,115.15458236191488,117.69018260227621,931785
2020-12-31,114.9153823852539,117.30746191127606,113.67149982718308,116.73336342730039,888312
2021-01-01,118.59917449951172,121.32614594217713,114.91537731138074,114.91537731138074,3313150
2021-01-04,120.94342041015625,121.99593182230349,119.69953781153072,120.56068556557051,2650539
2021-01-05,117.8337173461914,121.70887834048867,117.59451089977894,120.56068137501235,2812712
2021-01-06,118.02507781982422,119.89090160267124,117.21177291257182,118.79054746177854,1094296
2021-01-07,118.55133819580078,119.36465066368376,117.97723970574847,119.12543668585309,2069928
2021-01-08,118.02507781982422,120.03442245530618,117.69018579251549,120.03442245530618,1318098
2021-01-11,119.12543487548828,119.60385529550835,117.3553041650368,118.98191401934164,1630879
2021-01-12,117.92940521240234,119.89090714489059,117.49882757785234,118.64702456549139,1053994
2021-01-13,121.18262481689453,124.29232373253355,118.07292590125552,118.07292590125552,4207539
2021-01-14,121.80455780029297,123.14411834980851,120.2736260805822,122.1872926123132,1491860
2021-01-15,121.46966552734375,122.23513514978688,119.65169211287423,122.23513514978688,795677
2021-01-18,120.84773254394531,123.95743898202004,115.2981188078719,121.51751662727997,4769410
2021-01-19,118.69486999511719,123.04845159124623,117.6901938444547,121.5175197309671,1614642
2021-01-20,119.07759857177734,120.84772926680984,118.31212891776117,119.5560114592596,1226106
2021-01-21,116.20709991455078,121.66103514512453,115.29810945472681,120.03441786446108,1871242
2021-01-22,117.2596206665039,119.60385742845945,115.44163960042192,116.2071092747568,1938443
2021-01-25,118.83838653564453,119.55601340692914,115.77653045481104,118.02508160232709,1457743
2021-01-27,119.17327117919922,120.32146807931456,117.35529777293003,118.83837916193723,1985061
2021-01-28,116.25494384765625,118.55133780020255,115.29811805300906,117.02041351741877,2943064
2021-01-29,116.35062408447266,119.93874323440048,115.72868282954887,119.93874323440048,926443
2021-02-01,117.35530853271484,118.64702639959138,116.35063238881459,117.06825928136774,1642916
2021-02-02,117.97723388671875,119.22111639660321,116.39846688113029,117.97723388671875,1869543
2021-02-03,117.49882507324219,119.60385534849975,116.78120573544994,118.31213000075495,1716683
2021-02-04,114.77185821533203,118.16860622607257,114.3891233942731,116.01573320912539,3581434
2021-02-05,114.1499252319336,116.15927001355422,113.57582672289912,115.39380031592766,1481471
2021-02-08,117.40313720703125,117.69018644225626,114.34128120742122,114.81969409000611,4427408
2021-02-09,118.9819107055664,122.18729505843413,117.54666454222043,118.35996944672142,4232776
2021-02-10,121.37399291992188,122.04376945916661,117.78587366560221,119.5560118954636,2124475
2021-02-11,121.90025329589844,123.19197115788202,120.17795779433979,121.9959313604045,2158022
2021-02-12,123.57469177246094,125.00993785850362,122.47433769455652,122.47433769455652,3964341
2021-02-15,126.25382995605469,127.25850605723527,123.90959324833717,124.38800613744955,4650600
2021-02-16,121.3261489868164,126.87576254056711,120.56067933719046,126.30166406753287,5389486
2021-02-17,120.08226013183594,123.62253637199224,118.64701402479554,121.90024104354377,2113654
2021-02-18,120.36931610107422,121.32614940219732,118.35997143857503,120.99125737038571,1943176
2021-02-19,118.45565795898438,120.75205187704714,118.02508033516234,120.17795339753144,4470760
2021-02-22,114.67616271972656,118.45564522497125,114.1977498810165,117.5944975982713,3334374
2021-02-23,113.049560546875,116.58982933931118,112.90603216871625,114.81969117890799,2289195
2021-02-24,114.48480987548828,116.20710529114497,113.62366216765993,113.62366216765993,1385228
2021-02-25,114.1499252319336,116.92473218280988,113.86287597741637,115.77653516474095,3567828
2021-02-26,117.54666137695312,118.79054386114812,112.90603098570116,113.76717866051997,3059234
2021-03-01,116.30278778076172,118.69486734752083,115.15459079325666,118.64702455164633,1682957
2021-03-02,115.53731536865234,117.7858663480482,114.81968855102342,116.35062024116041,3204381
2021-03-03,119.65169525146484,120.27362898450487,115.776526830261,115.776526830261,3629133
2021-03-04,123.28765106201172,124.19664156728678,118.64702047554518,119.65169656928195,5153580
2021-03-05,119.98657989501953,124.96210246391892,119.17327498618519,122.47434494365442,1752806
2021-03-08,121.56535339355469,123.71821886719779,120.79989128511696,121.42182501351431,1157216
2021-03-09,118.50348663330078,122.42649771067941,117.69018175395706,121.5175072472823,2274326
2021-03-10,120.46500396728516,122.426505872558,119.41248505763902,122.426505872558,980167
2021-03-12,119.69953155517578,121.99592544592257,118.40781375581594,121.99592544592257,1414907
2021-03-15,117.64234924316406,119.89090029407518,115.25026981281421,119.69952912149022,1090905
2021-03-16,115.2502670288086,119.02974972725022,114.43696215007967,116.82903399427592,1936860
2021-03-17,114.58049011230469,116.11142190921142,113.86287077299784,114.8196965587403,815599
2021-03-18,111.3272705078125,116.25494288312589,110.99237847111623,114.58049022801507,1633694
2021-03-19,109.07870483398438,111.66214784321032,106.49526182475843,110.03553808759882,1918856
2021-03-22,109.93985748291016,111.9013668709122,108.21756206542331,109.27008095057889,1140103
2021-03-23,108.2654037475586,111.94920098684166,107.21289240158353,110.03554194096782,1210906
2021-03-24,103.76829528808594,108.26539716002473,102.57225563405032,107.40424951252348,4003518
2021-03-25,98.50572967529297,104.10319348086038,98.26652323594519,103.5290950150776,5723775
2021-03-26,103.72046661376953,104.294565123572,98.93631487487261,98.93631487487261,2286716
2021-03-30,101.13701629638672,105.25139117371295,100.46723223867211,105.25139117371295,1712502
2021-03-31,106.06468963623047,109.93985030850725,100.2280197039549,101.13701014748288,4374494
2021-04-01,107.45208740234375,108.5524414247911,104.53375258641063,106.20820501434089,2263544
2021-04-05,103.28987884521484,105.06001699836743,101.90247550388098,104.77296777159593,2221575
2021-04-06,104.39025115966797,104.96434967189943,101.90248592108433,103.52910339132077,1469651
2021-04-07,106.25606536865234,107.64346882320069,104.725133524821,105.25139675715454,1718568
2021-04-08,104.15103912353516,108.55245579602713,103.33772666778546,107.06936679745549,1934449
2021-04-09,105.87333679199219,108.3610944212403,103.62477808528962,104.15104131135026,1904963
2021-04-12,100.0844955444336,103.28987209355024,99.51039712841722,101.66326242429376,1997091
2021-04-13,100.32371520996094,105.10786679901504,99.65393112671251,103.62477777374818,2528378
2021-04-15,95.63523864746094,100.32371202459548,95.20466855645127,99.79745634519679,5076728
2021-04-16,94.67840576171875,97.26184890415844,94.43919931807312,95.68308185907499,3389963
2021-04-19,90.61188507080078,94.48704618739829,90.42051388493466,93.53021284318014,4389731
2021-04-20,91.80792236328125,97.83595645775469,90.65971786453476,92.81259094817486,9723856
2021-04-22,95.1089859008789,96.16149729213191,89.70289302923376,90.80324721615658,5339483
2021-04-23,99.84529876708984,101.13702418943974,93.86510715994613,94.77409772967921,3603921
2021-04-26,106.6387939453125,108.21756096442799,99.98881878516612,101.42406495180309,6360796
2021-04-27,108.07404327392578,108.79166261405483,105.72980654510381,106.68663986031314,3111849
2021-04-28,108.74382781982422,110.41828048243691,107.93051535775922,109.36576157262303,2114846
2021-04-29,105.77764892578125,109.98770194514415,104.29455992794588,109.07871142851145,3046928
2021-04-30,106.68663787841797,109.55713024235081,102.5722629806574,105.25139169645153,3475824
2021-05-03,106.30390167236328,108.21756071399392,102.38089800209083,105.25139032872197,3832422
2021-05-04,104.19886779785156,109.27007574907545,103.8161405199868,107.21288839916454,1864775
2021-05-05,106.92584991455078,108.1218897168225,104.77297676478754,108.1218897168225,1411919
2021-05-06,107.73914337158203,108.60029103389031,106.49526090545783,108.0740353838747,1119764
2021-05-07,107.54779052734375,108.55245913668017,106.06470148313072,108.55245913668017,1256815
2021-05-10,108.21756744384766,109.27008638131355,106.97369237720007,107.54779087822844,2521700
2021-05-11,112.71466827392578,114.293435259917,107.16504736990987,107.16504736990987,4264990
2021-05-12,111.18374633789062,113.67150401736592,110.03554932761419,112.7146781943828,4592727
2021-05-14,107.97835540771484,112.66682876652595,107.21289328870563,111.9970447071614,1508767
2021-05-17,110.13123321533203,113.1930893525175,109.27008547096386,109.27008547096386,2432080
2021-05-18,116.6376724243164,117.97723298197043,111.37510072263876,112.81034686597174,5318108
2021-05-19,123.43115997314453,124.38799318006734,115.53731048323294,116.15925169131428,8545257
2021-05-20,122.80923461914062,123.4311683410155,119.60385031059519,123.4311683410155,3372732
2021-05-21,124.62721252441406,125.34483938612149,121.80456292888857,122.90491709036083,3216638
2021-05-24,124.0052719116211,127.25850667552497,123.0006033339298,125.34484005303688,3902434
2021-05-25,129.315673828125,130.89444835092877,123.62253957256844,124.38800167335104,11048590
2021-05-26,125.53620147705078,132.8559532166925,124.388004535274,130.03331118459008,5168783
2021-05-27,126.58871459960938,130.7509245599889,125.10562569589825,126.49302901602476,4835511
2021-05-28,127.44985961914062,129.69841822089805,125.8232498061309,127.54554520638955,2703755
2021-05-31,133.28652954101562,134.4347264716536,126.3016623701778,127.83260164885556,10244870
2021-06-01,130.08114624023438,138.07068955417776,129.36352691696734,134.72178432219087,8357411
2021-06-02,129.0286407470703,133.62142871531537,127.64123730305806,130.12900247143799,4275896
2021-06-03,129.5548858642578,133.43003887818074,128.11963229645204,130.12898428003226,5594841
2021-06-04,130.8944549560547,137.78363679584703,129.41136594414874,132.99949277826317,20553836
2021-06-07,130.08114624023438,135.1045116165851,129.88977506466685,132.99948891230554,8508680
2021-06-08,129.5548858642578,131.80342920960973,128.69373071222645,130.7987532178196,3502783
2021-06-09,129.50704956054688,133.38221805054346,128.5502237829639,130.89445296073856,5525660
2021-06-10,130.9423065185547,132.04265317861064,129.6984239429225,130.89445619444882,3225778
2021-06-11,129.6027374267578,132.18617309431886,128.59806130859909,131.99481696948476,2647950
2021-06-14,128.64305114746094,130.7543235446933,126.24389444297186,130.70633150081565,3546321
2021-06-15,130.94625854492188,131.90593339667444,128.6430630628546,128.6430630628546,3111912
2021-06-16,129.69869995117188,131.80997267650554,129.07492409450782,130.94626676583775,1628748
2021-06-17,124.56448364257812,130.0345649060102,123.9886848200413,127.923307590487,3115288
2021-06-18,129.79464721679688,131.7139816180465,119.95809050072987,125.14027979290216,7227524
2021-06-21,128.3551788330078,129.21886963962274,126.0519832135844,127.63543397727241,1874436
2021-06-22,134.4010467529297,135.16878358541675,129.0749111747248,130.03457088933146,7743706
2021-06-23,136.99217224121094,140.06310498803262,134.9288914255659,138.14377013360172,11674016
2021-06-24,139.87115478515625,141.55055942278463,136.2724154603294,138.1437580970789,4618706
2021-06-25,141.5025634765625,144.62147248620192,139.19936820166967,140.83079567116283,10707049
2021-06-28,139.72720336914062,142.41425974500748,137.1361008877423,142.03039886312274,4324911
2021-06-29,136.70425415039062,141.5985523474972,136.27241630170812,141.55056029675185,3515864
2021-06-30,135.74459838867188,139.34333784274716,135.21677642280093,137.2320801819394,2962123
2021-07-01,135.55264282226562,136.94415543226012,134.8328980449587,135.7925577480346,1395407
2021-07-02,137.18406677246094,138.14374155178996,134.5929796013446,135.55263927933797,1958521
2021-07-05,140.83079528808594,141.3586171627029,137.51994831409954,138.1917161176719,3538884
2021-07-06,141.4066162109375,144.57351775104124,139.72721154080543,139.9191344423036,5370223
2021-07-07,146.2049560546875,150.95529360737504,139.8711676173245,141.45461850199996,18155000
2021-07-08,144.42953491210938,148.7480336151392,142.9420684691866,148.70004157100058,6424409
2021-07-09,142.0303955078125,146.34887940634118,141.2626586608431,143.75779208749128,4112331
2021-07-12,141.98240661621094,145.4851919008621,140.20703305097015,143.66182628711724,3565580
2021-07-13,144.62147521972656,145.9170188110073,141.88642700376167,143.4219006169362,6610034
2021-07-14,142.79811096191406,145.82106616916613,141.98239720478327,144.62147645479556,2471295
2021-07-15,143.85374450683594,145.3412261381077,142.99005377650778,143.8057675612263,2448263
2021-07-16,146.6847686767578,148.65208026128275,143.08602944665972,143.85375122026056,4276667
2021-07-19,144.1416473388672,145.4371909477667,142.17433590273507,144.9093841558953,2058136
2021-07-20,137.23207092285156,143.5658585792703,136.2724111602035,143.4698895827381,5593416
2021-07-22,140.0150909423828,141.50257257820596,137.71189551934523,139.19937715516838,2968029
2021-07-23,140.87879943847656,141.45459830511518,139.43929472121164,140.11106258251283,2038342
2021-07-26,140.44696044921875,141.93444226074416,139.15141664606375,141.93444226074416,1814592
2021-07-27,142.4142608642578,143.37392062718015,140.1110653521746,140.1110653521746,2482897
2021-07-28,140.39894104003906,142.7501283297697,137.42399309798833,142.41424443123677,2482963
2021-07-29,142.0303955078125,142.89408624698362,140.54291386131106,140.87879778802665,1873907
2021-07-30,139.24734497070312,144.7174412924203,137.9038244629146,142.0303851755078,5437616
2021-08-02,141.5025634765625,142.36625415397958,138.91146124164032,139.19936820166967,2399450
2021-08-03,142.22232055664062,142.89408842028882,140.25500901386326,141.26266080933559,3108862
2021-08-04,139.72720336914062,143.18199661011383,139.1514044956451,142.70215163108682,2646684
2021-08-05,138.91148376464844,140.25501959328767,136.89619512302747,139.72721273299217,1354927
2021-08-06,139.05543518066406,140.59089380601552,138.57560530407528,139.1514041762492,921166
2021-08-09,137.5679473876953,139.77517378269704,136.41634969453474,139.15139799112512,1462441
2021-08-10,136.9441680908203,141.45460535541,134.59299556041714,135.79257030014583,7462322
2021-08-11,135.40869140625,138.62356940303167,130.9942388291776,137.08811091999246,3878107
2021-08-12,137.37600708007812,139.58323343772432,135.98449448283736,136.36835534028228,3511894
2021-08-13,136.51231384277344,138.28768726452054,136.17642993573983,138.28768726452054,765115
2021-08-16,134.68896484375,137.37602132720826,134.30508884515777,136.2724155845993,872643
2021-08-17,135.4567108154297,136.36837861982588,133.20149202727794,134.83291982659097,1203028
2021-08-18,134.88087463378906,136.17643335112737,134.353067839024,135.60063451053344,785866
2021-08-20,132.96157836914062,134.3530912175996,131.90594949458608,133.87326128383285,1064714
2021-08-23,132.38577270507812,135.1208213102541,127.68341241056626,134.35308439441403,1709232
2021-08-24,133.96920776367188,135.0728134054942,128.1152503331271,134.35306862587058,3232950
2021-08-25,133.2494354248047,135.69659160887042,132.67363663467182,134.3050640231592,1617197
2021-08-26,132.0978546142578,133.92122019804253,131.4740788046488,133.39341338252797,1045334
2021-08-27,134.4970245361328,136.1764442478069,131.1861771624537,136.1764442478069,2817670
2021-08-30,135.2167510986328,136.17642584763405,133.9212075540166,135.07280517174993,1488070
2021-08-31,134.7369384765625,136.27241223046317,134.0651705968981,135.16879141368062,855878
2021-09-01,141.0707244873047,142.318291234354,133.92122304214115,133.92122304214115,5176823
2021-09-02,143.46987915039062,145.29324464790636,141.16668380644143,141.64651365287486,7365407
2021-09-03,141.0707244873047,145.3412315551763,140.11106472865302,143.94971886459663,3182703
2021-09-06,140.06309509277344,142.03040676150835,139.34333513487513,142.03040676150835,1650248
2021-09-07,138.0477752685547,141.02273845022665,136.70423961197096,140.06307875343026,2453422
2021-09-08,140.73484802246094,142.46224474053548,137.2320776363672,137.71190754116495,2309675
2021-09-09,144.7174530029297,147.16459440214018,140.11106208613975,141.40660575615274,10120843
2021-09-13,147.88433837890625,150.09157993194734,143.18199359547927,145.62913498097757,7253617
2021-09-14,147.6924285888672,149.2278873215669,146.2529237571242,148.70006535961562,2920897
2021-09-15,148.5081329345703,149.94762257268064,146.44485237220928,147.1166202438622,2283615
2021-09-16,148.7960205078125,151.62703785589196,147.83636077689442,149.13190443390113,3204939
2021-09-17,143.03802490234375,149.70769594822536,142.31828013946506,149.70769594822536,4096133
2021-09-20,154.55401611328125,162.71116950045746,141.83846369594053,143.18199946129621,47823984
2021-09-21,157.76889038085938,160.55191573565173,149.035938335589,154.55401209823046,22399390
2021-09-22,166.1179962158203,169.81270469949467,156.71327547482844,158.3447032336797,25706430
2021-09-23,176.5303192138672,177.87385480017394,166.64577048909078,167.46148420896697,25369460
2021-09-24,171.58807373046875,179.36136650047092,167.65345039559705,179.12145154844248,11275148
2021-09-27,181.71253967285156,192.41280395385056,170.91630639045573,174.6590068369059,43499219
2021-09-28,179.79319763183594,186.94269857770655,176.00252070801608,183.1040296085035,19685306
2021-09-29,177.8258819580078,182.96009484462274,176.57833032325726,177.5379900734767,9793872
2021-09-30,174.0832061767578,181.18473099255488,172.0679024717326,177.05816968341165,9441336
2021-10-01,176.6742706298828,179.16940391016655,171.15621238915654,172.64367884706672,6665063
2021-10-04,180.2250518798828,184.44758209082636,176.77025855311192,177.9698483784652,10113051
2021-10-05,185.79112243652344,187.56649609204007,178.83354356193982,180.08111036643092,11387031
2021-10-06,177.72991943359375,192.55672830038472,176.57832174871663,186.07899509828488,20505920
2021-10-07,188.23825073242188,190.68539211804875,179.6492447576096,179.6492447576096,16227624
2021-10-08,194.47607421875,203.16104941085317,190.34951308894816,190.34951308894816,35256183
2021-10-11,198.45867919921875,202.96910098077626,192.89261361442902,195.96354583012902,13922110
2021-10-12,205.1283721923828,210.11862435862776,198.74659215631507,199.8502130216214,22755693
2021-10-13,221.53860473632812,225.61718861186574,205.94405930398497,206.7117810136372,30794907
2021-10-14,220.29103088378906,227.8244075106271,212.6617003723815,223.98573868244563,20270097
2021-10-18,216.35641479492188,225.52121915872226,213.1895287711181,222.3063410898291,12590759
2021-10-19,206.18397521972656,221.49062886006226,202.9690971287217,218.5636426362307,12932289
2021-10-20,210.55047607421875,215.58870516086347,204.4086110274323,209.2069402637334,15291598
2021-10-21,205.32028198242188,218.80357095146897,201.0017980011534,215.9245765968444,14733252
2021-10-22,196.39541625976562,215.8286328417245,194.66801956584345,209.20693796435407,13685671
2021-10-25,197.5469970703125,205.08035904551883,192.98858322773347,200.47396825779109,9678768
2021-10-26,199.0824432373047,203.92874865171115,196.63530205902063,199.46630407860357,6198717
2021-10-27,195.62767028808594,201.8175119295337,194.90792547433716,200.5699451915671,4603516
2021-10-28,191.2611846923828,195.8195984875344,189.2938732390374,195.2917765897088,8527525
2021-10-29,188.7180938720703,196.10751059619196,184.68750155879144,192.17288728345218,6557891
2021-11-01,198.1707763671875,199.37036613181073,184.92740261835402,185.69513946365942,10485801
2021-11-02,195.05186462402344,199.4183405041731,194.3800967807179,199.08245658252034,4585445
2021-11-03,195.14784240722656,198.36272072977388,193.42044577576846,196.49137815436185,5422532
2021-11-04,206.7117919921875,208.0073507610379,196.10749751472844,196.68329637821643,8663536
2021-11-08,204.60055541992188,208.2472869615218,202.48929773864725,208.2472869615218,7958496
2021-11-09,210.98231506347656,215.8286363770345,205.36828704227386,205.36828704227386,12067673
2021-11-10,206.61582946777344,214.96490508888874,205.560185677699,210.742375232599,13454761
2021-11-11,205.7547149658203,212.2371298311652,205.0619411476824,211.79177631245773,7249373
2021-11-12,212.08868408203125,212.73197082119862,206.84337070419346,208.57531280339126,6719530
2021-11-15,214.0185546875,218.6205661234828,210.7031167015175,213.12784766806345,9594836
2021-11-16,214.66183471679688,221.88651010925636,214.01854801186204,216.64119701054818,11019325
2021-11-17,213.3258056640625,218.12575087290662,210.05985437784952,216.19587537238834,6520504
2021-11-18,208.32789611816406,215.75050524351434,204.86401185966727,214.26598341844428,6209765
2021-11-22,199.86611938476562,208.82273744719964,194.62080589781502,208.72376328465197,7005587
2021-11-23,205.11143493652344,206.20009033015924,195.31359679914956,198.035220181902,5882101
2021-11-24,204.0227813720703,207.33821956313747,202.88465398779562,206.1506050966471,5315951
2021-11-25,203.4290008544922,205.1114560989687,201.4001511032093,204.86403576591806,3270399
2021-11-26,180.1714630126953,199.3217849096165,178.19210063980404,198.43107788235002,18934223
2021-11-29,170.76950073242188,180.17147249866625,169.23549179239876,178.04364877497702,18873541
2021-11-30,178.4395294189453,183.88277620315347,171.3632995386724,171.3632995386724,25848702
2021-12-01,182.2003173828125,183.43741889925926,175.71790241636413,178.09313128740715,11547921
2021-12-02,182.2992706298828,184.0806997770245,177.35086472189826,180.12197505063688,8435304
2021-12-03,190.31570434570312,193.97752189175972,182.39825447257007,185.07039078448503,17321214
2021-12-06,185.0703887939453,192.44351088873083,184.3776149577648,188.03943246443643,7362776
2021-12-07,193.23526000976562,194.47236154631983,187.39614679776466,187.9899464745084,6130489
2021-12-08,199.96507263183594,202.78565475338053,195.01666704877312,195.16511317573085,11344076
2021-12-09,201.79598999023438,203.52793208466224,199.91560175681875,201.89496415045062,5462146
2021-12-10,202.0434112548828,204.3691681190483,199.321787950634,201.79599095449657,4200525
2021-12-13,201.25167846679688,204.36916821255542,199.51973636330064,203.37948701055757,2623013
2021-12-14,196.10531616210938,200.509409413008,195.21460915706027,196.15480324046456,4832344
2021-12-15,197.68881225585938,201.40011661610706,194.57132263378577,196.84757722700212,6347873
2021-12-16,193.03732299804688,200.90528559594586,192.54248239313074,198.72798995458228,4244556
2021-12-17,188.9301300048828,193.03731593623712,186.35696801425405,192.14659381917096,5808908
2021-12-20,180.76527404785156,184.47657873075028,175.66842165720564,182.9920568575908,6030682
2021-12-21,178.68695068359375,185.07039165351435,177.0539675787898,182.1013479371478,7060940
2021-12-22,179.18179321289062,182.10134987816988,176.212749464877,180.61682800416307,4314981
2021-12-23,178.39004516601562,181.85392953817126,177.35087683410143,181.11166860128077,2519410
2021-12-24,174.82716369628906,179.52814901329958,173.19419588986167,178.6374420464002,4646074
2021-12-27,176.36119079589844,177.2519129567823,170.37361638063774,171.21485146013856,3900089
2021-12-28,180.91372680664062,182.44773569052327,176.75706877711164,177.499329678861,4824090
2021-12-29,180.07247924804688,182.39823595266765,178.88486490792943,180.2704124545105,2461845
2021-12-30,175.02513122558594,179.97353736596057,173.7385426088211,178.04364689014477,4941576
2021-12-31,178.88487243652344,179.97352776989433,173.1942056785151,174.1838868538209,4610528
2022-01-03,182.1508331298828,184.08070850523478,176.2127457587462,177.94468790866105,5114995
2022-01-04,182.59619140625,185.76316839953265,180.76527504538132,183.0910320333672,4651684
2022-01-05,180.1714630126953,183.14050657203222,179.23126890583927,182.10133830599702,3155809
2022-01-06,184.6745147705078,185.41677565768614,177.15293173989932,177.20241881931182,5259513
2022-01-07,184.42710876464844,186.50543034897944,181.35909081939243,186.50543034897944,3454412
2022-01-10,192.6414337158203,194.47234992100547,182.10133529498734,182.10133529498734,10494070
2022-01-11,195.0166778564453,195.95687194906498,189.32601112055073,190.9589790129251,5588615
2022-01-12,206.1011199951172,207.04131416090186,195.90740011554738,196.94656844671462,13520393
2022-01-13,208.32789611816406,209.1691311929052,204.2701970891045,206.84337429309403,6360773
2022-01-14,208.5258331298828,211.74229714264024,205.40834328112973,205.75472265247052,4035525
2022-01-17,206.7938690185547,210.5546603314637,206.101095248072,208.27839071301858,3557863
2022-01-18,205.2104034423828,211.7917774005088,203.8743277780599,208.03098580957823,6202115
2022-01-19,205.30935668945312,206.74439137262812,200.75683234623122,205.21039763277614,2503569
2022-01-20,207.28872680664062,208.32789509937518,203.67639642383702,205.3093643828936,2400231
2022-01-21,204.22073364257812,209.11965284974028,201.64755633106992,206.84338293591958,3341819
2022-01-24,193.23526000976562,205.2104089241451,189.2270480110626,202.88465199488837,5947982
2022-01-25,195.80844116210938,197.4908962652014,188.8806724188644,191.99816231278967,6793399
2022-01-27,198.62901306152344,200.90528283310178,192.14659820600087,192.98783326332435,3737985
2022-01-28,205.16090393066406,209.6144690734368,199.91559085335348,201.40011256761105,7077893
2022-01-31,213.3752899169922,216.2453595872257,206.34854679147165,206.34854679147165,7624838
2022-02-01,220.30303955078125,221.49065396183602,210.30725346328575,216.74018121628038,11465922
2022-02-02,216.29481506347656,224.21226414307242,214.85978043806693,217.7298496888862,10503819
2022-02-03,216.5917510986328,218.57111363057797,214.66186054891617,216.74019724799362,4093071
2022-02-04,214.31546020507812,218.42263101661922,211.79177020341507,218.37314393789325,3629097
2022-02-07,209.61448669433594,216.29483497006757,208.82273869324106,215.0577334375247,3697144
2022-02-08,208.67428588867188,211.64332947199847,205.30936076676645,210.90106857616684,2914711
2022-02-09,210.50518798828125,213.42474450480387,209.41654773028023,209.8124141693103,3545796
2022-02-10,213.0288848876953,214.26598642595138,208.52583226817578,211.49487595999034,2830030
2022-02-11,204.4681396484375,212.58352237640256,203.132064003011,211.7917744050882,4362462
2022-02-14,193.0867919921875,199.91558565983587,191.00845560568476,198.87641746658448,5714424
2022-02-15,203.87432861328125,204.76503565892108,192.09712829217494,194.96719775153596,3357223
2022-02-16,202.7362060546875,207.58563804231642,201.20219712755195,205.80420880762148,3619273
2022-02-17,207.14027404785156,209.31756962414752,204.2207175863636,204.7155581764916,5603756
2022-02-18,204.91348266601562,208.22890541788388,204.22070888960553,206.64542465770876,2200268
2022-02-21,202.83517456054688,208.3773957484475,201.54858588106944,204.6166038781819,3543538
2022-02-22,202.34031677246094,204.51761237554408,197.04553145375152,197.98572556629463,4734973
2022-02-23,202.6867218017578,208.32790187257675,200.80631837725994,205.80421167998114,6741250
2022-02-24,192.29507446289062,198.62902857280733,189.9693174296115,194.96721088109493,7389515
2022-02-25,198.13417053222656,201.89496206148226,195.70945464538292,197.8372631559865,4144809
2022-02-28,197.3919219970703,199.71767897162755,193.9775247099434,195.95688720698362,6432432
2022-03-02,196.00636291503906,197.6888179196196,194.2744208306369,195.36306108003063,3638560
2022-03-03,197.88674926757812,204.56709724428708,196.94655516519748,199.6186913356138,6831997
2022-03-04,188.53427124023438,198.57952952037354,185.36729437615136,196.6496541736149,8468769
2022-03-07,187.6930389404297,189.96930878619787,178.73643590376813,181.5075312624385,6742376
2022-03-08,192.0476531982422,192.98784738317474,186.60440622076803,187.98995395631727,3581319
2022-03-09,205.16090393066406,206.64542564492163,194.17543720462368,194.96718513916156,15038951
2022-03-10,199.76715087890625,211.09899729336456,198.4310752543648,209.5155013754885,8245978
2022-03-11,200.9052734375,202.38979516240764,197.93622998768473,198.08467611964113,4025498
2022-03-14,202.43930053710938,204.81452947110597,200.6578712859433,201.94445991741532,3681703
2022-03-15,199.66819763183594,205.16093173937335,198.3321218673703,203.5774356556613,2077320
2022-03-16,208.62478637695312,209.61446751242127,199.66816908069924,201.69701842867607,8051450
2022-03-17,206.34852600097656,212.78145367007176,205.75471125252554,210.05983042545455,4300782
2022-03-21,203.87432861328125,210.30725645787507,202.88464740642067,206.84337223386302,4340065
2022-03-22,206.595947265625,211.79177348428144,203.67639079159963,203.87432400823354,9132579
2022-03-23,213.8701171875,219.0659435804735,207.4866612522059,210.7031252097609,19198052
2022-03-24,216.83917236328125,217.6309052984511,212.2866324793658,213.87012855238103,5238276
2022-03-25,225.30091857910156,233.3668293998422,217.0370896404572,218.47212435662067,24798138
2022-03-28,229.55654907226562,232.42663358496813,222.67826781987458,227.57718669164453,17086976
2022-03-29,238.16677856445312,239.0080136384981,224.954543393065,231.9812709651131,15571563
2022-03-30,238.7605743408203,242.96671917376742,236.53379178220126,239.60180934794403,8982640
2022-03-31,236.03897094726562,241.48221765674137,233.71321403995486,238.51317399702734,8018143
2022-04-01,238.11729431152344,240.49252306670957,235.19772279404796,236.23689103744294,5583031
2022-04-04,236.63279724121094,241.48222941432417,236.03898243982096,240.19564074553767,6636982
2022-04-05,233.16891479492188,238.90905411782208,231.68439288010194,238.90905411782208,7285938
2022-04-06,248.45947265625,251.37902922740324,232.57508609621954,232.57508609621954,26772928
2022-04-07,247.71722412109375,252.02232857123238,244.55024708733552,252.02232857123238,11673611
2022-04-08,251.23057556152344,255.13979813169792,245.93577516630188,248.90481872967774,7519958
2022-04-11,248.11306762695312,254.94187679731144,247.3708067454796,251.18108531091158,4000970
2022-04-12,246.43063354492188,254.3480836186543,240.2451256748184,248.40999606335498,9679008
2022-04-13,249.89450073242188,257.7624782820961,246.9749442391817,248.1130715683195,10184558
2022-04-18,243.9564208984375,249.10276022572336,242.2244787622417,247.32133100822597,6370134
2022-04-19,241.0863494873047,251.08212067614286,237.07813755505285,244.94610017682908,5566459
2022-04-20,235.14825439453125,246.92545439529536,231.38746289048794,242.86775551700245,9360017
2022-04-21,241.68016052246094,246.0347671245739,236.43484682743315,238.2162761146004,7399169
2022-04-22,238.41419982910156,247.3213308080419,237.52349277174233,240.19562904515703,4911841
2022-04-25,232.27816772460938,238.01832153448157,226.3400807008801,235.64309276552436,8316549
2022-04-26,230.64520263671875,236.97915616514058,226.63699082672125,235.54412147056618,7836564
2022-04-27,233.3173370361328,235.8410270529733,228.6658385333043,229.0122178837969,10035198
2022-04-28,244.4512481689453,247.22235845590504,234.35650328911842,235.54411766886227,21806457
2022-04-29,253.8532257080078,257.6140021559461,244.5007414653485,246.38112968931765,17484271
2022-05-02,258.99957275390625,262.760349096822,250.38933454424094,251.23056957435088,14927385
2022-05-04,254.79345703125,266.17479172508206,251.3790445420301,261.1768831509678,14185747
2022-05-05,247.667724609375,257.3171164772727,245.49042895175776,256.27796328026096,10969132
2022-05-06,246.38111877441406,248.7563625904164,240.4925189640793,240.98735953807946,6257584
2022-05-09,235.79156494140625,247.2718738290361,234.75239657722062,243.46159486080143,9488538
2022-05-10,228.0225372314453,238.51316375237474,225.64730844623003,237.226575201493,10966157
2022-05-11,222.6782684326172,232.1297268463578,218.22470306396485,226.34008582657512,9359469
2022-05-12,215.60206604003906,221.09478488849516,214.01857000180289,220.15459072262755,8408010
2022-05-13,216.1463623046875,223.66794526566014,215.05772207437323,217.23501763633806,8327170
2022-05-16,222.23292541503906,226.7854500572692,215.10722350882085,218.12573920910955,6118575
2022-05-17,228.86376953125,230.15035806671992,222.33186779814798,224.0638098378439,6146889
2022-05-18,224.45970153808594,232.47611028149163,223.76692771107608,230.94211648644725,7000508
2022-05-19,217.82882690429688,223.66793964202785,217.2350121744474,219.95663533380835,5644709
2022-05-20,220.6988983154297,223.47000857911934,218.52160278729355,221.58960531742392,6403672
2022-05-23,228.9132843017578,230.49676529737692,219.75873241306874,223.32157597921523,6253611
2022-05-24,223.173095703125,230.10086364069429,222.38134777570707,229.60602307372505,5737671
2022-05-25,219.41233825683594,225.89475370545279,216.34433532864904,224.41023177529647,4851246
2022-05-26,218.125732421875,222.67827202378487,209.02066831939203,220.6494225250786,10828637
2022-05-27,222.72776794433594,224.6576433582028,220.5009851357194,223.71744919260996,3984085
2022-05-30,235.34617614746094,237.02863105114767,224.95452426421645,225.44936483008524,9022779
2022-05-31,232.57508850097656,237.67194078290993,231.83282758022875,235.44515802066653,5005169
2022-06-01,234.15858459472656,236.23690611280765,231.5854073612885,233.5647698173679,3309666
2022-06-02,232.12973022460938,234.0101184782049,227.8246109317238,234.0101184782049,3311813
2022-06-03,230.69468688964844,235.8410259561053,228.76479652605792,233.91115069385103,1756940
2022-06-06,226.3895721435547,229.95243046700426,223.02466213911407,227.62667363067794,2472118
2022-06-07,228.6658477783203,229.8039751351963,223.9648620064062,226.1421576594464,2592093
2022-06-08,225.15248107910156,229.40811341207288,224.3607330704241,229.40811341207288,3388748
2022-06-09,220.89683532714844,225.15246740159978,217.68037150712559,225.10298032256293,5295528
2022-06-10,217.977294921875,220.0556315836855,217.13605982034755,218.2742023166104,4069114
2022-06-13,213.91957092285156,215.15667233948,210.35672790376313,213.67215063952588,4408825
2022-06-14,214.16700744628906,217.680378756197,212.583526573732,213.771141003484,2818524
2022-06-15,219.75869750976562,220.55044543249434,214.76080479270962,214.95873799805793,5236714
2022-06-16,212.0391845703125,223.3215435430877,210.8515702207576,222.57928268694891,4476522
2022-06-17,211.494873046875,214.06805025153972,207.1402817327283,209.11964416667442,4437466
2022-06-20,212.8804168701172,214.3154514867766,205.11141396760144,208.87220527774497,5982095
2022-06-21,219.75869750976562,221.49063948390037,213.02886281857488,213.27628310059413,4001277
2022-06-22,213.2646026611328,220.10572035031512,212.1739826800335,220.10572035031512,3939513
2022-06-23,221.59292602539062,222.4852404814397,212.5705681760531,213.76034095557094,5283412
2022-06-24,224.96389770507812,227.54171843155513,222.58438251801363,223.57584970072193,4909943
2022-06-27,224.0220184326172,228.03746375488853,223.0305511989003,227.83917333386304,4086963
2022-06-28,227.04600524902344,227.78960570289578,222.68355530440832,222.73311656512783,2815451
2022-06-29,229.77252197265625,230.4169695966565,222.98096564932132,223.97243284229933,5092088
2022-06-30,223.22882080078125,231.01184391102123,222.18779240534016,230.51611034039672,3549734
2022-07-01,223.82371520996094,226.15366912736934,218.51935976152313,220.2048660653106,3902317
2022-07-04,230.1691131591797,230.76399955318004,223.08012846172076,224.3690388963286,3699951
2022-07-05,234.43243408203125,235.8700586046585,230.1691217750135,230.21869816446755,8248897
2022-07-06,234.8785858154297,235.96920584345293,231.95376044939053,234.63071900256892,3574519
2022-07-07,242.01715087890625,243.20690849961602,235.72132807345824,235.9691948747973,8205356
2022-07-08,240.77781677246094,243.40519881413104,239.14188680714742,242.4137316091855,2412484
2022-07-11,243.8513641357422,245.14027457072984,239.58805198705508,240.67867200018068,4221320
2022-07-12,242.56243896484375,244.842816499196,240.87694778852722,242.9094585284627,2922674
2022-07-13,243.45477294921875,248.95741891150922,242.31457659691975,244.29751098847748,4991296
2022-07-14,241.91799926757812,245.3881345029737,239.29061721221422,244.49582006530758,1978201
2022-07-15,248.56082153320312,249.15570789870065,241.32310801973063,241.32310801973063,2449513
2022-07-18,248.80868530273438,250.84119604342848,247.86679450931666,249.40357166099216,3501346
2022-07-19,248.75912475585938,252.17969884073642,246.1317426182185,248.16425348831646,2553371
2022-07-20,249.1061248779297,254.95577509228454,247.9659436911178,250.24630606474162,5500371
2022-07-21,249.60186767578125,251.2873588905752,247.32149008937114,248.85826727555548,2857797
2022-07-22,250.4941864013672,251.83267319616832,247.9163807135205,250.3454723702067,3404782
2022-07-25,258.5250549316406,259.66523608316385,249.55227435220743,250.44460384906668,8186609
2022-07-26,256.3438415527344,259.3678347743385,252.17969731928864,259.2686819993848,3777193
2022-07-27,258.2276306152344,260.0618206319848,255.35235168234485,256.0959520428143,3663059
2022-07-28,260.9045715332031,262.2430582220666,258.1780369014047,260.11140992500486,2712234
2022-07-29,260.607177734375,264.6226080713581,259.76442450420404,261.84651182075004,2716311
2022-08-01,268.142333984375,270.5218493694915,260.8550435334972,262.1935303929939,5032085
2022-08-02,266.1593933105469,271.1662907815205,263.8294392395989,268.09273627881333,5063176
2022-08-03,271.6124572753906,272.653485754491,264.8209007606158,266.0602347867726,5485535
2022-08-04,268.142333984375,272.9509260149976,263.1849976582241,272.80221197664906,4965712
2022-08-05,267.4978332519531,271.56285474428836,265.41577637820956,267.59698602145926,5542385
2022-08-08,268.5389099121094,270.37313037056845,264.573040923951,268.93549075948937,6028420
2022-08-10,265.9610900878906,274.7851425705917,264.0773083623759,270.0756731282152,14559571
2022-08-11,274.834716796875,276.52019286327493,267.6465796791567,268.6380468678075,12219650
2022-08-12,269.6294860839844,275.4295443301277,268.2414079581363,275.3799830787078,5596666
2022-08-16,273.0996398925781,274.9338299232174,269.679066105647,270.67053326044714,10178621
2022-08-17,272.9013671875,278.1561316371938,272.15776673194824,275.1321685541553,8140551
2022-08-18,273.00048828125,278.75098570056184,271.81071558758305,274.38853625241046,6128006
2022-08-19,269.1337890625,275.1817149007939,266.6055294963416,274.3885532273982,4199934
2022-08-22,265.0687561035156,269.48076689153874,262.78836343969084,269.1337775849624,3445250
2022-08-23,270.9184265136719,271.95945502503383,261.10290677376156,262.2430880617245,4124063
2022-08-24,272.5543518066406,273.34754379247477,268.9850635133381,270.8688755689564,3078936
2022-08-25,271.067138671875,274.73557958043887,270.6209965660307,273.3970927485478,2465144
2022-08-26,278.4535827636719,279.59376404789236,272.6534933091149,273.1492269333133,5389031
2022-08-29,279.59375,282.0724179964539,269.6790780141844,269.6790780141844,4252909
2022-08-30,283.01434326171875,285.74087824398123,281.18012276766984,281.77500917887215,6454591
2022-09-01,292.1853942871094,293.07770871061723,279.5441875587448,282.27072234329404,8427265
2022-09-02,294.06915283203125,296.3991066074528,290.5990179239662,293.37511374754814,4229164
2022-09-05,307.3052978515625,308.6437544838912,294.36663159588176,294.86236523961253,8941388
2022-09-06,302.5462341308594,308.7924961427734,301.1581859917163,307.80102886378836,5498799
2022-09-07,304.87615966796875,311.12239083634404,301.50517728730307,302.8932252961446,6284102
2022-09-08,306.75994873046875,308.74288315051984,305.0744726277321,307.25568233548154,3329888
2022-09-09,309.83349609375,312.2130112923145,307.15652258462904,308.7428761360645,3824543
2022-09-12,312.2626037597656,313.7498045455581,309.53606898581273,311.171983798749,2682918
2022-09-13,314.74127197265625,317.2199399508401,311.86599291222103,313.70021326751254,2730374
2022-09-14,318.6575622558594,323.5157456403469,310.775415917189,311.3207107918191,7405696
2022-09-15,331.0509033203125,332.5876956870373,317.6165344049534,320.9379556896787,10952542
2022-09-16,319.25244140625,334.3227550910312,316.27803977824146,331.24920069065337,17503183
2022-09-19,317.0216369628906,321.73110615936827,313.99767410802343,316.2780365634468,5287152
2022-09-20,323.5653381347656,325.4986810883563,318.26098237704576,318.707154735586,3761292
2022-09-21,323.069580078125,325.7961147676245,319.3019867165108,324.0114557256462,2490799
2022-09-22,331.0013427734375,331.99281000938777,321.1362316728607,322.078137649885,4692825
2022-09-23,324.011474609375,333.38085191858266,320.69008363615177,331.44747874138795,5791275
2022-09-26,313.60107421875,326.9363206277417,302.8436789284779,322.0285457133241,7818248
2022-09-27,324.7054748535156,327.5807233885698,311.0232409930923,317.17031885128154,8422268
2022-09-28,322.17730712890625,330.1586066892425,321.08668706137956,324.606383828618,8068423
2022-09-29,324.1106262207031,327.0850278628457,318.95501486196287,325.59782704177445,4592766
2022-09-30,328.86968994140625,330.40645203404205,318.6575593911483,323.41662021541305,5038257
2022-10-03,333.9757385253906,343.8904107080819,328.3243632783853,331.0508981286254,11918533
2022-10-04,341.31256103515625,343.24593405020823,336.1073585792824,340.51939943046483,6720506
2022-10-06,338.6851806640625,345.47673661624856,336.1073600517584,343.9399443968096,5900933
2022-10-07,338.4373474121094,344.13828402504004,333.2321444176944,339.57752868325974,8199762
2022-10-10,334.2731628417969,341.36214732153917,332.33981994214605,336.10738322647427,4647522
2022-10-11,327.53118896484375,337.5450135342916,325.8952741692771,335.90906848154793,4880130
2022-10-12,327.6799011230469,330.3568745966657,324.9533663935813,326.19270036152017,5657173
2022-10-13,314.4438171386719,330.05942557393655,310.0318062430149,329.167111143357,8894689
2022-10-14,307.1069641113281,321.23537166124396,305.9667828868055,321.23537166124396,6889203
2022-10-17,315.534423828125,316.2284629433434,302.39748395154163,305.3718854330322,6195992
2022-10-18,320.6404724121094,323.96189343835255,313.70020231549586,317.46779566510617,6590218
2022-10-19,318.4592590332031,321.9293940402273,316.5258859978478,321.8302412743057,3421227
2022-10-20,311.0232849121094,320.0952040956259,309.58564531298856,317.2695164136312,4131523
2022-10-21,310.9241027832031,313.7993514528206,308.3462821542724,311.3206835898441,3269322
2022-10-24,313.4523620605469,314.1959624909881,308.34631182295306,313.948095680841,635878
2022-10-25,317.0216369628906,318.65755179023154,312.06430096659835,314.8403970216509,3616795
2022-10-27,319.25244140625,320.9379477649927,314.54297216190315,318.7071465439863,2872053
2022-10-28,319.50030517578125,320.442211118581,316.47634231888156,319.5498664329064,2049533
2022-10-31,330.9517517089844,331.794504912128,319.74818403032816,321.6319657297687,4724395
2022-11-01,338.48687744140625,339.7262113733513,331.6457601885046,331.99277974088443,5009143
2022-11-02,339.4783630371094,342.05618380709114,336.156941867547,339.4783630371094,3934153
2022-11-03,337.0492858886719,343.7912507287143,334.62017915195696,337.892008800794,3584088
2022-11-04,331.8936767578125,341.16390201069913,330.70390390181296,337.7433277425858,4918508
2022-11-07,340.81683349609375,342.79976780007104,332.48851547082444,334.12443022017044,4725337
2022-11-09,334.62017822265625,343.6425357461693,333.2816914583301,343.54338297526044,6191564
2022-11-10,335.8099670410156,341.2630368731969,329.0184103804086,334.1244606263789,6333700
2022-11-11,312.6592102050781,346.0220778488064,306.0163673813265,346.0220778488064,30427808
2022-11-14,309.9822082519531,314.49340208219235,301.7034512347947,313.6010574130793,13352240
2022-11-15,309.3377685546875,313.84893224323883,306.31380567649524,311.32070296849963,5724757
2022-11-16,307.6522216796875,319.202837324572,301.85216348894596,311.0232339449197,11959478
2022-11-17,312.90704345703125,315.08825306664255,304.0334002236787,308.34628844467784,9813569
2022-11-18,311.2215576171875,317.71568613157586,309.7839482872019,315.1874265393745,6961556
2022-11-21,313.7993469238281,315.5344144028698,310.3292119657447,311.51898462567215,5710316
2022-11-22,315.5840148925781,317.56694940087505,311.61814587598434,315.23702555936967,4820283
2022-11-23,315.5840148925781,317.61654091789006,313.94809997466905,317.61654091789006,4492020
2022-11-24,315.0386962890625,317.12078341746735,312.4113143147984,316.27803026344907,5245401
2022-11-25,319.25244140625,321.4832426272564,315.831867431169,316.67462061054033,5361133
2022-11-28,323.069580078125,324.2097612604804,316.5754520270113,319.10371143885305,6391422
2022-11-29,313.501953125,323.46618677567807,312.3617415942238,322.7225863463087,4642496
2022-11-30,318.9054260253906,322.4251528191279,313.60107033425027,314.49341504013023,116361726
2022-12-01,321.2353820800781,322.1276965344204,315.98061787114585,318.7567140084726,5236081
2022-12-02,321.7806701660156,323.9619101258936,319.7481744930396,321.7311089085003,2541213
2022-12-05,321.4832458496094,323.56533306152056,318.3601301603318,323.0695994518835,2844044
2022-12-06,325.15167236328125,326.0439867699473,318.8062582332627,320.83878409768886,3795855
2022-12-07,322.3755798339844,327.0850494109665,320.5413593157237,325.2012676316097,1917604
2022-12-08,324.3089599609375,325.74656939198144,321.9294444917904,323.218339879234,1866220
2022-12-09,327.2833251953125,329.16710680329345,320.49176889808615,325.10208527627515,3530051
2022-12-12,330.0098876953125,331.8441082008304,325.2012653723644,327.1841999173178,4086392
2022-12-13,324.8046875,331.9432337731328,322.7721614184344,330.6543384099392,3005181
2022-12-14,330.654296875,331.2491832206632,325.7465223447494,326.53971422469243,4038800
2022-12-15,330.4064636230469,333.0338458044724,328.67139592210066,331.10050280629713,3169919
2022-12-16,324.3584899902344,331.39791319556224,323.06959472689994,328.91924518362833,4900647
2022-12-19,324.011474609375,325.5978282089734,317.5173764369549,324.35849418697126,3337250
2022-12-20,321.83026123046875,325.5482632542561,317.6660868609557,323.21830926791375,3438177
2022-12-21,306.8095397949219,324.40808274704307,302.19919306932803,323.41661553847285,6052926
2022-12-22,301.45556640625,309.4864561476172,292.28449552577194,306.3633407640787,9373234
2022-12-23,296.9444274902344,299.77011507204446,292.3341110447431,295.4572266847741,8489375
2022-12-26,311.667724609375,313.10533391461644,292.7306947804409,293.4742951905521,7047516
2022-12-27,311.7668762207031,315.48487825740807,307.85056863916935,313.7993718978973,2856144
2022-12-28,313.4028015136719,314.44383001578393,305.3719107952189,311.32071425226866,4590662
2022-12-29,310.9736633300781,313.2044644016815,307.94970064699726,310.3292157386057,4182789
2022-12-30,315.9309997558594,318.2609535984358,310.4283692030559,312.5600175137286,4873538
2023-01-02,314.493408203125,317.51737106275635,313.2540742020994,315.93101749000806,2021729
2023-01-03,317.46783447265625,318.40971023231225,313.70024066249186,314.4934326390855,1658599
2023-01-04,311.9155578613281,318.5088080703375,310.7257852302577,317.1207601722052,1967718
2023-01-05,311.7668762207031,313.3036382930033,307.00781545941396,312.3121710832153,2130168
2023-01-06,307.6522216796875,312.70870982036183,304.0829644106693,311.7172427440404,1970194
2023-01-09,311.8659973144531,313.05577006364695,308.04887277991025,308.8915956986465,2758554
2023-01-10,307.7018737792969,311.9156096834161,304.4300136288493,311.8660181655303,2375876
2023-01-11,307.7018737792969,311.4694373083433,306.06595883266306,307.7514350400028,1666652
2023-01-12,307.156494140625,309.9326201628503,305.4710182322637,309.33773385400383,3779647
2023-01-13,306.7103576660156,309.78391176983536,304.677831928682,307.30524398565416,4475889
2023-01-16,302.6949462890625,308.7924942226492,300.86075604008954,306.7104068982913,2156472
2023-01-17,306.75994873046875,307.2061210778515,300.9598595003837,302.9427939204348,1980442
2023-01-18,301.2077331542969,306.85910848286244,300.3154186964125,306.7599557081689,3500225
2023-01-19,297.1427307128906,303.04194237416505,295.1597963210987,300.4145603564763,6648466
2023-01-20,293.02813720703125,298.62995144356825,291.243508238146,298.1342178125246,2965885
2023-01-23,295.5068054199219,296.8948837928587,292.53240363307947,293.0281372642199,1550982
2023-01-24,298.0845947265625,298.87778660653737,293.7717065418018,296.4486799688054,1928448
2023-01-25,288.963134765625,299.42310188420515,286.38531392975574,298.77865423953244,3868054
2023-01-27,284.00579833984375,290.84691613213334,277.66038390223986,289.657143360788,2707115
2023-01-30,288.8143615722656,294.7631643256155,283.6587506736677,285.49297090738565,6765564
2023-01-31,298.431640625,302.39750960340535,288.2691013678364,290.05373030524714,12635485
2023-02-01,323.912353515625,327.6303555979569,307.5531443533647,315.2865765817437,29448497
2023-02-02,315.2865905761719,325.1021104577677,310.6266823232748,319.2524596400231,7762880
2023-02-03,315.534423828125,317.66607217175795,311.0232603507349,315.28655703800075,3399231
2023-02-06,312.0643310546875,316.97210626707744,308.49504274178395,315.53446658666974,3217356
2023-02-07,313.7497863769531,314.7412535100676,308.5941451818875,312.0642801477882,2319895
2023-02-08,315.7327575683594,317.26951970154204,311.3207162071381,314.7412903192921,3828635
2023-02-09,316.9225158691406,319.3516228529934,314.8900200103762,316.27806817664316,2454873
2023-02-10,320.9875183105469,322.22685235807796,315.33614295093366,316.03018212042264,2013698
2023-02-13,314.6916809082031,321.1362176606847,313.35319414663684,320.98750363321676,1552198
2023-02-14,311.5685729980469,315.43528909360367,307.9497237067844,314.6916886807205,2393767
2023-02-15,312.3617248535156,314.74127030571145,308.9907424724746,310.0318011721046,1353334
2023-02-16,319.202880859375,320.64049016180655,313.35320010552454,313.8985252261804,3051073
2023-02-17,315.3857116699219,322.22682906635686,314.3446529909399,319.2524275672828,1755117
2023-02-20,312.0643310546875,317.1703815717395,311.5190361453911,316.0797614959661,1122331
2023-02-21,307.20611572265625,313.99767204437694,306.06593450243804,313.30363290658624,2178497
2023-02-22,297.0435791015625,306.5616702707591,295.65553107332454,305.3718975281679,4232835
2023-02-23,305.6693420410156,307.15654292072963,297.44017594280314,298.53079597269596,4408387
2023-02-24,306.9582824707031,311.7173134130907,305.52064278124186,306.8095684269749,3867681
2023-02-27,312.41131591796875,315.2865647018648,304.8265980072367,307.45397999498346,2772486
2023-02-28,308.0984191894531,315.63357563779863,306.0659236194729,313.74979409000633,6413231
2023-03-01,312.3121643066406,314.19594591292775,306.7103807443221,309.3377627418155,1756767
2023-03-02,312.41131591796875,315.7822982941633,310.97367639743214,313.10532479288037,1906846
2023-03-03,315.3361511230469,317.26952439017134,312.8079217034346,313.35321659560833,2452201
2023-03-06,316.97210693359375,319.7482032621447,314.5925612152007,316.5754958090744,2872021
2023-03-08,324.2097473144531,324.9533476523303,315.3361045129153,316.97204946198525,2310325
2023-03-09,319.0541687011719,327.878251978253,318.3105682176323,324.4081163884017,3685557
2023-03-10,314.6421203613281,318.7567031688372,310.7258128384978,318.7567031688372,1983100
2023-03-13,309.4864807128906,315.5839979470569,307.90012713999766,314.64212226049824,2251942
2023-03-14,312.9566345214844,314.0472545587597,304.08302070009864,309.4369378518744,2813465
2023-03-15,312.9566345214844,316.22849463331033,311.3207195941612,314.2951213737232,1572618
2023-03-16,318.16180419921875,319.1532713548768,309.4864665872112,310.4779337428692,2239532
2023-03-17,319.103759765625,321.43371399549324,316.32763314339735,319.7977687282961,3180834
2023-03-20,312.41131591796875,321.6319486318505,308.79246674562495,321.6319486318505,1947923
2023-03-21,315.13787841796875,317.1703742224474,313.25409665283587,313.9976971067446,1793808
2023-03-22,312.41131591796875,317.0216322749096,309.9822092128351,316.1293178602077,1524897
2023-03-23,311.3702697753906,315.5840054798409,310.72582213085155,312.36173699996715,1778728
2023-03-24,307.801025390625,313.2540953635116,306.7599666051297,311.3207220884344,1383891
2023-03-27,302.3479309082031,309.1394569363243,300.41455778985295,307.801000439042,2877356
2023-03-28,309.4369201660156,310.8249681990415,299.5222481341483,303.88469777673436,3338848
2023-03-29,316.32757568359375,317.07117603099965,307.3548102610996,309.3377445208487,3193116
2023-03-31,321.5823669433594,324.01144323698145,316.12929777454303,317.76521247375285,3928162
2023-04-03,318.3105163574219,322.22682370221156,316.4267348241365,322.02851816937044,4349256
2023-04-05,321.1361999511719,321.8798003046821,315.3857026535633,317.26948416435397,2016527
2023-04-06,323.9619140625,327.48161058984095,319.79773963656055,321.1362264346967,3880533
2023-04-10,325.20123291015625,329.4149683975592,321.8798118274739,324.705499323403,3406679
2023-04-11,324.5567932128906,327.6799088341558,321.9294111904668,326.09355526642787,4266651
2023-04-12,327.92779541015625,329.0184154448156,322.47472549403875,324.6063740461761,2710628
2023-04-13,325.2508239746094,330.2577518139996,322.673033292984,328.86970369531366,3140060
2023-04-17,329.563720703125,330.6543407721002,323.46620292922853,324.70553704006846,3574529
2023-04-18,327.58074951171875,331.5466182231371,323.7140335695213,331.15003740343064,2741843
2023-04-19,327.7294616699219,332.0919414333711,325.8456800941653,329.61327350285535,2359012
2023-04-20,332.24066162109375,333.3808428388469,326.78759207280035,327.72946774956273,2903755
2023-04-21,333.8765563964844,335.71077664044657,330.30726867310466,334.1244231792583,3418976
2023-04-24,336.1073913574219,336.9997058140147,328.1260922495935,333.8765900873505,2999129
2023-04-25,335.95867919921875,338.09032770663714,334.6697536372322,335.562098355984,1573448
2023-04-26,338.040771484375,342.8493634481587,336.55357060720166,337.0988654926268,4497928
2023-04-27,337.098876953125,340.4698596712202,333.7774554964155,339.0818115234375,3883042
2023-04-28,336.20654296875,345.03059524395564,333.7278748994687,345.03059524395564,13144055
2023-05-02,344.4853210449219,347.60843694820574,337.3963057356068,339.28011778705525,9032408
2023-05-03,351.8717346191406,359.9026257070142,343.840843531267,345.42719724422165,13208635
2023-05-04,354.152099609375,356.4324620901123,349.49219161826034,354.152099609375,4601660
2023-05-05,355.6393127441406,361.241096624746,353.95380632543356,355.4410071923472,4722961
2023-05-08,366.9420166015625,370.8087326283369,358.76241220534916,359.9025934333858,10283508
2023-05-09,371.0566101074219,374.7250509541743,367.9334943904184,368.77624758571864,7795963
2023-05-10,368.1813659667969,372.7421213264612,364.1659054867666,371.00705365485254,3464915
2023-05-11,362.4308166503906,371.80019363280826,361.34022695480945,366.84285771770413,3099638
2023-05-12,354.5486755371094,363.8684611332279,350.4836539798258,363.8684611332279,12291661
2023-05-15,350.3349304199219,355.58969431578606,347.50924293520455,355.44098029178554,4013236
2023-05-16,360.6462097167969,368.42923362741305,351.9708713387296,351.9708713387296,10241550
2023-05-17,364.3641662597656,373.18821756809086,361.1418981227745,362.8769655811543,10649382
2023-05-18,363.4718933105469,369.32154392803847,362.133406495882,366.2975809732441,4462806
2023-05-19,369.1728210449219,373.28740390774163,363.8189041717843,364.26504626119197,7034650
2023-05-22,368.03265380859375,372.196798087379,366.0497193166448,368.5779486910081,2920212
2023-05-23,367.8343200683594,372.7420946627082,365.2564993749355,368.82578723835496,3058696
2023-05-24,372.0480651855469,374.22930511895277,366.04970075444703,367.8838908607456,4692522
2023-05-25,377.3524169921875,386.07731612494086,371.1061555669228,372.09762275278916,9253281
2023-05-26,380.6738586425781,382.70635438032747,377.8481709590596,378.54217987228134,2607569
2023-05-29,376.757568359375,383.6482780940831,374.2789001464844,381.71490478515625,4011007
2023-05-30,382.1610412597656,382.70633611249536,376.0139325664867,377.6002861251242,2980523
2023-05-31,386.3747863769531,391.6295505215867,377.9473150366152,381.7148783564832,17417007
2023-06-01,392.3235778808594,393.01758675724443,382.90463960719023,386.37477476064726,5081690
2023-06-02,392.27398681640625,395.89283600057706,391.08424434530787,393.9099016249024,4398205
2023-06-05,386.4739074707031,395.8432847351195,384.9371453936384,392.62101629331823,4593591
2023-06-06,385.9286193847656,390.5389359541113,381.81403643055774,388.40728746045454,5116106
2023-06-07,392.4723205566406,393.860368667911,386.1269361499906,388.6551655577624,2834627
2023-06-08,377.5506896972656,395.1988236394984,376.75752805685886,392.6210029224108,4946671
2023-06-09,379.68798828125,383.7636825670851,378.74360233491626,380.73175772775045,4212790
2023-06-12,385.4039306640625,386.696219520009,378.3459730321898,380.78144515868024,3749939
2023-06-13,391.0204772949219,392.2630744451302,386.09978044535916,386.9447525748697,3811857
2023-06-14,388.98260498046875,394.89737962948084,387.59090222094966,391.11989637695126,2881178
2023-06-15,391.1199035644531,393.6050979438515,388.8832286229946,390.77197028396824,2576653
2023-06-16,400.8618469238281,401.8062329074877,390.8216557258189,392.3624944182717,4845961
2023-06-19,393.8038635253906,403.59553465773126,391.1695637630967,403.59553465773126,2891291
2023-06-20,392.1636657714844,394.8973795379523,389.67847143833177,394.1518212380065,5053569
2023-06-21,394.4500427246094,400.6133369665249,391.766050976817,394.64887041119204,5324374
2023-06-22,380.3838195800781,394.5991486583334,379.34005014698636,394.5991486583334,3244877
2023-06-23,378.14715576171875,384.2607276261293,376.2087224244806,381.1293888991721,3902114
2023-06-26,381.3282165527344,383.71399699518014,376.9045585977155,378.09746398736047,2261966
2023-06-27,381.27850341796875,384.2110448732138,376.6063562619797,383.7140060053312,3555619
2023-06-28,394.10211181640625,395.8914395213132,382.0737657158727,382.7199101461534,7311704
2023-06-30,390.1755065917969,396.1399729346014,388.33645673539655,395.642934072701,4804430
2023-07-03,388.08795166015625,392.66071542615913,385.7021711021513,392.56130158273277,1522979
2023-07-04,378.4950866699219,391.3684051011151,377.7495283902044,388.08793046825167,2355595
2023-07-05,378.09747314453125,381.52702313334373,374.41937338474924,378.892723198992,3591448
2023-07-06,382.8690185546875,384.16133776161956,375.7613690955141,377.6998327374904,2965148
2023-07-07,380.1850280761719,390.22518856551096,378.09745884112886,384.55896388393006,4322916
2023-07-10,382.5708312988281,385.20513129060765,378.9921453020495,381.72585913701505,1888465
2023-07-11,389.6287841796875,392.4618814826774,383.11755674963183,383.71400946383585,5866374
2023-07-12,389.9766845703125,395.4938342195595,388.2370485284215,390.97076230853594,4704057
2023-07-13,385.1554260253906,393.65477842482517,384.0122123741257,392.4618730221333,3948469
2023-07-14,387.3423767089844,389.52935982308304,382.2725742803697,387.19327111866954,2523610
2023-07-17,387.7897033691406,391.6169084485877,385.7021342042747,388.88319486853163,2677870
2023-07-18,386.0003662109375,391.66662134482635,382.5708162819791,391.61692959360664,2728824
2023-07-19,397.8796081542969,400.6133218892733,386.0003672439342,386.64654203258607,4318029
2023-07-20,396.2393798828125,403.39672116758817,394.1021188811818,402.6014711371167,4567515
2023-07-21,391.4181213378906,398.9731184456864,388.2867824345567,397.13406850663443,2856935
2023-07-24,389.28082275390625,392.8595084435209,384.70805939144554,392.6606807742144,3130735
2023-07-25,389.8275451660156,394.0026834391696,385.7021289775673,390.07606457901664,2450471
2023-07-26,387.8891296386719,393.45594047432763,386.7956381042239,390.9707462309657,2307085
2023-07-27,382.67022705078125,390.32460722470677,381.527013413457,389.6287710289922,3689432
2023-07-28,389.3305358886719,391.31869134357316,376.3081115916996,376.7554587037903,5986681
2023-07-31,392.7601013183594,393.55535133548426,388.3861655504855,389.87728208522725,2423957
2023-08-01,394.10211181640625,399.5198170176677,392.0145426027858,392.66068703306644,1862465
2023-08-02,393.4062805175781,398.3269776518416,388.1873721847486,393.20745282730326,3668591
2023-08-03,391.368408203125,394.8973719536877,388.88321391770216,392.66069709680716,1444757
2023-08-04,393.50567626953125,399.07251763595826,392.1139735121357,392.61101237812306,2799723
2023-08-07,392.0642395019531,396.88552242279866,390.42401736143813,395.59323354526407,1106933
2023-08-08,386.3482971191406,393.95298555679375,382.42170835460183,392.66069666453427,2362513
2023-08-09,384.06195068359375,387.69032845949937,381.57675627039185,386.3980394993727,2699907
2023-08-10,380.284423828125,384.70808186545014,379.2406543453985,384.70808186545014,1630569
2023-08-11,384.75775146484375,386.94473448168685,379.38973809431616,380.7317490211588,1707604
2023-08-14,380.880859375,385.20510337705304,377.9483484030098,384.6086506980037,1515586
2023-08-16,380.9305725097656,382.6204863343759,375.7613565286033,378.74358951692557,2673943
2023-08-17,379.9364929199219,385.3045062043064,378.9921070103394,379.73766525363845,2255954
2023-08-18,379.3897399902344,381.7258286024356,374.6678710166365,379.6382594098974,3380576
2023-08-21,377.153076171875,382.07377295891695,375.16492075680253,378.74360657130177,3783544
2023-08-22,386.2986145019531,387.0938645564783,377.15308719068867,377.15308719068867,3050549
2023-08-23,398.7245788574219,406.03105615392786,384.95659639229126,386.0500879497351,7685814
2023-08-24,399.5695495605469,404.68904372391046,399.0725107031942,401.6570884919526,3231012
2023-08-25,389.678466796875,398.6748580409936,388.38617789376605,398.1281274289501,2242422
2023-08-28,391.4678039550781,395.4441149361834,389.2311290282064,390.67255389359514,2570095
2023-08-29,390.92108154296875,393.9033148414529,389.97669553037707,392.0642649066852,1175670
2023-08-30,414.1824951171875,416.12095889553535,391.51753418818436,391.66663978570824,13572441
2023-08-31,418.40728759765625,422.98005097283936,416.3197184115027,419.6996067780575,8176611
2023-09-01,421.73748779296875,424.968240498513,413.2381351177367,419.40139900005227,3552699
2023-09-04,418.35760498046875,424.9682156002144,415.62389131286506,421.98598250828314,3393492
2023-09-05,419.9481201171875,423.27825601280085,417.3635121306466,421.4392366090177,1917747
2023-09-06,428.9445495605469,430.63449387200103,419.5505026787701,421.3895525855065,4575749
2023-09-07,424.4711608886719,433.86520691192874,422.4830055683502,429.441549189476,3975992
2023-09-08,427.0060729980469,429.83920057077825,425.465264664956,427.4037283559944,2326946
2023-09-11,427.4037170410156,430.08770861503905,425.21673397757985,427.900755888447,2595165
2023-09-12,418.0593566894531,431.1811942158902,416.56824016766905,428.4474805926194,3376588
2023-09-13,412.1943359375,418.4570440096922,404.9375804449971,417.51265800565545,4941740
2023-09-14,421.1410217285156,422.1848215408801,411.24996657627554,412.2440443003305,2921406
2023-09-15,414.1824951171875,429.39190313838475,412.9398979097456,425.46528382812977,5623551
2023-09-18,413.2878112792969,417.3138139026617,411.05113641368433,417.3138139026617,1821991
2023-09-20,415.52447509765625,419.05343876817403,410.5540866395503,413.7848391373192,2329586
2023-09-21,404.39080810546875,414.2818936457869,402.65117207936163,414.2818936457869,2460210
2023-09-22,403.8440856933594,408.91388828266355,400.2653997281538,404.5896440054087,2478833
2023-09-25,406.1801452636719,408.3174062038217,398.07841825602856,403.8440566532016,3601670
2023-09-26,408.06890869140625,411.7470084318889,403.1482117868207,406.0310614770154,1963642
2023-09-27,410.7032165527344,412.4428526161137,408.963580489355,410.5044192047411,2458909
2023-09-28,402.7505798339844,412.2440402065412,401.6073965300425,410.5044042067205,2224890
2023-09-29,408.66534423828125,409.80852751388636,400.91152005774376,406.4783611865504,2722052
2023-10-03,410.5540771484375,413.98365723998364,403.5955334679555,409.55999947979717,3333713
2023-10-04,404.14227294921875,413.5363192594411,399.22160658321377,409.3114890746992,2906086
2023-10-05,415.0274353027344,416.8167630088231,405.48428341762616,408.66534415827675,3093788
2023-10-06,420.4451599121094,422.23448757167245,415.7729827589217,417.01557983829684,2577983
2023-10-09,413.0392761230469,418.2084921948235,410.85229309186985,417.51262568394634,2768044
2023-10-10,413.8842468261719,416.7670660216843,412.9895829843705,415.92209392898843,1022044
2023-10-11,412.3931579589844,420.3954716594337,411.8463969979514,414.9777661594574,2537529
2023-10-12,414.0333557128906,417.3137999379433,411.100814408038,415.5244722400679,2455507
2023-10-13,412.2937316894531,414.87833981201805,408.76476794113466,411.5481734043004,2715674
2023-10-16,414.2322082519531,418.00969154616973,409.3115112821293,411.54818620716827,2135138
2023-10-17,417.612060546875,420.94222701059323,414.0333746505933,414.5304135157201,2207161
2023-10-18,410.4049987792969,419.3019763014766,409.1624016111004,417.31382083236224,2577691
2023-10-19,411.54815673828125,413.536312084843,405.1363436108824,409.26179022447246,2055651
2023-10-20,402.5517883300781,410.5541019105458,401.2097773291033,410.5541019105458,3027378
2023-10-23,393.50567626953125,405.5837146456542,390.9210680990282,403.5955591817049,4580694
2023-10-25,387.2429504394531,395.89143844223173,385.3045171538948,394.7482551707214,5099593
2023-10-26,372.5802917480469,385.3045038927874,369.44895321234503,382.9684153437633,6679568
2023-10-27,372.331787109375,382.57080553098285,369.3992761224006,375.76136727879987,8113269
2023-10-30,379.83709716796875,382.4217052684743,370.443050720484,375.56254483413613,5308844
2023-10-31,381.12939453125,383.61458884918574,377.84895016631276,382.5708193703906,2300685
2023-11-01,386.795654296875,388.6347041813208,381.72585176080776,381.72585176080776,2570151
2023-11-02,387.9388122558594,391.3683923656965,385.00627098299327,389.628756436298,1425611
2023-11-03,390.5731201171875,391.2689866381026,386.6962231758523,390.6725339540102,1851600
2023-11-06,393.0086364746094,395.29500311800894,390.92106717502793,391.46779779158373,2330301
2023-11-07,399.1221923828125,400.96124217598,391.865437383317,394.2512177710385,2919260
2023-11-08,403.2475891113281,404.14225292109717,396.6369788642917,401.0606365026528,2451875
2023-11-09,403.048828125,404.4902226326869,401.16005616682884,403.2476254690715,2153695
2023-11-10,407.0251159667969,407.671260387866,400.81213050104924,402.6014581804473,1856115
2023-11-13,408.218017578125,408.8144702890769,403.79438984032595,407.57187311494596,3025750
2023-11-15,408.96356201171875,411.0511312608233,407.17423427639716,409.56001470244064,2258736
2023-11-16,410.2061767578125,412.54226553362497,406.5777990439822,408.7647822249227,1269668
2023-11-17,408.7647705078125,412.9896008168727,407.32334567939535,409.5600205488978,1725808
2023-11-20,417.1150207519531,420.09725393606595,409.8085433835077,413.58602661531273,5008400
2023-11-21,418.3078918457031,419.30196956428784,415.42507252917636,418.6061333633852,2086054
2023-11-22,414.5303955078125,418.7055339282401,410.85229593091947,418.3078785839377,1286423
2023-11-23,417.612060546875,419.8487354399454,413.23812460112845,414.5304135157201,1729291
2023-11-24,418.0096740722656,419.84872389001185,415.02744096354553,416.5185575179056,2440352
2023-11-28,420.2463684082031,422.2345239062904,415.82271029022075,419.50081009642037,2402488
2023-11-29,417.56231689453125,423.4770912188273,416.5185474664052,421.29010819047164,1513282
2023-11-30,419.2026062011719,420.64400076026027,415.524506330968,417.5623536172308,3944054
2023-12-01,423.8747253417969,427.3539972928571,419.20257835247946,419.5007895278328,3587510
2023-12-04,431.42974853515625,433.4675958117015,425.0179348380867,427.4534374887493,3028240
2023-12-05,431.9267883300781,436.9965909923458,426.65818831717684,431.4297494482253,2227045
2023-12-06,435.3563232421875,438.18942030313065,431.47939609951084,433.0699264225522,1820312
2023-12-07,437.841552734375,439.77998612534157,432.6226445991767,435.45574188880823,1680971
2023-12-08,432.9208679199219,439.1338539692893,429.7895290184099,438.3386038897086,1606867
2023-12-11,438.3882751464844,439.282939028394,429.9883062657425,432.92084767867107,1729172
2023-12-12,435.654541015625,443.20953741207234,433.0699329935715,437.89121578410226,2375740
2023-12-13,431.9764709472656,436.2510234429008,429.09365156085994,434.01434852186867,2279696
2023-12-14,438.63677978515625,440.9728684190861,431.97644714149976,434.5113634477467,1693787
2023-12-15,437.0462646484375,441.96696150976067,434.8095897727169,441.96696150976067,2642024
2023-12-18,446.2414855957031,447.33497716280334,433.5173028244768,436.99657486907637,4328624
2023-12-19,441.917236328125,447.285280261754,438.73620584036286,447.285280261754,2177697
2023-12-20,421.73748779296875,445.3468344873306,417.51265733187245,445.3468344873306,2426020
2023-12-21,426.8072814941406,428.0995704146136,414.4310015614213,417.7114762882944,2058616
2023-12-22,436.59893798828125,437.7918130262119,425.3658417758264,426.45933331322914,2628120
2023-12-26,433.9646301269531,440.972896474622,432.4238217474189,437.8415576258891,1207519
2023-12-27,434.2628479003906,439.5811696454672,431.8770674955166,435.05809792306735,1815608
2023-12-28,430.88299560546875,439.7799729093331,428.54690691921377,432.42380392148584,6971605
2023-12-29,435.75396728515625,436.89715057652006,428.94452895055383,431.628550884055,1519915
2024-01-01,433.5173034667969,438.785903293116,431.87708128213865,437.3942005405831,928581
2024-01-02,435.6048583984375,437.79181112691117,426.7078508870224,434.4119530288382,2850481
2024-01-03,448.7763977050781,452.30536146750444,435.4060402698174,436.6486374167062,5554842
2024-01-04,460.0591735839844,461.89822350092055,448.42848203477575,452.156273621736,5215576
2024-01-05,453.34912109375,464.2342839989117,451.2118601148711,464.2342839989117,2712213
2024-01-08,448.9751892089844,458.7668606665272,447.334967063786,458.71716891603546,1954521
2024-01-09,455.8343200683594,457.97161140628225,449.5219509031172,456.1822533329173,2197685
2024-01-10,455.68524169921875,458.2698499572361,450.56574727357327,455.7846555431513,1519799
2024-01-11,456.8283996582031,461.10295201482955,455.48641901870127,457.2260550118198,1429325
2024-01-12,458.8165588378906,461.25206138294783,453.64737290380907,461.25206138294783,1591267
2024-01-15,474.1253662109375,475.66617449514985,457.07690956405025,462.2461256849419,4458232
2024-01-16,465.67572021484375,476.11353627811866,458.66745408453824,476.0638141899963,2895440
2024-01-17,459.2142333984375,466.37157506882414,457.2757696315654,463.24023619197715,2775046
2024-01-18,460.85443115234375,465.0295393207224,447.9314209579851,455.93373436667724,3411840
2024-01-19,479.34429931640625,481.7797715821446,461.0035528421788,465.2283832455842,4333124
2024-01-23,468.5088195800781,483.12177426989297,464.0851919066684,482.1276965450578,4050796
2024-01-24,477.5052490234375,479.04605738746477,463.38933296452717,469.2543855698776,2754783
2024-01-25,470.7951965332031,479.6424818407203,463.24020007829154,479.6424818407203,1845603
2024-01-29,493.211669921875,497.03887532927956,470.7952287792627,470.7952287792627,8503267
2024-01-30,490.2791442871094,498.08263012995354,484.2649558710492,497.03886065731103,3676704
2024-01-31,489.7323913574219,493.26138552798113,485.10993594498717,492.9134522524549,2911432
2024-02-01,491.62109375,493.5595573183135,484.06612781681713,492.515787911894,1703943
2024-02-02,497.0388488769531,512.8944002908654,494.8021740570068,512.8944002908654,8862376
2024-02-05,506.0849914550781,510.40923575940764,497.3868110933762,502.0092665896544,4845339
2024-02-06,503.1524353027344,508.4707572079578,501.5619048726426,506.97964061790515,1032953
2024-02-07,521.642333984375,524.525183920465,505.3891556242098,505.3891556242098,6135635
2024-02-08,521.9901733398438,527.3582171619569,519.9026344499595,524.3262923271487,2720940
2024-02-09,529.7937622070312,533.8197650601768,520.3500233465626,522.4872541581375,5010458
2024-02-12,527.2588500976562,535.360547159694,523.2327867687271,532.3783139819327,6533765
2024-02-13,520.4990844726562,529.048189507853,512.3476954797419,527.2588616965716,1598809
2024-02-14,524.5748291015625,526.2647733735821,511.95002982360177,514.9322630070402,2394798
2024-02-15,524.4754028320312,528.3523303723492,521.8411331675976,525.718000034224,1539340
2024-02-16,534.366455078125,537.6966517747069,522.5866586119058,526.6126611589879,2301137
2024-02-19,539.2374267578125,541.3746572748661,531.9309197157929,535.3108079537768,2610308
2024-02-20,545.4007568359375,547.9356428476402,539.5853658604793,539.7841935361141,2492365
2024-02-21,553.7012939453125,561.306012826425,542.9155748767153,545.5001526974689,3129382
2024-02-22,575.421875,579.7461495692348,549.6256062096908,556.6338421355035,7699038
2024-02-23,590.9791870117188,599.1803279584751,575.5709828087219,576.5650604992378,6840055
2024-02-26,576.266845703125,595.9495717168336,563.6420469782229,590.9791832955088,12304371
2024-02-27,585.7603149414062,590.7307036978034,571.8432264234942,575.571017990792,2853137
2024-02-28,567.51904296875,586.50590476891,562.9462486629454,584.5674409150197,3555297
2024-02-29,583.2254028320312,586.2573277036456,561.1568656018787,567.5189871961583,6652490
2024-03-01,585.7603149414062,591.3768785056114,581.6348680041203,586.4064897492143,4153999
2024-03-04,584.8656005859375,588.5437002739429,580.1437314297156,585.5117753715276,4294901
2024-03-05,581.3862915039062,591.2773762930761,580.0940026888178,585.5117380362844,2307428
2024-03-06,570.7000122070312,583.7224671408438,561.7533124538722,583.4242559504767,4919809
2024-03-07,584.219482421875,586.2076378422838,571.5946833675412,573.5828387879501,2853111
2024-03-11,569.5072021484375,584.6668887650444,566.1273133218145,578.5532859583776,6383737
2024-03-12,564.8846435546875,572.9366485202202,559.8645633885868,566.7236629993812,2126951
2024-03-13,541.47412109375,573.8313372436022,537.0504633102747,570.5508930545561,4503786
2024-03-14,562.0017700195312,564.5864082901103,527.9049190710226,539.7841590146452,2123175
2024-03-15,558.9699096679688,562.5486259912475,546.6930736595448,561.653931742005,3026811
2024-03-18,549.6255493164062,559.168670354313,542.2196587920879,559.168670354313,3707336
2024-03-19,545.8480834960938,553.9995334084277,541.772388876773,549.6753193446681,1992559
2024-03-20,544.6551513671875,552.7071558064048,537.8456832772334,546.7426900962637,1320067
2024-03-21,560.0634155273438,561.6042238690874,545.6492884892907,546.7427497192534,1660541
2024-03-22,553.7509765625,561.3556953181685,551.2160905351733,559.5663675738019,2340891
2024-03-26,565.5805053710938,567.5686607212523,545.7983353675415,545.7983353675415,1818254
2024-03-27,582.38037109375,589.4880506108933,565.7295703387206,566.1769174191151,6671977
2024-03-28,587.6490478515625,592.0229532620526,579.6466739470784,586.0087954015745,4201009
2024-04-01,597.8383178710938,602.808706078623,590.7306384648532,596.4465849035118,4491705
2024-04-02,602.1129150390625,604.5981094542199,593.166215144496,599.2797570015681,2448259
2024-04-03,610.5128784179688,614.7874006361386,596.3969621410688,600.3732731670299,4114999
2024-04-04,614.290283203125,618.8133242820159,607.6796426983498,607.6796426983498,2743635
2024-04-05,609.6678466796875,618.51516255759,605.0454217379245,616.3281794634659,2992901
2024-04-08,601.5164184570312,615.2844316118026,563.4432530071962,614.3400456205281,5948650
2024-04-09,593.5637817382812,604.3992531447265,590.979203938388,604.3992531447265,1371873
2024-04-10,592.9176635742188,601.4170158787593,591.6750664339734,595.9495884616797,1126936
2024-04-12,603.8525390625,612.2525081526082,593.1165115383035,595.2537422884141,6547758
2024-04-15,594.0111083984375,604.2998488399993,590.2833170805571,596.4466108608567,3255718
2024-04-16,580.1934814453125,601.2181886704474,578.3047095211912,594.0608170023146,5135358
2024-04-18,589.8857421875,595.5519366416947,582.5792345552828,585.0147370993552,1922353
2024-04-19,593.5140380859375,595.3033656889065,575.8194683700285,582.4798006395589,3224498
2024-04-22,581.8833618164062,600.8702824338939,580.5413811807548,600.7211465082934,3414434
2024-04-23,600.7211303710938,603.4051522439838,582.0324821068411,585.2135428201299,2926476
2024-04-24,604.3992309570312,611.8548135757446,599.080939625157,605.9897309795488,3503688
2024-04-25,573.8313598632812,596.1484166561925,572.5887627219576,586.5058507047829,10431160
2024-04-26,565.5805053710938,581.3366122516259,557.0314009612002,581.3366122516259,6897520
2024-04-29,579.149658203125,582.4301632339398,568.6124585896457,571.594691764067,5777304
2024-04-30,573.3343505859375,587.6987864154601,571.9426174463779,582.4798781526491,4807390
2024-05-02,572.7378540039062,580.690475088477,571.5946404535257,575.1236039250672,2192757
2024-05-03,567.220703125,577.5591353245528,561.8030282775144,576.3165382175723,2071931
2024-05-06,567.9165649414062,575.0739363531403,566.7734120166533,570.0041644680755,1900584
2024-05-07,562.7473754882812,581.4360852451196,555.6894479148315,571.4953080015626,3998960
2024-05-08,560.2125244140625,567.6184160577862,556.7332521615191,562.4491994335547,2488807
2024-05-09,547.388916015625,565.1828706442932,546.1463188764574,561.5545234021366,2103481
2024-05-10,540.3309326171875,549.6255957041909,534.9131969079892,548.8302849891721,3267167
2024-05-13,554.0989379882812,556.6835157562457,532.7262672940682,540.3309253461683,6078325
2024-05-14,561.2066040039062,563.2444513379202,552.9060787299283,556.6338704410609,2878223
2024-05-15,557.5781860351562,566.4751325894559,555.2917588688927,561.2065331047277,1687347
2024-05-16,565.4313354492188,571.3958011410326,558.2739644843056,560.4609473727072,2941336
2024-05-17,567.7177734375,570.6006231549716,562.6480012294668,569.6065454142835,2434379
2024-05-21,565.7793579101562,569.0598022473754,558.2740225944553,567.3698579907204,2227289
2024-05-22,569.7556762695312,572.2905623509673,561.7533019893242,567.5686931247608,1349982
2024-05-23,564.1888427734375,573.2846789051471,558.9699343278945,570.0539260579062,2683179
2024-05-24,566.4751586914062,569.8550471743887,560.7095201089849,562.3000808489659,1868452
2024-05-27,577.6585693359375,583.0266135769671,565.6302525580464,570.1036025343403,8923333
2024-05-28,569.059814453125,583.0265945667463,567.7177730997803,581.3366502738438,3517947
2024-05-29,562.4988403320312,569.6562118820393,561.7035903095165,569.0597895335751,1729332
2024-05-30,553.900146484375,563.6917882654077,551.4149520553117,562.5486352322538,4690139
2024-05-31,554.0989379882812,558.6716711696608,543.7605055690472,556.385304578971,9170940
2024-06-03,573.0858154296875,579.0502818521994,564.6361546644623,573.5828542982301,6380437
2024-06-04,527.159423828125,576.7142365528165,503.4506935290285,576.5154088661404,7888936
2024-06-05,569.5072021484375,574.0302440534075,518.4612701532196,527.1594509988138,6438482
2024-06-06,580.0443115234375,581.3366003398238,569.4573602312992,576.5650397319515,3781546
2024-06-07,583.3844604492188,591.7100147342787,572.9651485700482,583.2847779920423,4672844
2024-06-10,580.5927124023438,589.2672165945191,574.5604628808658,589.2672165945191,7450625
2024-06-11,580.3434448242188,584.331717013862,576.1557468538525,580.2936035930891,3691089
2024-06-12,582.7862548828125,586.9739527178815,578.6483982772629,580.3434260743387,4878756
2024-06-13,587.5722045898438,592.2584367148896,582.2877559621137,587.1734138734562,3084488
2024-06-14,612.0501708984375,613.7950399082471,588.2202820781877,588.2701233072277,9597845
2024-06-18,619.6279296875,624.1645769815408,610.5545742432165,615.1411236229362,5305896
2024-06-19,615.2408447265625,622.1206388001766,608.9593280128573,622.1206388001766,3334339
2024-06-20,636.5282592773438,640.0678386380873,616.2378882070358,616.287729437654,7142199
2024-06-21,635.630859375,646.1000735294118,631.6425873161764,641.9622169259015,5842145
2024-06-24,646.2496948242188,652.7804785206863,629.5986458604991,637.1264976283726,8060753
2024-06-25,657.815673828125,659.5605429894728,644.9036298629098,647.0971918369884,4233594
2024-06-26,648.0443725585938,661.006256834362,644.4548911685057,658.0648940005434,4402142
2024-06-27,622.5693359375,650.2878164990286,612.4490705433047,648.3435215641578,6641760
2024-06-28,623.2173461914062,629.0502305515739,616.4372959086573,627.6543109979779,3063821
2024-07-01,612.9974365234375,624.1646110651737,608.3611065172677,623.2672254607768,2441789
2024-07-02,601.9299926757812,615.9387865772401,598.4402545082048,615.1909855413309,3026727
2024-07-03,598.0413818359375,607.7627949595953,593.2554675463001,603.3757322175119,3344910
2024-07-04,610.853759765625,618.1323442949293,598.6895174921034,600.9329205847372,5063028
2024-07-05,612.6983032226562,619.1792454048324,608.8097135708693,613.9944794878509,2592445
2024-07-08,606.9153442382812,614.2936114165182,602.3287946187451,613.196860885871,5074219
2024-07-09,607.2144165039062,623.117663393106,603.7745197071512,608.2114845113018,2533290
2024-07-10,608.0619506835938,611.1030570447574,595.1000655063551,608.6602280516519,1926862
2024-07-11,600.9329223632812,611.6514038375876,596.4461161647343,610.2056430023706,2785481
2024-07-12,592.3082885742188,603.4256221555062,590.5634194111777,601.4314859691734,1747038
2024-07-15,589.9153442382812,593.4549236932214,581.7892151765383,591.2613617818118,4100715
2024-07-16,585.1293334960938,593.8038372975557,580.34341925066,590.2144168275307,3014603
2024-07-18,580.5927124023438,587.1234959480134,577.4519845636589,585.1792619386293,2417869
2024-07-19,576.2056274414062,581.290649950984,569.3756750577637,580.5926901725983,3139415
2024-07-22,618.5311279296875,629.5986195739341,571.4196635227238,571.4196635227238,26109344
2024-07-23,621.6719360351562,624.2642886512812,599.3375871262148,618.5311473005158,6448328
2024-07-24,631.5429077148438,636.7276127298129,618.8302904698206,623.0179274655723,4966717
2024-07-25,621.6220703125,630.1469897269645,616.686571433746,628.0032691377858,5421179
2024-07-26,645.10302734375,647.0971634406395,625.4109333869662,629.4490468119267,4629592
2024-07-29,647.844970703125,651.8830841668939,638.9211994125413,649.5399985730121,3791640
2024-07-30,644.3053588867188,647.0971371376439,632.5399685645474,647.0971371376439,4056660
2024-07-31,640.1675415039062,645.451990098148,637.226178529236,644.3053983325684,1874629
2024-08-01,630.2965698242188,640.4666148890218,628.8009678021946,640.1675066558573,1504378
2024-08-02,626.9563598632812,634.0355793309549,621.2232187386016,626.0590351574876,1814825
2024-08-05,607.4138793945312,622.6690086686551,598.2408409947047,609.4080155311802,5384751
2024-08-06,595.1997680664062,617.2349470161325,593.2554732517357,608.3610781316348,2833495
2024-08-07,618.7803955078125,621.9211841469879,598.6396699727042,603.2261585714272,2716217
2024-08-08,612.3992309570312,620.17634986122,609.2584421417788,614.2936238078352,1845858
2024-08-09,616.63671875,627.5546255562753,612.9475549669214,616.2877084351593,1822436
2024-08-12,615.340576171875,619.1294226200162,603.4754419423806,612.5487369252612,2938363
2024-08-13,608.9592895507812,619.4285036977861,607.3141029851997,616.138191422825,1741167
2024-08-14,609.6572875976562,611.2027309451181,597.7921531438412,609.8567133842139,2877894
2024-08-16,621.372802734375,623.7657294705757,609.3581452549644,617.8332234317722,1277279
2024-08-19,611.352294921875,628.9006681365937,606.616221717517,626.0590485564604,3642710
2024-08-20,614.343505859375,622.0707832784384,605.8185253120898,622.0707832784384,2121144
2024-08-21,619.328857421875,620.42560795887,611.8009447914071,615.1910005795465,1138941
2024-08-22,642.7100219726562,645.1528507952652,618.9798152448892,622.4197120884648,6513073
2024-08-23,640.0180053710938,647.0971641806656,634.5341310983762,644.3552270443068,3388820
2024-08-26,659.6602172851562,667.8361877111536,639.5693319899366,641.9124176350977,9957687
2024-08-27,663.349365234375,668.0355972670415,658.862558984074,665.0942343317143,2847909
2024-08-28,652.2819213867188,669.7306120184381,649.8889337576015,663.349352244928,2994726
2024-08-29,646.3992309570312,654.4755190045189,640.1675553908556,654.076667425801,1871061
2024-08-30,645.6015625,653.3288398889962,642.261408874335,648.0942326254826,6267171
2024-09-02,653.9769287109375,656.8683894112257,645.2026815834662,648.1938855979583,2023960
2024-09-03,657.0180053710938,661.5048116073777,653.6777908814709,658.0649146549858,2308988
2024-09-04,657.7159423828125,660.5575618914875,648.2936374419501,652.0824837389174,2878159
2024-09-05,668.4843139648438,671.5253594719833,657.0678721485331,660.0590764223504,3865533
2024-09-06,655.322998046875,669.8801677271911,650.5869246490466,667.836190326738,3123554
2024-09-09,663.897705078125,665.5428916246215,649.3903778139522,651.0854055893301,3227317
2024-09-10,692.9622802734375,694.6573080942678,665.1440579171018,668.4344310983265,8406601
2024-09-11,682.7423706054688,692.9623184677631,679.7511663530898,692.912477234798,2187560
2024-09-12,698.8450317382812,701.6866513836405,683.0913076119508,689.0238747753519,4151347
2024-09-13,687.0297241210938,699.6925004617165,686.0326560762605,696.4520293160085,2255367
2024-09-16,688.9241943359375,696.751154333846,683.9886952239406,689.2233025853483,1596640
2024-09-17,690.2203369140625,693.4608079793867,682.9915937683392,689.4725358989876,818850
2024-09-18,679.4022216796875,693.161749166875,675.3640472254006,690.1705448933035,910016
2024-09-19,688.824462890625,691.5664001272046,668.8332599369857,683.9887070158671,1484426
2024-09-20,700.6895751953125,704.9271144263051,679.0033450131737,691.9652297197393,2945519
2024-09-23,712.7042236328125,714.2496669253326,696.3024421848836,702.9329690009198,4278812
2024-09-24,709.5634765625,718.3376629151635,707.8186075378601,716.3933681164671,2080352
2024-09-25,707.8684692382812,715.5957465708675,705.1763733511718,711.1089403777529,2024360
2024-09-26,707.818603515625,716.8918980497123,703.4314799361224,709.8127395324531,2008532
2024-09-27,708.2174072265625,713.5018555970767,697.2496589323547,707.4197649764061,2048448
2024-09-30,682.6925048828125,706.0737627880775,680.1998347619144,695.9534977547496,4573293
2024-10-01,679.7012939453125,688.6749062908701,674.1176764165767,687.9769464927527,2326716
2024-10-03,672.07373046875,680.5488091905657,666.2409065144534,666.540014768688,2412102
2024-10-04,659.5106811523438,675.9623041596583,655.0737161094331,672.0737143790838,4004021
2024-10-07,651.13525390625,679.7012768294215,644.0062541249646,666.0414328761406,4155691
2024-10-08,682.6426391601562,684.886042188477,649.639651429806,651.0854122192976,3891924
2024-10-09,691.6162719726562,705.7247482592901,682.9916090631726,683.0912915249339,2889487
2024-10-10,704.1793212890625,713.3025184312542,694.9564416827986,697.1500035982322,3112837
2024-10-11,706.4725341796875,708.9153630026248,693.1118592106591,704.1792899023962,1050211
2024-10-14,703.1323852539062,712.5047881998797,696.7511255346113,707.918299615276,2285519
2024-10-15,710.5106811523438,711.8567595583179,700.5400004690035,704.9271243121553,1311750
2024-10-16,702.4842529296875,711.557608317042,696.7511118831609,708.9153537531187,1318050
2024-10-17,685.2848510742188,702.8332850753847,677.7071583198494,702.8332850753847,2084447
2024-10-18,684.6866455078125,690.9681620827787,678.4051289328463,683.7892599158725,2267035
2024-10-21,677.0092163085938,712.4051326251697,673.0209440475711,689.9711011569174,7839775
2024-10-22,654.1763305664062,682.0443950462944,651.3845521664769,680.548792954596,2782936
2024-10-23,656.7188720703125,663.1998141643395,647.0971413882377,650.2877712057683,1954862
2024-10-24,665.0443725585938,668.0355766330701,649.1411253913868,653.0297150306873,1637028
2024-10-25,689.2232666015625,693.3112211278938,654.5253117887388,670.6778258318711,5954183
2024-10-28,669.2819213867188,691.8655368195678,667.0385182982717,687.9769471237779,3468888
2024-10-29,676.7599487304688,683.3405736132112,667.0385351022962,672.9711022568836,3577891
2024-10-30,682.7423706054688,691.167608087577,669.381633935694,676.759962100711,2087809
2024-10-31,674.7159423828125,680.9974587476041,667.1381889049889,678.0062546828269,2760863
2024-11-01,685.583984375,690.5693247525268,676.061996425165,676.9095408030681,221089
2024-11-04,664.595703125,686.9798932399821,662.9006752520058,686.9798932399821,3848485
2024-11-05,666.0414428710938,668.4344304813752,648.9916039304975,663.9476243542496,2302218
2024-11-06,682.6426391601562,685.9827926598418,667.0385004206893,667.0385004206893,2440822
2024-11-07,681.7951049804688,689.9212337464458,676.7100823830937,688.1265234683252,3107810
2024-11-08,730.751220703125,740.6719994213371,691.616298534814,707.9183373121248,26357564
2024-11-11,727.6104125976562,746.2057561521234,723.9212486256462,735.7863828138451,8143152
2024-11-12,728.258544921875,736.0855049530896,722.7247684313031,727.8596933501598,3386712
2024-11-13,712.05615234375,730.5019107530807,708.9153637315721,719.9827944346896,3327567
2024-11-14,739.1763916015625,740.5723112462929,707.5693823713368,711.9564453789648,5837816
2024-11-18,735.03857421875,743.164642263746,730.7511938007283,739.9241711206988,4613449
2024-11-19,751.789306640625,758.718941731166,738.079621008916,739.8244900893153,4783332
2024-11-21,784.4931030273438,793.9154079523039,751.7892842650388,757.7716923626385,14956651
2024-11-22,796.7072143554688,798.7511916897404,778.2614554032829,783.6954884550325,4437615
2024-11-25,795.7101440429688,807.5254369330315,790.176428544278,806.8773183589362,7635903
2024-11-26,794.4139404296875,802.8391773221464,782.7980737200829,795.710116677096,3528333
2024-11-27,786.5870361328125,793.3172457025738,781.5019523886024,791.7717414867747,2632761
2024-11-28,776.267333984375,790.0268611836914,773.2262885411088,782.3494857271128,4958408
2024-11-29,791.02392578125,799.3494806456798,777.0151316258527,780.654454409063,5379139
2024-12-02,798.7013549804688,803.6368540344273,788.5312486266581,792.6691054061658,3357264
2024-12-03,804.2849731445312,806.9770082155528,793.9652822328649,803.8362803472927,2897727
2024-12-04,808.5225219726562,814.554771622432,802.6397960195957,803.6368640891852,3670183
2024-12-05,817.6954956054688,820.0884833034868,806.677905660596,813.6075408822435,2535375
2024-12-06,824.226318359375,829.361182243871,814.6045874454752,819.191076080043,2406124
2024-12-09,834.745361328125,839.4315932091569,822.6808017317489,824.5752553186138,2652196
2024-12-10,836.0913696289062,839.3816818985943,826.0708482755011,830.0591203251113,2554205
2024-12-11,833.94775390625,843.9682757882322,831.305499191525,835.443356003746,2299448
2024-12-12,834.246826171875,840.9271940904613,828.5635262752805,834.3465086315931,2509100
2024-12-13,853.0913696289062,854.6368737377292,828.2644125593088,829.560588808081,2675004
2024-12-16,865.1061401367188,865.8539411934187,848.9037839082207,854.2879150027366,3250607
2024-12-17,877.4697265625,881.3583163058812,861.5664789696317,863.959466635744,4441179
2024-12-18,878.8157958984375,881.358307232379,867.0005030959269,874.428672174465,2412038
2024-12-19,877.4697265625,883.6017194217848,867.5488872787079,872.4345450736017,2547244
2024-12-20,851.5958251953125,879.912583089924,849.2527395431646,876.4726860329488,1857079
2024-12-23,856.8803100585938,861.7160657786243,846.0122439261356,854.4873223862089,2825946
2024-12-24,860.1207885742188,870.5401011437863,848.804029549593,857.478533865755,1847080
2024-12-26,865.754150390625,869.7424224742914,851.6955156381822,862.4638380928408,1675879
2024-12-27,858.0767211914062,867.9975602486127,855.0855171051854,866.4521169753058,1954288
2024-12-30,887.0416259765625,892.27623330369,853.4902613373495,858.0767500814934,15311485
2024-12-31,874.97705078125,878.4169477079874,855.484382671343,878.4169477079874,4097079
2025-01-01,871.0386352539062,879.6134571070626,868.496123865199,872.434554884203,1243720
2025-01-02,876.9213256835938,881.2585472384676,863.710174387053,880.4110637619253,4892368
2025-01-03,869.8920288085938,877.2204546034088,865.6046483825045,875.4257442920464,2731682
2025-01-06,841.7747192382812,873.8803233070322,836.93896343471,867.8480736465983,3830079
2025-01-07,849.6515502929688,855.9330667416754,841.8743709356904,842.4726482703597,1660940
2025-01-08,832.4521484375,854.4873282422211,826.3201555201176,854.4873282422211,2322204
2025-01-09,820.4374389648438,838.8831983027371,813.3084387614894,832.9506919574061,3473380
2025-01-10,803.5371704101562,822.9799974957991,796.0092579048538,820.537168588157,2813197
2025-01-13,753.8831176757812,799.4989803227003,752.3875156217839,797.7541112597033,3945444
2025-01-14,779.1090087890625,781.6016789466213,749.3464905940873,758.320103161299,5079100
2025-01-15,809.0210571289062,817.0972841612947,783.6955037837433,783.6955037837433,6492665
2025-01-16,809.0708618164062,818.4432647464761,804.5342144696414,816.4491286946055,1951897
2025-01-17,810.9652709960938,820.4873195218184,801.2438575461016,820.4873195218184,2381426
2025-01-20,790.6749877929688,832.5020059388821,776.416926413845,824.226353042429,11627000
2025-01-21,758.1206665039062,796.3084214549531,756.8743314430027,792.6690987346332,3343822
2025-01-22,770.4843139648438,771.7306489922861,749.2966184983243,762.2086615538673,6271590
2025-01-23,772.827392578125,776.6162997127038,756.824463139798,768.7394380670714,2462777
2025-01-24,778.9095458984375,787.2848807151162,770.3347244512115,772.7775532604852,3252107
2025-01-27,757.9711303710938,776.5165714305032,754.780500496302,769.8362034424524,3360806
2025-01-28,751.4901733398438,767.1441533104036,742.8156694581525,759.6661432151873,2281702
2025-01-29,775.270263671875,777.7629338404915,746.8538237496464,747.8010505849618,2589510
2025-01-30,758.9682006835938,780.4051634437299,756.1265202691095,779.208669630063,2728643
2025-01-31,762.4579467773438,769.0884127680422,756.7746467451708,760.2643849053923,2505181
2025-02-01,799.1002197265625,803.1383332532426,721.3289099888183,766.7453485682727,3815173
2025-02-03,813.8069458007812,818.0943261982823,782.5987283437389,799.0503509912364,4664849
2025-02-04,825.7717895507812,829.5606360538244,811.1647179508609,817.1969676163093,3055036
2025-02-05,813.5078735351562,833.5489176676986,809.4696991126863,825.7717987889301,3665455
2025-02-06,787.783447265625,813.7072167401356,781.0033966512248,813.4081084943629,3240318
2025-02-07,789.4784545898438,801.4432709590443,781.8509206682002,792.5694019989423,1439580
2025-02-10,774.4227905273438,795.4110614569084,771.0327347101469,792.6192830019143,1595160
2025-02-11,745.806884765625,773.7247895429479,741.0708116337577,773.7247895429479,2381688
2025-02-12,729.05615234375,745.5077747628507,722.3757844023291,743.81274694843,2506996
2025-02-13,734.5899047851562,746.2556134422967,726.4139343930284,729.0561891361631,1494372
2025-02-14,708.1177368164062,740.8215564789608,698.74527286302,739.7248059733578,2236429
2025-02-17,719.5341796875,721.677839472526,680.6983671273055,692.9622919209975,4274281
2025-02-18,719.8333129882812,722.6250914428282,703.5811154451133,722.6250914428282,1958848
2025-02-19,744.5107421875,747.7013721919433,713.6514731607571,719.8333073838273,3899571
2025-02-20,758.768798828125,760.2145596962133,740.1734550399865,747.4521006125266,2195581
2025-02-21,755.328857421875,777.1148299142238,750.9916359287936,763.2057190289396,2751438
2025-02-24,726.6632080078125,747.7512223431422,724.3699635840869,742.8157231522983,2127479
2025-02-25,722.525390625,731.1998340212589,711.9065914934354,725.8655442678165,3208719
2025-02-27,722.2261962890625,730.7012744631056,714.0003851201383,719.9827932429922,2263480
2025-02-28,714.0004272460938,724.6690678658725,701.138285536814,715.894880939251,8666007
2025-03-03,724.6192016601562,730.6016099297963,708.915379952351,714.399254199521,2801208
2025-03-04,714.798095703125,726.0151110508823,706.173432893257,712.0561586181176,4045349
2025-03-05,754.9799194335938,756.2262544627511,715.9446819779047,716.692482995399,3266569
2025-03-06,746.9535522460938,761.3112956186585,742.815695505828,760.7629203636869,2390595
2025-03-07,742.1177368164062,753.8332863940025,735.7863790467402,751.7893090644711,1815446
2025-03-10,738.8274536132812,754.2820089857588,734.9887658148582,742.815725967469,2531433
2025-03-11,746.8538208007812,749.2468084956869,726.2644018030268,732.8450266797095,1969774
2025-03-12,747.1528930664062,756.2760897506383,741.6191777516664,745.806875587973,1433765
2025-03-13,748.249755859375,762.7570843113097,746.8039949662365,757.7717438909742,2525352
2025-03-17,751.0913696289062,756.7248286019087,738.0796434057602,750.2937273391888,2732584
2025-03-18,751.0913696289062,751.0913696289062,751.0913696289062,751.0913696289062,0
2025-03-19,808.2233276367188,822.2820234927881,782.9975184348115,785.5899318485408,5540032
2025-03-20,813.7072143554688,819.5899402153111,800.296697716958,819.3905144333122,2288339
2025-03-21,822.2820434570312,829.4110435914147,807.9740802439617,814.8538742188821,4943628
2025-03-24,839.6309814453125,844.5166392379309,824.6749606795876,827.3172153573473,3298938
2025-03-25,826.1207275390625,855.484394027446,821.5840800450064,847.5576907926641,4138908
2025-03-26,805.8303833007812,835.5429980284028,801.044468991668,829.5605899279608,2774470
2025-03-27,788.2321166992188,814.1060441752325,783.7951518071211,797.7541041873455,25416536
2025-03-28,785.2409057617188,800.645618818064,781.0532079129741,791.223313872439,3391846
2025-04-01,803.3875732421875,806.6280443722367,779.6573660610682,791.7218650027697,2351502
2025-04-02,827.716064453125,831.5547520957376,803.9857962239429,807.6251189419035,5345446
2025-04-03,828.6134033203125,835.4433560798898,818.0943474048729,822.5811536977699,1678841
2025-04-04,797.00634765625,832.3524233633079,793.6661939212999,828.613418052749,3294067
2025-04-07,749.7453002929688,770.7335696763031,732.844985397261,741.8185974633499,5939742
2025-04-08,771.331787109375,776.7159786982879,759.5663967791522,762.7570265779079,4622541
2025-04-09,765.9476928710938,775.7189476496817,752.0385813171882,775.7189476496817,2430488
2025-04-11,786.287841796875,797.6046007055783,776.0678942595578,791.4227666093259,5182207
2025-04-15,833.8978271484375,835.5928549800292,800.4960479591676,820.5869932169859,6038389
2025-04-16,839.5811157226562,844.217506367265,824.0268789225154,842.5224785586875,4096789
2025-04-17,838.733642578125,843.1706075017559,834.745370441145,842.5224889370154,1753598
2025-04-21,833.5987548828125,840.5283901998293,824.475618477997,839.5313221213004,3805748
2025-04-22,831.455078125,842.4726679975255,823.378790339376,834.8450730093591,3002855
2025-04-23,820.4873046875,850.8479774589792,811.9124831318933,831.5547354572192,6313767
2025-04-24,816.6984252929688,820.6368563093569,805.7306766102805,820.5870150774948,3174040
2025-04-25,784.04443359375,827.4168935927659,767.7423953848775,816.5987296366424,6232065
2025-04-28,798.1031494140625,806.4286434624574,778.8098457310612,778.8098457310612,2309177
2025-04-29,787.8333129882812,816.3494337515018,786.0884439695758,807.5254061993862,3828285
2025-04-30,785.3905029296875,790.9740595802839,777.8127493539315,778.7101349274432,4022508
2025-05-02,799.0503540039062,809.1207168957402,786.1383106757958,787.235061180616,3619723
2025-05-05,799.4491577148438,819.24099520417,793.3172256643368,807.5254455082838,4304551
2025-05-06,751.04150390625,811.812813340134,745.8068966769001,802.6397751669848,13918040
2025-05-07,763.4051513671875,768.2409069059446,724.5693399435311,747.8010125625677,8544243
2025-05-08,747.801025390625,773.7247942708333,736.3845842317542,760.8127510611812,3896699
2025-05-09,716.6426391601562,732.7951532505543,696.9505457710598,724.8684503226903,13614894
2025-05-12,766.8948974609375,776.7159931863454,745.8567255733623,759.7658367239989,11194626
2025-05-13,758.8684692382812,771.9799384508024,757.4726104806688,765.997530145081,4799356
2025-05-14,767.9418334960938,775.3201006409062,758.8684776184963,760.7629312787103,3191820
2025-05-15,762.1089477539062,771.7306788808851,754.930106402769,770.7336108203154,3859883
2025-05-16,764.1030883789062,768.5400534458349,755.8772768307215,762.1588543342995,3423355
2025-05-19,769.6867065429688,779.4579614289762,762.7570713056178,767.7424116409487,3132809
2025-05-20,750.54296875,776.5165790775138,748.2995656550979,772.927158468152,4575471
2025-05-21,770.8333129882812,772.378817206635,742.31719006953,747.8010645428442,6013853
2025-05-22,767.293701171875,774.3230187115938,762.8068949733901,768.739462007072,3611197
2025-05-23,768.1911010742188,773.6749754190386,764.900788638568,770.7336124628488,2067257
2025-05-26,772.5283203125,779.1090060187793,764.9007861712143,768.7394738577236,2505649
2025-05-27,768.789306640625,771.7306695550019,759.2673189484934,771.7306695550019,1715621
2025-05-28,758.9682006835938,770.5840067817595,756.4256893646788,766.7453191881234,1808244
2025-05-29,760.1148071289062,762.5077948025763,756.8244947197634,758.9682153797679,1292428
2025-05-30,767.5928344726562,773.4257192348289,756.8245114159913,762.6573961781639,7244574
2025-06-02,781.302490234375,785.1910799250567,763.2057418583958,769.7365253360555,3050204
2025-06-03,758.7189331054688,789.1295081609835,756.824479497234,787.6837473395626,8544663
2025-06-04,768.4901733398438,770.9330021503091,758.4198107206219,760.762896215765,2807346
2025-06-05,769.4872436523438,776.0180270054607,766.7453066001326,766.7453066001326,1732249
2025-06-06,774.572265625,776.7159862066906,766.7453060243197,772.7277141337422,1744097
2025-06-09,777.762939453125,780.3553529609172,768.938911335027,777.4139899694827,2352874
2025-06-10,777.3641357421875,783.5958111045272,774.7717222777314,780.7042893939198,1695123
2025-06-11,763.5546875,781.3024863161556,757.1235865159107,776.7159977068378,3087516
2025-06-12,742.6162719726562,767.7423990209462,739.8743348332957,767.3435474581939,5153734
2025-06-13,732.99462890625,741.3201230948256,724.8186584170833,735.8362486132902,2437398
2025-06-16,752.6867065429688,754.53125812057,732.9447101727885,739.824504163149,3361335
2025-06-17,754.4315795898438,764.5517839877185,749.7951887213585,754.7805290718994,3519248
2025-06-18,761.06201171875,766.994578641917,748.3493943931934,753.8332685336296,1782302
2025-06-19,745.1089477539062,760.6133438883471,741.8186353329446,759.7658603813223,2263163
2025-06-20,763.4051513671875,765.7482368640693,739.8743096581641,745.1089167461021,4337475
2025-06-23,757.8713989257812,762.7570567033563,753.8332855027102,755.7775803675086,1881126
2025-06-24,761.8596801757812,773.6251319667724,758.8186347645321,762.6573833086113,1873914
2025-06-25,779.6075439453125,784.5928842676225,768.7394777001947,778.5605737926633,4846877
2025-06-26,780.6544189453125,782.9975044513775,768.5400181518386,781.6016457361779,3298383
2025-06-27,765.1500244140625,780.6544199846946,762.0092358023276,774.7218530826411,11586684
2025-06-30,760.2999877929688,769.8499755859375,754.9000244140625,768.9000244140625,4840438
2025-07-01,762.0499877929688,764.4000244140625,752.0,759.0,3663817
2025-07-02,756.0,765.6500244140625,752.4000244140625,756.9000244140625,3926796
2025-07-03,748.25,757.4000244140625,745.25,755.0499877929688,3314364
2025-07-04,747.5499877929688,753.0,742.0499877929688,748.25,2437653
2025-07-07,737.1500244140625,748.7000122070312,735.5499877929688,747.5499877929688,3012196
2025-07-08,739.2999877929688,743.8499755859375,737.2000122070312,737.9000244140625,2730314
2025-07-09,750.1500244140625,753.9000244140625,737.3499755859375,739.0,3335023
2025-07-10,743.3499755859375,750.9500122070312,739.6500244140625,750.1500244140625,1841758
2025-07-11,735.2000122070312,745.9500122070312,734.0,741.0,1464641
2025-07-14,729.1500244140625,741.5,724.75,735.0,2476312
2025-07-15,744.0499877929688,746.9500122070312,727.5,727.5,3597983
2025-07-16,751.2000122070312,753.0,736.2000122070312,744.0499877929688,2931470
2025-07-17,753.9500122070312,760.8499755859375,749.9000244140625,753.5,2596528
2025-07-18,766.2000122070312,769.2000122070312,751.2000122070312,761.0,8263373
2025-07-21,771.7000122070312,776.5,764.75,766.2000122070312,3112101
2025-07-22,756.2999877929688,777.4000244140625,755.0999755859375,777.0,2667397
2025-07-23,754.4000244140625,758.2000122070312,746.2999877929688,756.5999755859375,2528008
2025-07-24,754.0,758.0,750.5999755859375,754.4000244140625,1333762
2025-07-25,746.1500244140625,752.7999877929688,739.3499755859375,750.5499877929688,2755973
2025-07-28,744.7999877929688,754.25,740.0999755859375,743.0,2368005
2025-07-29,748.2000122070312,751.0,740.5499877929688,744.7999877929688,2019113
2025-07-30,744.9000244140625,755.5,744.0,751.2000122070312,1798426
2025-07-31,740.75,745.5499877929688,736.0999755859375,738.0499877929688,2395448
2025-08-01,741.1500244140625,750.1500244140625,738.2999877929688,741.5,2426975
2025-08-04,748.7999877929688,752.7000122070312,735.1500244140625,742.2999877929688,2240074
2025-08-05,751.0499877929688,752.5,741.5499877929688,749.7999877929688,1553257
2025-08-06,746.5999755859375,755.4500122070312,739.5,751.0499877929688,2431229
2025-08-07,742.2999877929688,746.4000244140625,734.0,741.0,2317202
2025-08-08,735.75,746.4500122070312,732.7999877929688,742.25,1778482
2025-08-11,746.75,748.4500122070312,735.0999755859375,736.0,1346920
2025-08-12,747.4500122070312,758.9000244140625,745.5999755859375,751.0,1747197
2025-08-13,769.7999877929688,771.2999877929688,750.0,751.0999755859375,2637612
2025-08-14,774.3499755859375,776.9000244140625,763.2000122070312,769.0,2975752
2025-08-18,775.5,785.2000122070312,773.1500244140625,780.0,2310844
2025-08-19,775.1500244140625,777.9500122070312,766.0499877929688,773.2000122070312,2697307
2025-08-20,806.7999877929688,811.5,775.5,775.6500244140625,9310646
2025-08-21,795.6500244140625,811.9500122070312,791.2000122070312,810.0,3074385
2025-08-22,788.8499755859375,800.6500244140625,787.5499877929688,798.3499755859375,1780524
2025-08-25,785.5499877929688,795.6500244140625,784.25,791.0,1374337
2025-08-26,769.0499877929688,788.0999755859375,765.0999755859375,785.0,2691124
2025-08-28,765.1500244140625,781.2000122070312,763.5,781.2000122070312,1693942
2025-08-29,758.4500122070312,776.7000122070312,757.0,766.8499755859375,3485485
2025-09-01,759.8499755859375,765.4000244140625,755.5,759.0,1589703
2025-09-02,765.5999755859375,768.7999877929688,756.0,762.0999755859375,1347348
2025-09-03,773.9500122070312,781.9000244140625,764.0499877929688,766.0,2118837
2025-09-04,774.75,789.75,772.5,778.0,1973939
2025-09-05,774.75,780.0,769.0999755859375,775.7999877929688,1379717
2025-09-08,777.7000122070312,785.7999877929688,773.7000122070312,777.0,1364801
2025-09-09,775.5,781.0,766.1500244140625,781.0,1874136
2025-09-10,775.5,781.5499877929688,771.9500122070312,775.5,1174805
2025-09-11,773.9500122070312,778.4000244140625,770.4000244140625,774.0,1689123
2025-09-12,777.7000122070312,782.4000244140625,773.0499877929688,775.0,1039360
2025-09-15,790.8499755859375,792.5499877929688,778.5,778.5,2096095
2025-09-16,778.6500244140625,790.0999755859375,775.0,788.0,2182787
2025-09-17,780.25,787.9000244140625,778.0,782.9000244140625,1788721
2025-09-18,782.0499877929688,791.4500122070312,772.2000122070312,782.0,4723510
2025-09-19,775.5499877929688,781.0999755859375,764.0,774.2000122070312,5541735
2025-09-22,769.4000244140625,776.9500122070312,768.2999877929688,775.5499877929688,1576519
2025-09-23,752.0,772.3499755859375,746.0499877929688,772.3499755859375,4312730
2025-09-24,746.0,756.7000122070312,744.5,752.0,2452434
2025-09-25,732.1500244140625,749.7000122070312,730.0999755859375,746.8499755859375,3330705
2025-09-26,709.7999877929688,734.9500122070312,708.0999755859375,733.0,4121924
2025-09-29,724.2999877929688,727.0,710.5499877929688,711.0999755859375,4836722
2025-09-30,720.2999877929688,727.4500122070312,718.9000244140625,725.0,3742770
2025-10-01,723.25,724.5,711.0,718.6500244140625,1845296
2025-10-03,724.4500122070312,727.2999877929688,720.2000122070312,725.0499877929688,1911564
2025-10-06,723.5499877929688,728.3499755859375,718.5,728.0499877929688,2782042
2025-10-07,733.25,735.25,721.0,725.0,3016892
2025-10-08,730.0,735.7999877929688,728.0499877929688,730.0999755859375,2734309
2025-10-09,732.1500244140625,735.0,728.0,733.0,1123403
2025-10-10,735.5499877929688,739.7999877929688,731.0499877929688,732.0499877929688,1505485
2025-10-13,726.0499877929688,736.3499755859375,722.0,733.0,1692185
2025-10-14,721.1500244140625,736.6500244140625,719.1500244140625,729.0,2288523
2025-10-15,727.75,730.75,719.6500244140625,721.75,2906645
2025-10-16,738.0499877929688,740.9500122070312,729.0,730.0,2887514
2025-10-17,735.4000244140625,743.2999877929688,734.2999877929688,739.0499877929688,1915423
2025-10-20,743.0,744.5,736.2000122070312,736.2000122070312,1820844
2025-10-21,744.25,748.0,741.0,746.0499877929688,249034
2025-10-23,737.5499877929688,748.9000244140625,736.2000122070312,747.5,2623071
2025-10-24,735.9000244140625,741.5,731.3499755859375,734.7000122070312,1708596
2025-10-27,746.5499877929688,748.0,734.8499755859375,736.25,1602382
2025-10-28,741.75,747.75,739.2000122070312,746.5499877929688,1569323
2025-10-29,746.75,749.7000122070312,737.4500122070312,741.0,3288567
2025-10-30,749.6500244140625,752.25,742.5999755859375,746.75,913961
2025-10-31,741.7999877929688,753.9500122070312,739.6500244140625,749.6500244140625,2279088
2025-11-03,747.1500244140625,749.9500122070312,739.0999755859375,741.7999877929688,1600989
2025-11-04,743.2000122070312,746.75,738.0,744.6500244140625,2564263
2025-11-06,697.0,738.2999877929688,694.0499877929688,715.0,12158028
2025-11-07,691.2999877929688,698.75,672.5999755859375,697.0,5546394
2025-11-10,703.7999877929688,707.5,690.3499755859375,691.2999877929688,2938488
2025-11-11,697.75,703.7999877929688,692.6500244140625,703.7999877929688,3758087
2025-11-12,706.9500122070312,708.3499755859375,698.6500244140625,700.0,4614524
2025-11-13,717.7000122070312,720.3499755859375,705.0,706.9500122070312,4914713
2025-11-14,720.7999877929688,724.0,712.0,712.0,3854104
2025-11-17,722.2999877929688,725.0,716.8499755859375,725.0,3247761
2025-11-18,712.75,725.0,710.5999755859375,725.0,3166341
2025-11-19,719.5499877929688,723.3499755859375,708.0499877929688,708.0499877929688,2796978
2025-11-20,733.3499755859375,741.0,719.0999755859375,722.4000244140625,4075549
2025-11-21,733.2000122070312,739.25,729.0,732.0,2739967
2025-11-24,721.1500244140625,738.0,716.7000122070312,738.0,6950166
2025-11-25,726.5,728.1500244140625,717.9500122070312,720.0,3835430
2025-11-26,731.4000244140625,735.5,724.0499877929688,728.1500244140625,1350259
2025-11-27,735.0,740.0,727.4000244140625,731.0,1862591
2025-11-28,744.2999877929688,748.75,734.2000122070312,738.0,3897542
2025-12-01,749.0499877929688,752.4500122070312,744.4000244140625,750.0,2237313
2025-12-02,742.5,754.0,740.2999877929688,749.0,2514236
2025-12-03,734.5999755859375,746.1500244140625,730.8499755859375,740.0,1513825
2025-12-04,729.5499877929688,738.2000122070312,728.5499877929688,734.0,1536712
2025-12-05,730.9000244140625,740.75,725.5499877929688,725.5499877929688,2253909
2025-12-08,718.0999755859375,735.9500122070312,714.25,726.0,2518371
2025-12-09,727.75,729.7999877929688,707.7999877929688,719.4000244140625,3074691
2025-12-10,718.5999755859375,732.9000244140625,717.0999755859375,728.4000244140625,1758455
2025-12-11,729.0,732.0,716.0999755859375,719.9500122070312,1695971
2025-12-12,735.0499877929688,740.9500122070312,727.3499755859375,730.0,2784620
2025-12-15,731.1500244140625,738.2999877929688,727.9500122070312,735.0,2997677
2025-12-16,725.25,731.9000244140625,723.5,727.0999755859375,2129633
2025-12-17,713.2000122070312,728.9500122070312,710.2999877929688,721.5499877929688,2576640
2025-12-18,722.0,723.5,712.0,713.0,2445790
2025-12-19,731.2000122070312,733.0,721.5499877929688,723.9500122070312,2770317
2025-12-22,740.1500244140625,741.5499877929688,728.0,735.0,1140608
2025-12-23,738.2999877929688,743.8499755859375,734.0,743.7000122070312,1609752
2025-12-24,740.0999755859375,741.0499877929688,734.4500122070312,738.4000244140625,1613745
2025-12-26,739.5999755859375,744.5,736.4500122070312,740.0999755859375,1596208
2025-12-29,742.1500244140625,743.0499877929688,737.5499877929688,740.0,3172912
2025-12-30,729.5499877929688,743.5,725.0999755859375,743.5,6502946
2025-12-31,738.8499755859375,740.9500122070312,731.7000122070312,733.0,2264023
2026-01-01,738.5999755859375,742.7000122070312,731.4000244140625,741.9500122070312,1108196
2026-01-02,748.6500244140625,751.2999877929688,735.5499877929688,736.4000244140625,1660155
2026-01-05,744.2000122070312,748.0,735.5,748.0,1693043
2026-01-06,726.4000244140625,746.0,720.2999877929688,746.0,2525206
2026-01-07,715.3499755859375,721.0499877929688,703.2999877929688,720.0,3998970
2026-01-08,704.3499755859375,713.5499877929688,701.0,712.0,3026071
2026-01-09,693.0999755859375,704.7000122070312,690.5,699.2000122070312,2597123
2026-01-12,690.0999755859375,692.5499877929688,681.2999877929688,692.0,1750234
2026-01-13,678.1500244140625,694.2000122070312,675.25,693.0,3034666
2026-01-14,689.4500122070312,692.5,675.0999755859375,679.0499877929688,3808208
2026-01-15,689.4500122070312,689.4500122070312,689.4500122070312,689.4500122070312,0
2026-01-16,684.4500122070312,696.0,682.4500122070312,694.7000122070312,3581617
2026-01-19,668.3499755859375,687.2000122070312,665.7999877929688,682.9500122070312,3112471
2026-01-20,645.5,670.4500122070312,641.3499755859375,670.0,3777196
2026-01-21,653.5999755859375,662.4500122070312,637.5499877929688,645.0,5962526
2026-01-22,656.5499877929688,664.6500244140625,648.4500122070312,660.0,5736453
2026-01-23,645.7999877929688,657.4500122070312,640.5499877929688,654.0,4263487
2026-01-27,651.3499755859375,654.0999755859375,633.8499755859375,640.7000122070312,5027334
2026-01-28,656.2000122070312,659.4000244140625,648.0,651.4000244140625,3678915
2026-01-29,664.5999755859375,665.7999877929688,648.5499877929688,656.0,3053868
2026-01-30,674.1500244140625,678.5,661.5,667.9000244140625,3713962
2026-02-02,663.9000244140625,667.2999877929688,646.7000122070312,664.0,1970748
2026-02-03,681.5,693.9000244140625,678.25,680.0,1625286
2026-02-04,686.1500244140625,687.5999755859375,671.0999755859375,684.9000244140625,878517
2026-02-05,689.1500244140625,693.4500122070312,681.8499755859375,689.4000244140625,1307331
2026-02-06,683.2000122070312,688.9500122070312,675.2999877929688,687.5499877929688,916019
2026-02-09,695.0,698.7999877929688,682.9500122070312,684.3499755859375,1133059
2026-02-10,702.5499877929688,706.9000244140625,693.0,700.0,1303615
2026-02-11,707.5499877929688,708.5999755859375,698.5,703.4500122070312,1356773
2026-02-12,712.0,713.9000244140625,696.2000122070312,707.0,3425160
2026-02-13,699.9000244140625,707.0,683.4000244140625,707.0,3861052
2026-02-16,691.0,703.4500122070312,685.4500122070312,699.9000244140625,1206215
2026-02-17,687.75,699.0,685.7000122070312,691.0,1325438
2026-02-18,695.0999755859375,696.9000244140625,682.2999877929688,683.0,1977779
2026-02-19,672.0999755859375,697.0,668.0999755859375,695.9500122070312,1302865
2026-02-20,674.9500122070312,680.5,665.0,671.0,1301586
2026-02-23,675.0999755859375,683.0999755859375,672.0999755859375,681.0499877929688,3799324
2026-02-24,676.1500244140625,679.0999755859375,668.2999877929688,669.0999755859375,2532825
2026-02-25,676.7000122070312,682.9000244140625,671.25,678.0,1463623
2026-02-26,680.9500122070312,682.0499877929688,672.9500122070312,676.7000122070312,1540627
2026-02-27,667.0499877929688,685.0,665.25,685.0,4968047
2026-03-02,651.0,662.0999755859375,640.25,645.2999877929688,1894582
2026-03-04,633.75,643.0499877929688,630.0,640.0,3210626
2026-03-05,629.7000122070312,641.8499755859375,614.0999755859375,638.0,4257521
2026-03-06,623.8499755859375,629.75,618.7999877929688,624.6500244140625,3777555
2026-03-09,611.7000122070312,613.9500122070312,597.0,610.0999755859375,3679712
2026-03-10,629.4000244140625,631.4000244140625,612.25,612.25,2881261
2026-03-11,624.0499877929688,632.0,620.3499755859375,630.0,2374852
2026-03-12,624.9500122070312,631.9000244140625,603.75,617.0,4723816
2026-03-13,609.8499755859375,624.9500122070312,607.0499877929688,617.2000122070312,2889105
2026-03-16,613.3499755859375,617.2000122070312,595.0,610.0,3356823
2026-03-17,622.0499877929688,624.9500122070312,608.0,615.0,2270604
2026-03-18,636.9500122070312,641.9000244140625,621.7000122070312,624.8499755859375,2400000
2026-03-19,613.6500244140625,629.3499755859375,611.5499877929688,629.3499755859375,1029632
2026-03-20,615.5499877929688,630.4000244140625,614.0499877929688,616.7000122070312,1743429
2026-03-23,582.4500122070312,611.0,580.8499755859375,610.5499877929688,3495215
2026-03-24,604.0499877929688,607.5,588.0,599.9000244140625,2990050
2026-03-25,617.2999877929688,625.9500122070312,609.7000122070312,611.7000122070312,2887317
2026-03-27,590.9000244140625,615.0,588.9000244140625,611.0,7459494
2026-03-30,570.9500122070312,587.7999877929688,569.0,582.1500244140625,5494383
2026-04-01,585.2000122070312,597.0,581.0,597.0,5310511
2026-04-02,582.75,584.9000244140625,565.0,578.0,3849686
2026-04-06,595.4000244140625,597.7999877929688,577.7999877929688,584.0,3018104
2026-04-07,600.4000244140625,602.4000244140625,577.6500244140625,591.2000122070312,2169845
2026-04-08,636.3499755859375,643.5,621.5,621.5,3317869
2026-04-09,629.0999755859375,635.0,619.0999755859375,635.0,2021831
2026-04-10,641.5,644.0,633.3499755859375,633.3499755859375,1898558
2026-04-13,634.9500122070312,640.0,618.0,620.0499877929688,2083643
2026-04-15,646.4000244140625,653.4000244140625,638.9000244140625,641.0499877929688,3031172
2026-04-16,652.75,662.9500122070312,644.2999877929688,651.25,3134706
2026-04-17,659.2999877929688,661.4500122070312,647.9000244140625,654.0,2644531
