,Unnamed: 0,Date,Ticker,Returns,Equity,Total_Return
1,1,2016-04-20,GUJGASLTD.NS,-0.0131927849447068,0.9868072150552932,2.527104224239722
2,2,2016-04-21,GUJGASLTD.NS,-0.0080213314893144,0.9788917072672874,2.527104224239722
3,3,2016-04-22,GUJGASLTD.NS,-0.0076215620815276,0.9714310233492572,2.527104224239722
4,4,2016-04-25,GUJGASLTD.NS,-0.0102087727001914,0.9615139048379702,2.527104224239722
5,5,2016-04-26,GUJGASLTD.NS,-0.0080431113545683,0.9537803414323924,2.527104224239722
6,6,2016-04-27,GUJGASLTD.NS,0.0205093676787671,0.9733417731396096,2.527104224239722
7,7,2016-04-28,GUJGASLTD.NS,0.0005608588211662,0.9738876804590844,2.527104224239722
8,8,2016-04-29,GUJGASLTD.NS,0.0011210888697505,0.9749794950980344,2.527104224239722
9,9,2016-05-02,GUJGASLTD.NS,0.002333087761164,0.9772542078254336,2.527104224239722
10,10,2016-05-03,GUJGASLTD.NS,0.0026997118890546,0.9798925126289284,2.527104224239722
11,11,2016-05-04,GUJGASLTD.NS,0.0020428353537376,0.9818942716965896,2.527104224239722
12,12,2016-05-05,GUJGASLTD.NS,0.0008340359802563,0.982713206847992,2.527104224239722
13,13,2016-05-06,GUJGASLTD.NS,-0.0300897896374531,0.9531435731799892,2.527104224239722
14,14,2016-05-09,GUJGASLTD.NS,-0.0109776204149639,0.9426803248326568,2.527104224239722
15,15,2016-05-10,GUJGASLTD.NS,0.0029919704784271,0.9455007965351502,2.527104224239722
16,16,2016-05-11,GUJGASLTD.NS,0.0002886868638691,0.9457737501948876,2.527104224239722
17,17,2016-05-12,GUJGASLTD.NS,0.0071188613711679,0.9525065824110148,2.527104224239722
18,18,2016-05-13,GUJGASLTD.NS,-0.0067819778631221,0.9460467038546252,2.527104224239722
19,19,2016-05-16,GUJGASLTD.NS,0.0019234423981806,0.947866370195478,2.527104224239722
20,20,2016-05-17,GUJGASLTD.NS,-0.0055672980981932,0.9425893155553476,2.527104224239722
21,21,2016-05-18,GUJGASLTD.NS,0.002799390594504,0.9452279912197932,2.527104224239722
22,22,2016-05-19,GUJGASLTD.NS,-0.0191550364737144,0.9271221145720022,2.527104224239722
23,23,2016-05-20,GUJGASLTD.NS,-0.0156035492998488,0.9126557189502978,2.527104224239722
24,24,2016-05-23,GUJGASLTD.NS,-0.0129596733046969,0.9008279989930388,2.527104224239722
25,25,2016-05-24,GUJGASLTD.NS,0.019997874038161,0.91884264384695,2.527104224239722
26,26,2016-05-25,GUJGASLTD.NS,-0.0048518857048943,0.9143845243582218,2.527104224239722
27,27,2016-05-26,GUJGASLTD.NS,0.0149252968600721,0.928031984828524,2.527104224239722
28,28,2016-05-27,GUJGASLTD.NS,0.010196166692735,0.9374943536420256,2.527104224239722
29,29,2016-05-30,GUJGASLTD.NS,-0.0001942334117542,0.9373122609152172,2.527104224239722
30,30,2016-05-31,GUJGASLTD.NS,0.0119394060778932,0.9485032126200722,2.527104224239722
31,31,2016-06-01,GUJGASLTD.NS,-0.0080574107229084,0.9408607326639942,2.527104224239722
32,32,2016-06-02,GUJGASLTD.NS,-0.0063823540865939,0.9348558263219604,2.527104224239722
33,33,2016-06-03,GUJGASLTD.NS,0.0275425962794408,0.9606041829258292,2.527104224239722
34,34,2016-06-06,GUJGASLTD.NS,0.0189428586297804,0.978800772162169,2.527104224239722
35,35,2016-06-07,GUJGASLTD.NS,-0.0253763716596681,0.9539623599870116,2.527104224239722
36,36,2016-06-08,GUJGASLTD.NS,-0.0080114568677137,0.9463197316865531,2.527104224239722
37,37,2016-06-09,GUJGASLTD.NS,-0.0062495213943862,0.9404056862774482,2.527104224239722
38,38,2016-06-10,GUJGASLTD.NS,0.0027090353154188,0.9429532784923946,2.527104224239722
39,39,2016-06-13,GUJGASLTD.NS,-0.0139906851474433,0.929760716064258,2.527104224239722
40,40,2016-06-14,GUJGASLTD.NS,0.0119385734500843,0.9408607326639942,2.527104224239722
41,41,2016-06-15,GUJGASLTD.NS,0.0004833336985994,0.9413154823617796,2.527104224239722
42,42,2016-06-16,GUJGASLTD.NS,-0.0034795664217072,0.9380401126171204,2.527104224239722
43,43,2016-06-17,GUJGASLTD.NS,0.0037827780804458,0.9415885101937076,2.527104224239722
44,44,2016-06-20,GUJGASLTD.NS,0.0042517190339534,0.94559187998465,2.527104224239722
45,45,2016-06-21,GUJGASLTD.NS,0.0011545577853073,0.9466836204514096,2.527104224239722
46,46,2016-06-22,GUJGASLTD.NS,0.0025948571543632,0.9491401292168566,2.527104224239722
47,47,2016-06-23,GUJGASLTD.NS,0.0049847449783309,0.9538713507097027,2.527104224239722
48,48,2016-06-24,GUJGASLTD.NS,-0.0123999347134486,0.9420434082358732,2.527104224239722
49,49,2016-06-27,GUJGASLTD.NS,0.0129419783677562,0.9542353136467492,2.527104224239722
50,50,2016-06-28,GUJGASLTD.NS,0.0619755593722444,1.0133745809827557,2.527104224239722
51,51,2016-06-29,GUJGASLTD.NS,-0.0072724092147388,1.0060049063420349,2.527104224239722
52,52,2016-06-30,GUJGASLTD.NS,0.008682232772579,1.0147392751092528,2.527104224239722
53,53,2016-07-01,GUJGASLTD.NS,-0.0173049075354112,0.9971793057809368,2.527104224239722
54,54,2016-07-04,GUJGASLTD.NS,0.0017337700151729,0.9989081853610507,2.527104224239722
55,55,2016-07-05,GUJGASLTD.NS,-0.0234994492635637,0.9754343931402004,2.527104224239722
56,56,2016-07-07,GUJGASLTD.NS,0.0144576682512169,0.9895368999970484,2.527104224239722
57,57,2016-07-08,GUJGASLTD.NS,0.0325486465597941,1.021744986812927,2.527104224239722
58,58,2016-07-11,GUJGASLTD.NS,-0.0027605910313022,1.0189243667660532,2.527104224239722
59,59,2016-07-12,GUJGASLTD.NS,0.0004465948615892,1.019379413152599,2.527104224239722
60,60,2016-07-13,GUJGASLTD.NS,-0.0016958663412551,1.0176506819168651,2.527104224239722
61,61,2016-07-14,GUJGASLTD.NS,-0.0025926903944143,1.01501222876899,2.527104224239722
62,62,2016-07-15,GUJGASLTD.NS,-0.0120114386023527,1.002820471702494,2.527104224239722
63,63,2016-07-18,GUJGASLTD.NS,-0.0001815066203317,1.0026384531478758,2.527104224239722
64,64,2016-07-19,GUJGASLTD.NS,-0.0005444707588871,1.002092545828401,2.527104224239722
65,65,2016-07-20,GUJGASLTD.NS,0.0047213418686142,1.0068237673212468,2.527104224239722
66,66,2016-07-21,GUJGASLTD.NS,0.0085848526252969,1.015467200983346,2.527104224239722
67,67,2016-07-22,GUJGASLTD.NS,0.0043902881910917,1.019925394644264,2.527104224239722
68,68,2016-07-25,GUJGASLTD.NS,-0.0101696056637954,1.009553155574241,2.527104224239722
69,69,2016-07-26,GUJGASLTD.NS,-0.005947936435539,1.0035483975765875,2.527104224239722
70,70,2016-07-27,GUJGASLTD.NS,0.0059835260682534,1.009553155574241,2.527104224239722
71,71,2016-07-28,GUJGASLTD.NS,0.0355082775699751,1.045400649244015,2.527104224239722
72,72,2016-07-29,GUJGASLTD.NS,0.0301132235579923,1.0768810327023708,2.527104224239722
73,73,2016-08-01,GUJGASLTD.NS,-0.0100541627007941,1.066053895590182,2.527104224239722
74,74,2016-08-02,GUJGASLTD.NS,0.0774942616865737,1.1486669551470388,2.527104224239722
75,75,2016-08-03,GUJGASLTD.NS,-0.0340594263736053,1.1095440175604148,2.527104224239722
76,76,2016-08-04,GUJGASLTD.NS,0.0020500660804878,1.1118186561156236,2.527104224239722
77,77,2016-08-05,GUJGASLTD.NS,0.022094909590234,1.1363841888032338,2.527104224239722
78,78,2016-08-08,GUJGASLTD.NS,0.0108889214225307,1.1487581869409185,2.527104224239722
79,79,2016-08-09,GUJGASLTD.NS,-0.012989193180843,1.1338367449326678,2.527104224239722
80,80,2016-08-10,GUJGASLTD.NS,-0.0102713182858548,1.1221907468412669,2.527104224239722
81,81,2016-08-11,GUJGASLTD.NS,0.009810413869296,1.133199902508074,2.527104224239722
82,82,2016-08-12,GUJGASLTD.NS,-0.0068247322515923,1.125466116585926,2.527104224239722
83,83,2016-08-16,GUJGASLTD.NS,0.0047697020910004,1.130834254675556,2.527104224239722
84,84,2016-08-17,GUJGASLTD.NS,0.0309759211358626,1.165862887366118,2.527104224239722
85,85,2016-08-18,GUJGASLTD.NS,0.0206023808255952,1.189882438562063,2.527104224239722
86,86,2016-08-19,GUJGASLTD.NS,0.0360146548807256,1.232735643935512,2.527104224239722
87,87,2016-08-22,GUJGASLTD.NS,-0.0254630032147573,1.201346492271036,2.527104224239722
88,88,2016-08-23,GUJGASLTD.NS,0.0002272064400183,1.2016194459307734,2.527104224239722
89,89,2016-08-24,GUJGASLTD.NS,-0.0112062020181719,1.1881538556707094,2.527104224239722
90,90,2016-08-25,GUJGASLTD.NS,-0.0153917329567605,1.1698661088126805,2.527104224239722
91,91,2016-08-26,GUJGASLTD.NS,-0.0221651235289004,1.1439358819985734,2.527104224239722
92,92,2016-08-29,GUJGASLTD.NS,0.0105781696156301,1.1560366297877598,2.527104224239722
93,93,2016-08-30,GUJGASLTD.NS,-0.0080276661202307,1.1467563537010668,2.527104224239722
94,94,2016-08-31,GUJGASLTD.NS,0.0121390112706176,1.1606768420032965,2.527104224239722
95,95,2016-09-01,GUJGASLTD.NS,-0.0121501801141457,1.1465744093186383,2.527104224239722
96,96,2016-09-02,GUJGASLTD.NS,0.0177748764917493,1.1669546278328775,2.527104224239722
97,97,2016-09-06,GUJGASLTD.NS,-0.0056915862711409,1.1603128048940596,2.527104224239722
98,98,2016-09-07,GUJGASLTD.NS,-0.0160745336945654,1.1416613176155543,2.527104224239722
99,99,2016-09-08,GUJGASLTD.NS,0.0036659857952552,1.145846631788925,2.527104224239722
100,100,2016-09-09,GUJGASLTD.NS,-0.0013500368677358,1.144299696591239,2.527104224239722
101,101,2016-09-12,GUJGASLTD.NS,-0.0134370771987963,1.1289236532295837,2.527104224239722
102,102,2016-09-14,GUJGASLTD.NS,-0.0089458761973887,1.118824441991488,2.527104224239722
103,103,2016-09-15,GUJGASLTD.NS,-0.009595900332468,1.1080883141566085,2.527104224239722
104,104,2016-09-16,GUJGASLTD.NS,0.0454881600363707,1.1584932127253966,2.527104224239722
105,105,2016-09-19,GUJGASLTD.NS,-0.0292153707958974,1.1246474039510936,2.527104224239722
106,106,2016-09-20,GUJGASLTD.NS,0.0058247051176258,1.131198143440412,2.527104224239722
107,107,2016-09-21,GUJGASLTD.NS,0.0039570587426087,1.1356743609435358,2.527104224239722
108,108,2016-09-22,GUJGASLTD.NS,0.0046653708500565,1.1409727030022383,2.527104224239722
109,109,2016-09-23,GUJGASLTD.NS,-0.0274619840553929,1.1096393288247526,2.527104224239722
110,110,2016-09-26,GUJGASLTD.NS,-0.0030459920128688,1.1062593762919872,2.527104224239722
111,111,2016-09-27,GUJGASLTD.NS,0.0218827058804755,1.1304673248509032,2.527104224239722
112,112,2016-09-28,GUJGASLTD.NS,-0.022222118701111,1.105345945770339,2.527104224239722
113,113,2016-09-29,GUJGASLTD.NS,-0.0333883780438238,1.0684402374637507,2.527104224239722
114,114,2016-09-30,GUJGASLTD.NS,-0.0178694514484449,1.0493477965148272,2.527104224239722
115,115,2016-10-03,GUJGASLTD.NS,0.0067903374288635,1.0564732221333974,2.527104224239722
116,116,2016-10-04,GUJGASLTD.NS,0.0014698611761896,1.0580260911062953,2.527104224239722
117,117,2016-10-05,GUJGASLTD.NS,0.0023311786539661,1.0604925389452216,2.527104224239722
118,118,2016-10-06,GUJGASLTD.NS,0.0233440863366169,1.0852487683336969,2.527104224239722
119,119,2016-10-07,GUJGASLTD.NS,-0.0063973031295948,1.0783061029916468,2.527104224239722
120,120,2016-10-10,GUJGASLTD.NS,-0.0163504627498544,1.0606752992217412,2.527104224239722
121,121,2016-10-13,GUJGASLTD.NS,-0.0130910985355071,1.0467898943654508,2.527104224239722
122,122,2016-10-14,GUJGASLTD.NS,0.0016581910115303,1.0485256719592484,2.527104224239722
123,123,2016-10-17,GUJGASLTD.NS,0.0108031961807457,1.0598531004939724,2.527104224239722
124,124,2016-10-18,GUJGASLTD.NS,0.0200827344498493,1.0811378488670422,2.527104224239722
125,125,2016-10-19,GUJGASLTD.NS,-0.0027883403834808,1.0781232685429367,2.527104224239722
126,126,2016-10-20,GUJGASLTD.NS,-0.0082188938448316,1.0692622878471394,2.527104224239722
127,127,2016-10-21,GUJGASLTD.NS,-0.0064930182174657,1.0623195483328989,2.527104224239722
128,128,2016-10-24,GUJGASLTD.NS,-0.002149718101291,1.0600358607704925,2.527104224239722
129,129,2016-10-25,GUJGASLTD.NS,-0.0034472108491491,1.056381693650757,2.527104224239722
130,130,2016-10-26,GUJGASLTD.NS,0.0118473239692948,1.06889698981067,2.527104224239722
131,131,2016-10-27,GUJGASLTD.NS,-0.0176054840250389,1.050078540932146,2.527104224239722
132,132,2016-10-28,GUJGASLTD.NS,-0.0030447878932916,1.0468812745037104,2.527104224239722
133,133,2016-11-01,GUJGASLTD.NS,0.0034903850745513,1.0505352932790657,2.527104224239722
134,134,2016-11-02,GUJGASLTD.NS,-0.0298260326956694,1.0192019932737697,2.527104224239722
135,135,2016-11-03,GUJGASLTD.NS,-0.008604524873179,1.0104322443718516,2.527104224239722
136,136,2016-11-04,GUJGASLTD.NS,-0.0048821126302238,1.0054992003496184,2.527104224239722
137,137,2016-11-07,GUJGASLTD.NS,0.0111749658811342,1.0167356196070332,2.527104224239722
138,138,2016-11-08,GUJGASLTD.NS,-0.004223005135626,1.0124419398638589,2.527104224239722
139,139,2016-11-09,GUJGASLTD.NS,0.0071281181395947,1.019658745620689,2.527104224239722
140,140,2016-11-10,GUJGASLTD.NS,-0.0018814034932537,1.0177403560947516,2.527104224239722
141,141,2016-11-11,GUJGASLTD.NS,-0.0111301245069713,1.0064127792156476,2.527104224239722
142,142,2016-11-15,GUJGASLTD.NS,-0.040755125805168,0.9653962997867852,2.527104224239722
143,143,2016-11-16,GUJGASLTD.NS,-0.0075699102846503,0.9580883364082656,2.527104224239722
144,144,2016-11-17,GUJGASLTD.NS,-0.006769794697456,0.9516022750687544,2.527104224239722
145,145,2016-11-18,GUJGASLTD.NS,0.0099836807541788,0.9611027683879912,2.527104224239722
146,146,2016-11-21,GUJGASLTD.NS,0.015873080797214,0.97635843028504,2.527104224239722
147,147,2016-11-22,GUJGASLTD.NS,-0.0271331812905827,0.9498667199915272,2.527104224239722
148,148,2016-11-23,GUJGASLTD.NS,0.0120215632412892,0.9612856028367014,2.527104224239722
149,149,2016-11-24,GUJGASLTD.NS,0.0064620199597398,0.9674974495892428,2.527104224239722
150,150,2016-11-25,GUJGASLTD.NS,0.0035879502033817,0.9709687822602676,2.527104224239722
151,151,2016-11-28,GUJGASLTD.NS,-0.004233756398321,0.9668579369658034,2.527104224239722
152,152,2016-11-29,GUJGASLTD.NS,0.0185185384075077,0.9847627328061084,2.527104224239722
153,153,2016-11-30,GUJGASLTD.NS,0.0136363591856447,0.9981913111432896,2.527104224239722
154,154,2016-12-01,GUJGASLTD.NS,-0.0115309705770434,0.9866811965042358,2.527104224239722
155,155,2016-12-02,GUJGASLTD.NS,-0.0093511963397164,0.9774545469110184,2.527104224239722
156,156,2016-12-05,GUJGASLTD.NS,0.0051402390056716,0.9824788968993214,2.527104224239722
157,157,2016-12-06,GUJGASLTD.NS,0.0008368614637563,0.9833010956270904,2.527104224239722
158,158,2016-12-07,GUJGASLTD.NS,-0.0037161485569326,0.9796470026795454,2.527104224239722
159,159,2016-12-08,GUJGASLTD.NS,0.0129616421885954,0.9923448365994076,2.527104224239722
160,160,2016-12-09,GUJGASLTD.NS,0.018135002385093,1.0103410125779726,2.527104224239722
161,161,2016-12-12,GUJGASLTD.NS,-0.0032550601212297,1.0070522918390872,2.527104224239722
162,162,2016-12-13,GUJGASLTD.NS,-0.0118830641496472,0.995085424853114,2.527104224239722
163,163,2016-12-14,GUJGASLTD.NS,0.0051408468603968,1.0002010066352969,2.527104224239722
164,164,2016-12-15,GUJGASLTD.NS,-0.0089505617117636,0.9912486458012396,2.527104224239722
165,165,2016-12-16,GUJGASLTD.NS,0.019168664236534,1.0102495582675226,2.527104224239722
166,166,2016-12-19,GUJGASLTD.NS,-0.0090424400939537,1.0011144371569454,2.527104224239722
167,167,2016-12-20,GUJGASLTD.NS,-0.014234839059189,0.9868637342641856,2.527104224239722
168,168,2016-12-21,GUJGASLTD.NS,-0.0012959753512898,0.9855847831894974,2.527104224239722
169,169,2016-12-22,GUJGASLTD.NS,-0.0240058658344642,0.9619249671157608,2.527104224239722
170,170,2016-12-23,GUJGASLTD.NS,-0.0184235113648448,0.9442029315519754,2.527104224239722
171,171,2016-12-26,GUJGASLTD.NS,-0.0121903760585921,0.9326927427407316,2.527104224239722
172,172,2016-12-27,GUJGASLTD.NS,0.0148874374378515,0.9465781475970224,2.527104224239722
173,173,2016-12-28,GUJGASLTD.NS,-0.0003860710093268,0.946212701216173,2.527104224239722
174,174,2016-12-29,GUJGASLTD.NS,0.0032824398638737,0.9493185875063486,2.527104224239722
175,175,2016-12-30,GUJGASLTD.NS,0.006639738201438,0.9556218143971495,2.527104224239722
176,176,2017-01-02,GUJGASLTD.NS,0.0130963396052523,0.9681369622126822,2.527104224239722
177,177,2017-01-03,GUJGASLTD.NS,0.0089638354468395,0.9768151826319598,2.527104224239722
178,178,2017-01-04,GUJGASLTD.NS,0.0013093071211713,0.978094133706648,2.527104224239722
179,179,2017-01-05,GUJGASLTD.NS,0.0019613546997436,0.9800125232325854,2.527104224239722
180,180,2017-01-06,GUJGASLTD.NS,-0.0175242426434992,0.9628385459817896,2.527104224239722
181,181,2017-01-09,GUJGASLTD.NS,0.0432636583297936,1.0044944638619009,2.527104224239722
182,182,2017-01-10,GUJGASLTD.NS,-0.0065478639952915,0.99791717072851,2.527104224239722
183,183,2017-01-11,GUJGASLTD.NS,-0.011442567415147,0.9864984362277162,2.527104224239722
184,184,2017-01-12,GUJGASLTD.NS,0.0024074985233206,0.9888734297561924,2.527104224239722
185,185,2017-01-13,GUJGASLTD.NS,-0.013764340167049,0.9752622394868716,2.527104224239722
186,186,2017-01-16,GUJGASLTD.NS,-0.0012177700115236,0.9740745943782532,2.527104224239722
187,187,2017-01-17,GUJGASLTD.NS,-0.0067521982679454,0.9674974495892428,2.527104224239722
188,188,2017-01-18,GUJGASLTD.NS,0.017561950999767,0.9844885923913286,2.527104224239722
189,189,2017-01-19,GUJGASLTD.NS,0.0021342551033056,0.986589742193786,2.527104224239722
190,190,2017-01-20,GUJGASLTD.NS,-0.0145371786894001,0.9722475108183856,2.527104224239722
191,191,2017-01-23,GUJGASLTD.NS,0.0162549085560788,0.9880513052006138,2.527104224239722
192,192,2017-01-24,GUJGASLTD.NS,0.0218196045836631,1.0096101939884634,2.527104224239722
193,193,2017-01-25,GUJGASLTD.NS,0.0040717153203697,1.0137210392829277,2.527104224239722
194,194,2017-01-27,GUJGASLTD.NS,0.0470397188700393,1.0614061919834408,2.527104224239722
195,195,2017-01-30,GUJGASLTD.NS,-0.0024959418321236,1.0587569838679942,2.527104224239722
196,196,2017-01-31,GUJGASLTD.NS,-0.0150128426504897,1.0428620318640769,2.527104224239722
197,197,2017-02-01,GUJGASLTD.NS,0.0339873061292825,1.078306102991647,2.527104224239722
198,198,2017-02-02,GUJGASLTD.NS,-0.0059303023357745,1.0719114217903958,2.527104224239722
199,199,2017-02-03,GUJGASLTD.NS,0.0094597424157858,1.0820514277330715,2.527104224239722
200,200,2017-02-06,GUJGASLTD.NS,0.0314056312387449,1.116033935853814,2.527104224239722
201,201,2017-02-07,GUJGASLTD.NS,0.0126054329610125,1.1301020268144344,2.527104224239722
202,202,2017-02-08,GUJGASLTD.NS,-0.0059008823462233,1.1234334277149738,2.527104224239722
203,203,2017-02-09,GUJGASLTD.NS,0.0028459776516873,1.1266306941434092,2.527104224239722
204,204,2017-02-10,GUJGASLTD.NS,0.0019459629563916,1.128823075739746,2.527104224239722
205,205,2017-02-13,GUJGASLTD.NS,-0.0009711574771273,1.1277268107693874,2.527104224239722
206,206,2017-02-14,GUJGASLTD.NS,-0.0034020923071579,1.1238901800618932,2.527104224239722
207,207,2017-02-15,GUJGASLTD.NS,0.003007303044848,1.1272700584224682,2.527104224239722
208,208,2017-02-16,GUJGASLTD.NS,0.0002431238553191,1.1275441246650575,2.527104224239722
209,209,2017-02-17,GUJGASLTD.NS,0.0,1.1275441246650575,2.527104224239722
210,210,2017-02-20,GUJGASLTD.NS,0.0032408196183193,1.131198291784793,2.527104224239722
211,211,2017-02-21,GUJGASLTD.NS,0.0049259798192586,1.1367705517417046,2.527104224239722
212,212,2017-02-22,GUJGASLTD.NS,0.0029734240317598,1.1401506526188503,2.527104224239722
213,213,2017-02-23,GUJGASLTD.NS,-0.0021633299121052,1.1376841306077337,2.527104224239722
214,214,2017-02-27,GUJGASLTD.NS,-0.0006423087020898,1.1369533861904149,2.527104224239722
215,215,2017-02-28,GUJGASLTD.NS,0.004097643308732,1.1416122156256785,2.527104224239722
216,216,2017-03-01,GUJGASLTD.NS,0.0567337115624084,1.2063801137831076,2.527104224239722
217,217,2017-03-02,GUJGASLTD.NS,0.0068149282355016,1.214601507683276,2.527104224239722
218,218,2017-03-03,GUJGASLTD.NS,0.0053398903112771,1.2210873465062164,2.527104224239722
219,219,2017-03-06,GUJGASLTD.NS,0.004788046412069,1.2269339693944783,2.527104224239722
220,220,2017-03-07,GUJGASLTD.NS,-0.0020103135724035,1.224467447383362,2.527104224239722
221,221,2017-03-08,GUJGASLTD.NS,0.0092510232945031,1.2357950242624662,2.527104224239722
222,222,2017-03-09,GUJGASLTD.NS,-0.0155972896011348,1.2165199713814032,2.527104224239722
223,223,2017-03-10,GUJGASLTD.NS,-0.0085606045132411,1.2061058250239476,2.527104224239722
224,224,2017-03-14,GUJGASLTD.NS,0.0218132586838728,1.2324149233853208,2.527104224239722
225,225,2017-03-15,GUJGASLTD.NS,0.0001483546208673,1.2325977578340308,2.527104224239722
226,226,2017-03-16,GUJGASLTD.NS,0.0077817757044775,1.242189557119337,2.527104224239722
227,227,2017-03-17,GUJGASLTD.NS,0.0155169382952886,1.2614645358282095,2.527104224239722
228,228,2017-03-20,GUJGASLTD.NS,0.0192628505829632,1.2857639386975757,2.527104224239722
229,229,2017-03-21,GUJGASLTD.NS,0.0362345176064957,1.3323529747721103,2.527104224239722
230,230,2017-03-22,GUJGASLTD.NS,0.0015084363545185,1.3343627444363075,2.527104224239722
231,231,2017-03-23,GUJGASLTD.NS,0.0036968175995777,1.3392956401141605,2.527104224239722
232,232,2017-03-24,GUJGASLTD.NS,0.0042287091670878,1.344959131864952,2.527104224239722
233,233,2017-03-27,GUJGASLTD.NS,0.0562386773676399,1.4205978545545663,2.527104224239722
234,234,2017-03-28,GUJGASLTD.NS,0.0120250396001566,1.4376806000114826,2.527104224239722
235,235,2017-03-29,GUJGASLTD.NS,0.0164569865140684,1.4613404902574094,2.527104224239722
236,236,2017-03-30,GUJGASLTD.NS,-0.0026881534869556,1.4574121827228943,2.527104224239722
237,237,2017-03-31,GUJGASLTD.NS,-0.0362916494944943,1.4045202906185092,2.527104224239722
238,238,2017-04-03,GUJGASLTD.NS,-0.0146993479384337,1.3838747581801176,2.527104224239722
239,239,2017-04-05,GUJGASLTD.NS,0.0254802387188575,1.4191362173755482,2.527104224239722
240,240,2017-04-06,GUJGASLTD.NS,-0.0069520737891755,1.409270277675462,2.527104224239722
241,241,2017-04-07,GUJGASLTD.NS,0.0027873710617198,1.4131984368655963,2.527104224239722
242,242,2017-04-10,GUJGASLTD.NS,-0.0034904845666354,1.4082656895321235,2.527104224239722
243,243,2017-04-11,GUJGASLTD.NS,0.0247792661266952,1.4431614798301342,2.527104224239722
244,244,2017-04-12,GUJGASLTD.NS,-0.0044307142738199,1.4367672436620238,2.527104224239722
245,245,2017-04-13,GUJGASLTD.NS,0.0353508133417996,1.487558134308332,2.527104224239722
246,246,2017-04-17,GUJGASLTD.NS,0.03438942094102,1.5387143971632995,2.527104224239722
247,247,2017-04-18,GUJGASLTD.NS,0.0020778816616844,1.541911663591735,2.527104224239722
248,248,2017-04-19,GUJGASLTD.NS,0.0130934403783056,1.5621005920275874,2.527104224239722
249,249,2017-04-20,GUJGASLTD.NS,-0.0063742191410616,1.5521434205336215,2.527104224239722
250,250,2017-04-21,GUJGASLTD.NS,-0.0221296557266105,1.5177950209988889,2.527104224239722
251,251,2017-04-24,GUJGASLTD.NS,-0.0016850796222356,1.5152374155382728,2.527104224239722
252,252,2017-04-25,GUJGASLTD.NS,0.017242356639789,1.541363679450936,2.527104224239722
253,253,2017-04-26,GUJGASLTD.NS,-0.0129198546125371,1.5214494848073843,2.527104224239722
254,254,2017-04-27,GUJGASLTD.NS,0.01068729263151,1.5377096606755811,2.527104224239722
255,255,2017-04-28,GUJGASLTD.NS,0.0035644103065752,1.5431906888386135,2.527104224239722
256,256,2017-05-02,GUJGASLTD.NS,-0.0059196801463612,1.534055493555846,2.527104224239722
257,257,2017-05-03,GUJGASLTD.NS,-0.0239383776140762,1.497332693870158,2.527104224239722
258,258,2017-05-04,GUJGASLTD.NS,-0.0216581236515004,1.464903277238884,2.527104224239722
259,259,2017-05-05,GUJGASLTD.NS,-0.0137815458950601,1.444714645491792,2.527104224239722
260,260,2017-05-08,GUJGASLTD.NS,0.0024657754799195,1.4482769874401265,2.527104224239722
261,261,2017-05-09,GUJGASLTD.NS,-0.0114795361806046,1.4316514393632704,2.527104224239722
262,262,2017-05-10,GUJGASLTD.NS,0.0037646370314616,1.4370410873880428,2.527104224239722
263,263,2017-05-11,GUJGASLTD.NS,-0.0139851614440339,1.416943835779211,2.527104224239722
264,264,2017-05-12,GUJGASLTD.NS,-0.0071560941020145,1.4068040523531056,2.527104224239722
265,265,2017-05-15,GUJGASLTD.NS,0.0123374970448255,1.4241604931916607,2.527104224239722
266,266,2017-05-16,GUJGASLTD.NS,-0.0107118821603382,1.4089050538111825,2.527104224239722
267,267,2017-05-17,GUJGASLTD.NS,0.0247032675551714,1.4437096123153137,2.527104224239722
268,268,2017-05-18,GUJGASLTD.NS,-0.0029737522514298,1.43941637760528,2.527104224239722
269,269,2017-05-19,GUJGASLTD.NS,-0.0077426970544174,1.4282714126583154,2.527104224239722
270,270,2017-05-22,GUJGASLTD.NS,-0.0119605375070146,1.4111885188570188,2.527104224239722
271,271,2017-05-23,GUJGASLTD.NS,-0.0100335102085352,1.397029344446899,2.527104224239722
272,272,2017-05-24,GUJGASLTD.NS,-0.0189629405931993,1.3705375599811962,2.527104224239722
273,273,2017-05-25,GUJGASLTD.NS,0.0259281119346466,1.406073011247026,2.527104224239722
274,274,2017-05-26,GUJGASLTD.NS,-0.018386046308474,1.3802208877491426,2.527104224239722
275,275,2017-05-29,GUJGASLTD.NS,-0.0215765688642518,1.3504404567167445,2.527104224239722
276,276,2017-05-30,GUJGASLTD.NS,0.0338225819651196,1.3961158397530602,2.527104224239722
277,277,2017-05-31,GUJGASLTD.NS,-0.0034678465795856,1.391274324213467,2.527104224239722
278,278,2017-06-01,GUJGASLTD.NS,-0.0020355745196098,1.3884422816493107,2.527104224239722
279,279,2017-06-02,GUJGASLTD.NS,-0.0123690273546228,1.3712686010872754,2.527104224239722
280,280,2017-06-05,GUJGASLTD.NS,0.0158549188381988,1.3930099534628848,2.527104224239722
281,281,2017-06-06,GUJGASLTD.NS,0.0030165981586047,1.3972121047234192,2.527104224239722
282,282,2017-06-07,GUJGASLTD.NS,0.0175220460220331,1.4216941195249246,2.527104224239722
283,283,2017-06-08,GUJGASLTD.NS,0.0150357777823921,1.443070396380635,2.527104224239722
284,284,2017-06-09,GUJGASLTD.NS,0.0137998774650898,1.4629845910241863,2.527104224239722
285,285,2017-06-12,GUJGASLTD.NS,-0.000811897446006,1.4617967975711876,2.527104224239722
286,286,2017-06-13,GUJGASLTD.NS,0.0012500410997438,1.4636241036476254,2.527104224239722
287,287,2017-06-14,GUJGASLTD.NS,-0.0104856951790086,1.448276987440127,2.527104224239722
288,288,2017-06-15,GUJGASLTD.NS,6.330061708892387e-05,1.4483686642671474,2.527104224239722
289,289,2017-06-16,GUJGASLTD.NS,0.0090191524481448,1.461431722051289,2.527104224239722
290,290,2017-06-19,GUJGASLTD.NS,0.0073132171730219,1.472119489618193,2.527104224239722
291,291,2017-06-20,GUJGASLTD.NS,-0.003971316233866,1.4662732375908818,2.527104224239722
292,292,2017-06-21,GUJGASLTD.NS,-0.0082238898805898,1.4542147679500783,2.527104224239722
293,293,2017-06-22,GUJGASLTD.NS,-0.0223630299608332,1.4216941195249244,2.527104224239722
294,294,2017-06-23,GUJGASLTD.NS,-0.0228105079216978,1.38926455454927,2.527104224239722
295,295,2017-06-27,GUJGASLTD.NS,-0.0144661083758464,1.369167302940438,2.527104224239722
296,296,2017-06-28,GUJGASLTD.NS,-0.0064051155113723,1.3603976282107104,2.527104224239722
297,297,2017-06-29,GUJGASLTD.NS,-0.0006044357053464,1.3595753553107512,2.527104224239722
298,298,2017-06-30,GUJGASLTD.NS,-0.00147812426282,1.3575657339909344,2.527104224239722
299,299,2017-07-03,GUJGASLTD.NS,0.0039028800582028,1.362864150221827,2.527104224239722
300,300,2017-07-04,GUJGASLTD.NS,0.0115286937296428,1.3785761936048444,2.527104224239722
301,301,2017-07-05,GUJGASLTD.NS,0.0058315434710558,1.3866154206060135,2.527104224239722
302,302,2017-07-06,GUJGASLTD.NS,0.0034916065894299,1.3914569361456068,2.527104224239722
303,303,2017-07-07,GUJGASLTD.NS,-0.0067622184008162,1.3820476004480595,2.527104224239722
304,304,2017-07-10,GUJGASLTD.NS,0.0029083942746193,1.386067139776454,2.527104224239722
305,305,2017-07-11,GUJGASLTD.NS,0.0045476159719131,1.3923704408394453,2.527104224239722
306,306,2017-07-12,GUJGASLTD.NS,0.0014435224632933,1.3943803588480228,2.527104224239722
307,307,2017-07-13,GUJGASLTD.NS,-0.0145442096204557,1.3741001986182908,2.527104224239722
308,308,2017-07-14,GUJGASLTD.NS,-0.0154898456823543,1.352815598589601,2.527104224239722
309,309,2017-07-17,GUJGASLTD.NS,0.0012154273744859,1.3544598477007586,2.527104224239722
310,310,2017-07-18,GUJGASLTD.NS,0.0182775113328828,1.379216002917044,2.527104224239722
311,311,2017-07-19,GUJGASLTD.NS,0.0115246284630541,1.3951109549209617,2.527104224239722
312,312,2017-07-20,GUJGASLTD.NS,0.0059585038803591,1.4034237289593896,2.527104224239722
313,313,2017-07-21,GUJGASLTD.NS,-0.0012367107763699,1.401688099709972,2.527104224239722
314,314,2017-07-24,GUJGASLTD.NS,-0.0043012509737927,1.395659087406141,2.527104224239722
315,315,2017-07-25,GUJGASLTD.NS,0.0005891645799314,1.3964813603061002,2.527104224239722
316,316,2017-07-26,GUJGASLTD.NS,0.0011119868958058,1.3980342292789976,2.527104224239722
317,317,2017-07-27,GUJGASLTD.NS,-0.0021561402034411,1.3950198714714623,2.527104224239722
318,318,2017-07-28,GUJGASLTD.NS,-0.0039945010212754,1.38944746317017,2.527104224239722
319,319,2017-07-31,GUJGASLTD.NS,-0.0023013199145367,1.386249900052974,2.527104224239722
320,320,2017-08-01,GUJGASLTD.NS,0.0003293807289159,1.386706504055513,2.527104224239722
321,321,2017-08-02,GUJGASLTD.NS,-0.0027008242611404,1.3829612534862787,2.527104224239722
322,322,2017-08-03,GUJGASLTD.NS,-0.0118236894270292,1.366609549135442,2.527104224239722
323,323,2017-08-04,GUJGASLTD.NS,0.0093582440733219,1.379398614849184,2.527104224239722
324,324,2017-08-07,GUJGASLTD.NS,0.0042384765745986,1.385245163565256,2.527104224239722
325,325,2017-08-08,GUJGASLTD.NS,0.0210367576222665,1.4143862303185952,2.527104224239722
326,326,2017-08-09,GUJGASLTD.NS,0.0173737880563571,1.4389594769139804,2.527104224239722
327,327,2017-08-10,GUJGASLTD.NS,-0.0500252161620959,1.366975218032862,2.527104224239722
328,328,2017-08-11,GUJGASLTD.NS,0.0326782441046147,1.411645567892699,2.527104224239722
329,329,2017-08-14,GUJGASLTD.NS,-0.0111952465756893,1.395841847682661,2.527104224239722
330,330,2017-08-16,GUJGASLTD.NS,0.0181284406165747,1.421146283728506,2.527104224239722
331,331,2017-08-17,GUJGASLTD.NS,-0.0070709457823175,1.4110974354075196,2.527104224239722
332,332,2017-08-18,GUJGASLTD.NS,-0.0030425844074855,1.406804052353106,2.527104224239722
333,333,2017-08-21,GUJGASLTD.NS,-0.0044156262660325,1.400592131428375,2.527104224239722
334,334,2017-08-22,GUJGASLTD.NS,0.0058048034997861,1.408722293534663,2.527104224239722
335,335,2017-08-23,GUJGASLTD.NS,0.0290512185960485,1.4496473928252651,2.527104224239722
336,336,2017-08-24,GUJGASLTD.NS,-0.0066796791216203,1.439964213401699,2.527104224239722
337,337,2017-08-28,GUJGASLTD.NS,0.0016493420505678,1.4423392069301753,2.527104224239722
338,338,2017-08-29,GUJGASLTD.NS,-0.0118435723622277,1.4252567581620197,2.527104224239722
339,339,2017-08-30,GUJGASLTD.NS,-0.0116010427824101,1.4087222935346626,2.527104224239722
340,340,2017-08-31,GUJGASLTD.NS,0.0103104399535944,1.4232468401534415,2.527104224239722
341,341,2017-09-01,GUJGASLTD.NS,0.0157896305771148,1.4457193819795104,2.527104224239722
342,342,2017-09-04,GUJGASLTD.NS,0.0107418689499581,1.4612491101191487,2.527104224239722
343,343,2017-09-05,GUJGASLTD.NS,0.0323205674012303,1.5084775104727426,2.527104224239722
344,344,2017-09-06,GUJGASLTD.NS,-0.014473454663177,1.486644629614493,2.527104224239722
345,345,2017-09-07,GUJGASLTD.NS,0.0188031284896579,1.5145981996035942,2.527104224239722
346,346,2017-09-08,GUJGASLTD.NS,0.0025932383638258,1.5185259137605878,2.527104224239722
347,347,2017-09-11,GUJGASLTD.NS,-0.0083619474681314,1.5058280798407253,2.527104224239722
348,348,2017-09-12,GUJGASLTD.NS,0.0296046830949077,1.5504076429398237,2.527104224239722
349,349,2017-09-13,GUJGASLTD.NS,-0.0283408704358302,1.506467740808545,2.527104224239722
350,350,2017-09-14,GUJGASLTD.NS,0.0135225223397732,1.5268389844877763,2.527104224239722
351,351,2017-09-15,GUJGASLTD.NS,0.0038290876975826,1.532685384859468,2.527104224239722
352,352,2017-09-18,GUJGASLTD.NS,-0.0013112734577171,1.5306756151952707,2.527104224239722
353,353,2017-09-19,GUJGASLTD.NS,0.0082956716225093,1.543373597459513,2.527104224239722
354,354,2017-09-20,GUJGASLTD.NS,-0.0077814369504932,1.531363933119826,2.527104224239722
355,355,2017-09-21,GUJGASLTD.NS,0.0056873788933931,1.540073380031155,2.527104224239722
356,356,2017-09-22,GUJGASLTD.NS,-0.0020241300498259,1.536956071223697,2.527104224239722
357,357,2017-09-25,GUJGASLTD.NS,-0.0270205863872526,1.4954266169277846,2.527104224239722
358,358,2017-09-26,GUJGASLTD.NS,0.0114640964679606,1.5125703319250008,2.527104224239722
359,359,2017-09-27,GUJGASLTD.NS,-0.0186678676200018,1.4843338692026826,2.527104224239722
360,360,2017-09-28,GUJGASLTD.NS,-0.005620327803318,1.475991426288196,2.527104224239722
361,361,2017-09-29,GUJGASLTD.NS,0.0404345309531493,1.5356724473010293,2.527104224239722
362,362,2017-10-03,GUJGASLTD.NS,0.0268045726475951,1.57683549097762,2.527104224239722
363,363,2017-10-04,GUJGASLTD.NS,0.0095348255242926,1.591870342264604,2.527104224239722
364,364,2017-10-05,GUJGASLTD.NS,0.0440566509218089,1.662002818246536,2.527104224239722
365,365,2017-10-06,GUJGASLTD.NS,0.003916392106557,1.6685118729649924,2.527104224239722
366,366,2017-10-09,GUJGASLTD.NS,-0.0264285835581895,1.6244154675125058,2.527104224239722
367,367,2017-10-10,GUJGASLTD.NS,-0.0025960932577189,1.6201983334695622,2.527104224239722
368,368,2017-10-11,GUJGASLTD.NS,-0.0071859476104462,1.6085556731267177,2.527104224239722
369,369,2017-10-12,GUJGASLTD.NS,0.0119113140653086,1.627715684940864,2.527104224239722
370,370,2017-10-13,GUJGASLTD.NS,-0.0021963906830383,1.6241405853758246,2.527104224239722
371,371,2017-10-16,GUJGASLTD.NS,0.0527206278662171,1.7097662967798437,2.527104224239722
372,372,2017-10-17,GUJGASLTD.NS,-0.0137265071940373,1.6862971774069724,2.527104224239722
373,373,2017-10-18,GUJGASLTD.NS,-0.0029357510203036,1.681346628747865,2.527104224239722
374,374,2017-10-19,GUJGASLTD.NS,0.0007087476112963,1.682538279154751,2.527104224239722
375,375,2017-10-23,GUJGASLTD.NS,-0.0092626504239511,1.666953515250024,2.527104224239722
376,376,2017-10-24,GUJGASLTD.NS,-0.006929575479405,1.6554022350454394,2.527104224239722
377,377,2017-10-25,GUJGASLTD.NS,-0.0068671687822335,1.6440343084948956,2.527104224239722
378,378,2017-10-26,GUJGASLTD.NS,0.0032342731168777,1.6493515644620853,2.527104224239722
379,379,2017-10-27,GUJGASLTD.NS,0.0044466845757247,1.6566857106237265,2.527104224239722
380,380,2017-10-30,GUJGASLTD.NS,0.0074150444186322,1.6689701087557145,2.527104224239722
381,381,2017-10-31,GUJGASLTD.NS,0.0024169278812968,1.6730038891446173,2.527104224239722
382,382,2017-11-01,GUJGASLTD.NS,0.0015345139733342,1.6755711369899522,2.527104224239722
383,383,2017-11-02,GUJGASLTD.NS,0.0093558789511669,1.691247577721699,2.527104224239722
384,384,2017-11-03,GUJGASLTD.NS,0.0452623583215943,1.7677974315950673,2.527104224239722
385,385,2017-11-06,GUJGASLTD.NS,-0.0040448615271418,1.7606469357762282,2.527104224239722
386,386,2017-11-07,GUJGASLTD.NS,-0.0495184539163103,1.6734624216241,2.527104224239722
387,387,2017-11-08,GUJGASLTD.NS,-0.0157224639921056,1.6471514689579732,2.527104224239722
388,388,2017-11-09,GUJGASLTD.NS,-0.0103525309213752,1.630099282443397,2.527104224239722
389,389,2017-11-10,GUJGASLTD.NS,-0.0071423923761092,1.6184564737561722,2.527104224239722
390,390,2017-11-13,GUJGASLTD.NS,-0.00787350838166,1.6057135431447012,2.527104224239722
391,391,2017-11-14,GUJGASLTD.NS,0.0036540246885019,1.6115808600740138,2.527104224239722
392,392,2017-11-15,GUJGASLTD.NS,-0.0152456129224254,1.587011322088136,2.527104224239722
393,393,2017-11-16,GUJGASLTD.NS,-0.0146149485948793,1.5638172331963265,2.527104224239722
394,394,2017-11-17,GUJGASLTD.NS,-0.0110796986056369,1.5464906095782098,2.527104224239722
395,395,2017-11-20,GUJGASLTD.NS,-0.011322682592993,1.5289801872729114,2.527104224239722
396,396,2017-11-21,GUJGASLTD.NS,0.0148698491621781,1.5517158920296186,2.527104224239722
397,397,2017-11-22,GUJGASLTD.NS,-0.0090982729151097,1.53759795735722,2.527104224239722
398,398,2017-11-23,GUJGASLTD.NS,0.0143095209220749,1.5596002474977628,2.527104224239722
399,399,2017-11-24,GUJGASLTD.NS,-0.0025864194336814,1.5555664671088605,2.527104224239722
400,400,2017-11-27,GUJGASLTD.NS,-0.0037127900864604,1.5497909753509482,2.527104224239722
401,401,2017-11-28,GUJGASLTD.NS,0.022182677529237,1.58416948879488,2.527104224239722
402,402,2017-11-29,GUJGASLTD.NS,0.0021413055661865,1.5875616797390193,2.527104224239722
403,403,2017-11-30,GUJGASLTD.NS,0.0153029387585306,1.6118560388994554,2.527104224239722
404,404,2017-12-01,GUJGASLTD.NS,-0.0234901113933874,1.573993360995603,2.527104224239722
405,405,2017-12-04,GUJGASLTD.NS,0.0016310410888333,1.5765606088409376,2.527104224239722
406,406,2017-12-05,GUJGASLTD.NS,-0.0160494639154052,1.5512576562388956,2.527104224239722
407,407,2017-12-06,GUJGASLTD.NS,0.0094556464684696,1.5659258002177974,2.527104224239722
408,408,2017-12-07,GUJGASLTD.NS,-0.0115332326577344,1.5478656136391369,2.527104224239722
409,409,2017-12-08,GUJGASLTD.NS,0.0047383276955019,1.5551999081451582,2.527104224239722
410,410,2017-12-11,GUJGASLTD.NS,-0.0139118650043167,1.533564176968317,2.527104224239722
411,411,2017-12-12,GUJGASLTD.NS,-0.0068149467999436,1.5231130186879789,2.527104224239722
412,412,2017-12-13,GUJGASLTD.NS,-0.0037920944643017,1.5173372302413062,2.527104224239722
413,413,2017-12-14,GUJGASLTD.NS,-0.0010873563007125,1.5156873440436975,2.527104224239722
414,414,2017-12-15,GUJGASLTD.NS,0.0076815371804603,1.5273301527309224,2.527104224239722
415,415,2017-12-18,GUJGASLTD.NS,0.004502012026021,1.5342062114462216,2.527104224239722
416,416,2017-12-19,GUJGASLTD.NS,0.000896038200022,1.5355809188183884,2.527104224239722
417,417,2017-12-20,GUJGASLTD.NS,-0.0059700757187874,1.5264133844607173,2.527104224239722
418,418,2017-12-21,GUJGASLTD.NS,-0.0080480785518589,1.5141286896399686,2.527104224239722
419,419,2017-12-22,GUJGASLTD.NS,-0.0060547579375378,1.5049610069379171,2.527104224239722
420,420,2017-12-26,GUJGASLTD.NS,0.0037769162080931,1.510645118557569,2.527104224239722
421,421,2017-12-27,GUJGASLTD.NS,0.0035197595765485,1.5159622261803785,2.527104224239722
422,422,2017-12-28,GUJGASLTD.NS,0.0179004069688759,1.5430985669784505,2.527104224239722
423,423,2017-12-29,GUJGASLTD.NS,-0.0012476282517717,1.5411733536110197,2.527104224239722
424,424,2018-01-01,GUJGASLTD.NS,0.0042829260770771,1.5477740851564967,2.527104224239722
425,425,2018-01-02,GUJGASLTD.NS,0.003376093995824,1.5529995159522856,2.527104224239722
426,426,2018-01-03,GUJGASLTD.NS,0.0309327263279357,1.6010380249666545,2.527104224239722
427,427,2018-01-04,GUJGASLTD.NS,-0.0270842052566774,1.557675182474712,2.527104224239722
428,428,2018-01-05,GUJGASLTD.NS,0.0251307593168601,1.5968207425793302,2.527104224239722
429,429,2018-01-08,GUJGASLTD.NS,0.0167643322610835,1.6235903760693202,2.527104224239722
430,430,2018-01-09,GUJGASLTD.NS,-0.0149067067663017,1.5993879904246653,2.527104224239722
431,431,2018-01-10,GUJGASLTD.NS,-0.0132409066271128,1.5782106433829266,2.527104224239722
432,432,2018-01-11,GUJGASLTD.NS,0.0153354269219454,1.602413177371962,2.527104224239722
433,433,2018-01-12,GUJGASLTD.NS,0.0408489887179026,1.6678701351758478,2.527104224239722
434,434,2018-01-15,GUJGASLTD.NS,-0.0139064117778955,1.6446760462840382,2.527104224239722
435,435,2018-01-16,GUJGASLTD.NS,0.0113155389641701,1.6632864421692026,2.527104224239722
436,436,2018-01-17,GUJGASLTD.NS,-0.0285510632400111,1.6157978457725766,2.527104224239722
437,437,2018-01-18,GUJGASLTD.NS,-0.0044821031695317,1.6085556731267168,2.527104224239722
438,438,2018-01-19,GUJGASLTD.NS,-0.0120256694678821,1.589211714281008,2.527104224239722
439,439,2018-01-22,GUJGASLTD.NS,0.0121142661492512,1.608463847955316,2.527104224239722
440,440,2018-01-23,GUJGASLTD.NS,0.0091762537779787,1.623223520416858,2.527104224239722
441,441,2018-01-24,GUJGASLTD.NS,-0.002541429950746,1.6190982115453154,2.527104224239722
442,442,2018-01-25,GUJGASLTD.NS,-0.0177792644910566,1.5903118362052546,2.527104224239722
443,443,2018-01-29,GUJGASLTD.NS,0.00219058888167,1.593795555632034,2.527104224239722
444,444,2018-01-30,GUJGASLTD.NS,-0.0186941618626178,1.564000883539128,2.527104224239722
445,445,2018-01-31,GUJGASLTD.NS,-0.0202228180654898,1.5323723782170506,2.527104224239722
446,446,2018-02-01,GUJGASLTD.NS,0.0115464618927454,1.5500658574876296,2.527104224239722
447,447,2018-02-02,GUJGASLTD.NS,0.0047906499925736,1.5574916804762913,2.527104224239722
448,448,2018-02-05,GUJGASLTD.NS,-0.0141857035828192,1.5353975651643477,2.527104224239722
449,449,2018-02-06,GUJGASLTD.NS,-0.002149518696407,1.532097199391609,2.527104224239722
450,450,2018-02-07,GUJGASLTD.NS,0.0268670260271712,1.5732600947238196,2.527104224239722
451,451,2018-02-08,GUJGASLTD.NS,-0.0094982225190085,1.5583169202638565,2.527104224239722
452,452,2018-02-09,GUJGASLTD.NS,0.0081773678035359,1.5710598508753273,2.527104224239722
453,453,2018-02-12,GUJGASLTD.NS,-0.0072358328959969,1.5596919243247835,2.527104224239722
454,454,2018-02-14,GUJGASLTD.NS,0.0088756946218535,1.5735352735492614,2.527104224239722
455,455,2018-02-15,GUJGASLTD.NS,-0.0069332355894465,1.56262558278944,2.527104224239722
456,456,2018-02-16,GUJGASLTD.NS,0.0069816409509606,1.5735352735492616,2.527104224239722
457,457,2018-02-19,GUJGASLTD.NS,-0.0068166179314214,1.5628090847878615,2.527104224239722
458,458,2018-02-20,GUJGASLTD.NS,0.0021117214255292,1.5661093022162198,2.527104224239722
459,459,2018-02-21,GUJGASLTD.NS,0.0077270093151116,1.5782106433829275,2.527104224239722
460,460,2018-02-22,GUJGASLTD.NS,-0.0007550642316871,1.5770189929760412,2.527104224239722
461,461,2018-02-23,GUJGASLTD.NS,-0.0058133929187058,1.5678511619296096,2.527104224239722
462,462,2018-02-26,GUJGASLTD.NS,0.0095309904554794,1.5827943363895731,2.527104224239722
463,463,2018-02-27,GUJGASLTD.NS,0.0370112493016459,1.6413755321669208,2.527104224239722
464,464,2018-02-28,GUJGASLTD.NS,-0.0281501530688467,1.5951705596929622,2.527104224239722
465,465,2018-03-01,GUJGASLTD.NS,-0.0035629533203176,1.589487041450831,2.527104224239722
466,466,2018-03-05,GUJGASLTD.NS,-0.004960407733383,1.5816025376383065,2.527104224239722
467,467,2018-03-06,GUJGASLTD.NS,0.017099626278936,1.608647349953738,2.527104224239722
468,468,2018-03-07,GUJGASLTD.NS,-0.0130509887213268,1.5876529115328997,2.527104224239722
469,469,2018-03-08,GUJGASLTD.NS,0.007737925439905,1.5999380513867894,2.527104224239722
470,470,2018-03-09,GUJGASLTD.NS,-0.0193674795758966,1.5689512838538555,2.527104224239722
471,471,2018-03-12,GUJGASLTD.NS,-0.0027463945239651,1.5646423246395114,2.527104224239722
472,472,2018-03-13,GUJGASLTD.NS,-0.0042771820260321,1.5579500646113942,2.527104224239722
473,473,2018-03-14,GUJGASLTD.NS,-0.0135342400848884,1.536864394396676,2.527104224239722
474,474,2018-03-15,GUJGASLTD.NS,0.0149130627159244,1.5597837494961848,2.527104224239722
475,475,2018-03-16,GUJGASLTD.NS,-0.018514138371046,1.5309056973291033,2.527104224239722
476,476,2018-03-19,GUJGASLTD.NS,-0.0108392061042191,1.5143118949496297,2.527104224239722
477,477,2018-03-20,GUJGASLTD.NS,0.0112000449839557,1.531272256292805,2.527104224239722
478,478,2018-03-21,GUJGASLTD.NS,-0.0102974933675888,1.515503990389657,2.527104224239722
479,479,2018-03-22,GUJGASLTD.NS,0.0078034517997047,1.5273301527309229,2.527104224239722
480,480,2018-03-23,GUJGASLTD.NS,-0.0192676829411021,1.4979020396017184,2.527104224239722
481,481,2018-03-26,GUJGASLTD.NS,0.0138317898434696,1.518620705819594,2.527104224239722
482,482,2018-03-27,GUJGASLTD.NS,0.0101419050065789,1.5340224127590405,2.527104224239722
483,483,2018-03-28,GUJGASLTD.NS,-0.0041235073669219,1.527696860039005,2.527104224239722
484,484,2018-04-02,GUJGASLTD.NS,0.0051008354475146,1.5354893903357487,2.527104224239722
485,485,2018-04-03,GUJGASLTD.NS,0.0088362851218977,1.5490574123904042,2.527104224239722
486,486,2018-04-04,GUJGASLTD.NS,0.0002368250844209,1.5494242680428665,2.527104224239722
487,487,2018-04-05,GUJGASLTD.NS,0.0101769506085289,1.565192682290395,2.527104224239722
488,488,2018-04-06,GUJGASLTD.NS,0.0108942453731017,1.58224427542745,2.527104224239722
489,489,2018-04-09,GUJGASLTD.NS,0.0132686781696753,1.603238565503908,2.527104224239722
490,490,2018-04-10,GUJGASLTD.NS,-0.0188131532184229,1.5730765927253982,2.527104224239722
491,491,2018-04-11,GUJGASLTD.NS,0.0189405709292553,1.602871561507065,2.527104224239722
492,492,2018-04-12,GUJGASLTD.NS,-0.0159574148101386,1.577293875112722,2.527104224239722
493,493,2018-04-13,GUJGASLTD.NS,-0.0034291545381442,1.571885090662892,2.527104224239722
494,494,2018-04-16,GUJGASLTD.NS,-0.0061824114311286,1.5621670503099572,2.527104224239722
495,495,2018-04-17,GUJGASLTD.NS,0.0109155354559757,1.5792189401357726,2.527104224239722
496,496,2018-04-18,GUJGASLTD.NS,-0.0019158101256037,1.576193456499715,2.527104224239722
497,497,2018-04-19,GUJGASLTD.NS,0.0016288585510415,1.5787608526894306,2.527104224239722
498,498,2018-04-20,GUJGASLTD.NS,-0.0011615649235582,1.5769270194602596,2.527104224239722
499,499,2018-04-23,GUJGASLTD.NS,0.0043601343608858,1.5838026331424175,2.527104224239722
500,500,2018-04-24,GUJGASLTD.NS,-0.0004050943162597,1.5831610436976542,2.527104224239722
501,501,2018-04-25,GUJGASLTD.NS,-0.0108866015548245,1.5659258002177976,2.527104224239722
502,502,2018-04-26,GUJGASLTD.NS,-0.0016977047308658,1.563267320578583,2.527104224239722
503,503,2018-04-27,GUJGASLTD.NS,0.037121601473359,1.621298307049427,2.527104224239722
504,504,2018-04-30,GUJGASLTD.NS,-0.0001694529569952,1.621023573257126,2.527104224239722
505,505,2018-05-02,GUJGASLTD.NS,-0.0113675350162228,1.6025965310260029,2.527104224239722
506,506,2018-05-03,GUJGASLTD.NS,-0.0243692226121163,1.5635424994040248,2.527104224239722
507,507,2018-05-04,GUJGASLTD.NS,-0.013661733342024,1.5421817987082451,2.527104224239722
508,508,2018-05-07,GUJGASLTD.NS,0.0026750783982658,1.5463072559241686,2.527104224239722
509,509,2018-05-08,GUJGASLTD.NS,0.005335786956865,1.5545580220116346,2.527104224239722
510,510,2018-05-09,GUJGASLTD.NS,-0.0089637885273049,1.5406232926488967,2.527104224239722
511,511,2018-05-10,GUJGASLTD.NS,0.001249632779549,1.5425485060163275,2.527104224239722
512,512,2018-05-11,GUJGASLTD.NS,-0.0034471553347145,1.5372311017047575,2.527104224239722
513,513,2018-05-14,GUJGASLTD.NS,0.0581464044103285,1.6266155630166172,2.527104224239722
514,514,2018-05-15,GUJGASLTD.NS,-0.0090737630038345,1.6118560388994556,2.527104224239722
515,515,2018-05-16,GUJGASLTD.NS,0.0027299828560427,1.61625637825206,2.527104224239722
516,516,2018-05-17,GUJGASLTD.NS,-0.0058991497158544,1.6067218398975465,2.527104224239722
517,517,2018-05-18,GUJGASLTD.NS,-0.0135226339591466,1.5849947285824453,2.527104224239722
518,518,2018-05-21,GUJGASLTD.NS,-0.0088494970594021,1.570968322392687,2.527104224239722
519,519,2018-05-22,GUJGASLTD.NS,-0.0050187870473008,1.5630839669245424,2.527104224239722
520,520,2018-05-23,GUJGASLTD.NS,-0.0083284773642242,1.5500658574876296,2.527104224239722
521,521,2018-05-24,GUJGASLTD.NS,-0.0004139110874961,1.5494242680428665,2.527104224239722
522,522,2018-05-25,GUJGASLTD.NS,0.0184604193157174,1.578027289728886,2.527104224239722
523,523,2018-05-28,GUJGASLTD.NS,0.0163829339604426,1.6038800066042906,2.527104224239722
524,524,2018-05-29,GUJGASLTD.NS,-0.0145756482991054,1.5805024157140597,2.527104224239722
525,525,2018-05-30,GUJGASLTD.NS,-0.0064964508626064,1.5702347594321426,2.527104224239722
526,526,2018-05-31,GUJGASLTD.NS,0.0112680471275374,1.5879282387027216,2.527104224239722
527,527,2018-06-01,GUJGASLTD.NS,-0.0265574598408103,1.5457568982732852,2.527104224239722
528,528,2018-06-04,GUJGASLTD.NS,0.0029656267715234,1.5503410363130716,2.527104224239722
529,529,2018-06-05,GUJGASLTD.NS,-0.0142511323601977,1.528246921001128,2.527104224239722
530,530,2018-06-06,GUJGASLTD.NS,-0.0050389142091634,1.5205462158757852,2.527104224239722
531,531,2018-06-07,GUJGASLTD.NS,-0.0006029203589034,1.51962944760558,2.527104224239722
532,532,2018-06-08,GUJGASLTD.NS,-0.0004828225105013,1.5188957363006554,2.527104224239722
533,533,2018-06-11,GUJGASLTD.NS,-0.0014483858945379,1.5166957891409236,2.527104224239722
534,534,2018-06-12,GUJGASLTD.NS,-0.0045333824197092,1.5098200271143851,2.527104224239722
535,535,2018-06-13,GUJGASLTD.NS,-0.0030360183788172,1.5052361857633594,2.527104224239722
536,536,2018-06-14,GUJGASLTD.NS,-0.0016445410343883,1.5027607630894253,2.527104224239722
537,537,2018-06-15,GUJGASLTD.NS,0.0020132836246251,1.5057862467254826,2.527104224239722
538,538,2018-06-18,GUJGASLTD.NS,-0.0183257915877387,1.478191521792308,2.527104224239722
539,539,2018-06-19,GUJGASLTD.NS,-0.0252418713697718,1.4408792015393392,2.527104224239722
540,540,2018-06-20,GUJGASLTD.NS,-0.011770533082798,1.4239192852293048,2.527104224239722
541,541,2018-06-21,GUJGASLTD.NS,-0.0022535247070423,1.4207104479392063,2.527104224239722
542,542,2018-06-22,GUJGASLTD.NS,-0.0001292665532712,1.4205267975964049,2.527104224239722
543,543,2018-06-25,GUJGASLTD.NS,-0.0207162334667798,1.3910988328115803,2.527104224239722
544,544,2018-06-26,GUJGASLTD.NS,0.0251089416620384,1.4260278522507763,2.527104224239722
545,545,2018-06-27,GUJGASLTD.NS,-0.0406301704314646,1.3680880975738117,2.527104224239722
546,546,2018-06-28,GUJGASLTD.NS,0.0180258260910768,1.3927490156979494,2.527104224239722
547,547,2018-06-29,GUJGASLTD.NS,-0.0401526528925443,1.336826447904197,2.527104224239722
548,548,2018-07-02,GUJGASLTD.NS,-0.0090522903595149,1.3247251067374892,2.527104224239722
549,549,2018-07-03,GUJGASLTD.NS,0.0030451062735705,1.328759035470772,2.527104224239722
550,550,2018-07-04,GUJGASLTD.NS,0.0097971935387823,1.341777144907685,2.527104224239722
551,551,2018-07-05,GUJGASLTD.NS,0.0061491329754566,1.3500279109951507,2.527104224239722
552,552,2018-07-06,GUJGASLTD.NS,0.0140569327367741,1.3690051625327773,2.527104224239722
553,553,2018-07-09,GUJGASLTD.NS,-0.0035493074164,1.3641461423563097,2.527104224239722
554,554,2018-07-10,GUJGASLTD.NS,0.0279569838685156,1.402283554052463,2.527104224239722
555,555,2018-07-11,GUJGASLTD.NS,0.0177822810434857,1.4272193543132818,2.527104224239722
556,556,2018-07-12,GUJGASLTD.NS,-0.0003210689298301,1.4267611185225595,2.527104224239722
557,557,2018-07-13,GUJGASLTD.NS,-0.0232604878945482,1.3935739587967533,2.527104224239722
558,558,2018-07-16,GUJGASLTD.NS,-0.0117752681154429,1.3771642517932223,2.527104224239722
559,559,2018-07-17,GUJGASLTD.NS,0.0047926647121008,1.3837645383055583,2.527104224239722
560,560,2018-07-18,GUJGASLTD.NS,-0.0130513810220886,1.3657045000712775,2.527104224239722
561,561,2018-07-19,GUJGASLTD.NS,0.0063772557759562,1.3744139469826069,2.527104224239722
562,562,2018-07-20,GUJGASLTD.NS,-0.0004004307814919,1.3738635893317233,2.527104224239722
563,563,2018-07-23,GUJGASLTD.NS,0.0131456536611658,1.3919239242547643,2.527104224239722
564,564,2018-07-24,GUJGASLTD.NS,0.0232496697771664,1.4242856958486252,2.527104224239722
565,565,2018-07-25,GUJGASLTD.NS,-0.0083031192627679,1.4124596818517396,2.527104224239722
566,566,2018-07-26,GUJGASLTD.NS,-0.0073994713643062,1.4020082268826406,2.527104224239722
567,567,2018-07-27,GUJGASLTD.NS,0.0075198097309321,1.4125510619899997,2.527104224239722
568,568,2018-07-30,GUJGASLTD.NS,0.0123962060077669,1.4300613359509176,2.527104224239722
569,569,2018-07-31,GUJGASLTD.NS,0.0105775379934638,1.445187864064922,2.527104224239722
570,570,2018-08-01,GUJGASLTD.NS,0.0032987706774936,1.4499552074143691,2.527104224239722
571,571,2018-08-02,GUJGASLTD.NS,0.0,1.4499552074143691,2.527104224239722
572,572,2018-08-03,GUJGASLTD.NS,-0.0143525063966538,1.4291447160250927,2.527104224239722
573,573,2018-08-06,GUJGASLTD.NS,-0.0132144954632391,1.410259289658867,2.527104224239722
574,574,2018-08-07,GUJGASLTD.NS,0.018331994271804,1.436112154878652,2.527104224239722
575,575,2018-08-08,GUJGASLTD.NS,-0.0232366009312737,1.402741789843185,2.527104224239722
576,576,2018-08-09,GUJGASLTD.NS,0.0084309593651934,1.4145682488732116,2.527104224239722
577,577,2018-08-10,GUJGASLTD.NS,-0.0013610949583696,1.4126428871614003,2.527104224239722
578,578,2018-08-13,GUJGASLTD.NS,-0.0009086683792014,1.411359263238733,2.527104224239722
579,579,2018-08-14,GUJGASLTD.NS,0.0066905099424821,1.420801976421846,2.527104224239722
580,580,2018-08-16,GUJGASLTD.NS,0.0057426986590869,1.428961214026672,2.527104224239722
581,581,2018-08-17,GUJGASLTD.NS,-0.0132803486945392,1.4099841108334257,2.527104224239722
582,582,2018-08-20,GUJGASLTD.NS,0.0078674960438422,1.421077155247288,2.527104224239722
583,583,2018-08-21,GUJGASLTD.NS,0.0058706110558894,1.4294197465061549,2.527104224239722
584,584,2018-08-23,GUJGASLTD.NS,-0.0062213698470914,1.4205267975964042,2.527104224239722
585,585,2018-08-24,GUJGASLTD.NS,0.0005809392606752,1.4213520373839692,2.527104224239722
586,586,2018-08-27,GUJGASLTD.NS,0.0030959871877229,1.425752525080954,2.527104224239722
587,587,2018-08-28,GUJGASLTD.NS,-0.00842328229061,1.4137430090856469,2.527104224239722
588,588,2018-08-29,GUJGASLTD.NS,0.0028530529765453,1.417776492785789,2.527104224239722
589,589,2018-08-30,GUJGASLTD.NS,-0.0031035858124421,1.413376301777565,2.527104224239722
590,590,2018-08-31,GUJGASLTD.NS,0.0046701869397238,1.4199770333230417,2.527104224239722
591,591,2018-09-03,GUJGASLTD.NS,-0.0119440051499315,1.4030168203242468,2.527104224239722
592,592,2018-09-04,GUJGASLTD.NS,-0.0254182880735085,1.3673545346132672,2.527104224239722
593,593,2018-09-05,GUJGASLTD.NS,-0.0319141965106557,1.323716513295883,2.527104224239722
594,594,2018-09-06,GUJGASLTD.NS,-0.0027008045371723,1.3201414137308436,2.527104224239722
595,595,2018-09-07,GUJGASLTD.NS,-0.01256960342468,1.3035477596957503,2.527104224239722
596,596,2018-09-10,GUJGASLTD.NS,-0.0167381182041189,1.2817288232092483,2.527104224239722
597,597,2018-09-11,GUJGASLTD.NS,-0.0007150276757839,1.2808123516278038,2.527104224239722
598,598,2018-09-12,GUJGASLTD.NS,0.0408701736277321,1.333159374823376,2.527104224239722
599,599,2018-09-14,GUJGASLTD.NS,-0.016503870846993,1.311157084682833,2.527104224239722
600,600,2018-09-17,GUJGASLTD.NS,0.0099986389251784,1.3242668709467664,2.527104224239722
601,601,2018-09-18,GUJGASLTD.NS,-0.0129483922720984,1.3071197440288034,2.527104224239722
602,602,2018-09-19,GUJGASLTD.NS,-0.0378022211486114,1.25770771439731,2.527104224239722
603,603,2018-09-21,GUJGASLTD.NS,0.0270467052522458,1.29172456424209,2.527104224239722
604,604,2018-09-24,GUJGASLTD.NS,-0.0351838340889752,1.2462767414851423,2.527104224239722
605,605,2018-09-25,GUJGASLTD.NS,-0.0304018216358537,1.208387658281598,2.527104224239722
606,606,2018-09-26,GUJGASLTD.NS,-0.0082392493727158,1.1984314510261038,2.527104224239722
607,607,2018-09-27,GUJGASLTD.NS,-0.0177692940266525,1.177136170202033,2.527104224239722
608,608,2018-09-28,GUJGASLTD.NS,-0.0143315977872402,1.1602659280698853,2.527104224239722
609,609,2018-10-01,GUJGASLTD.NS,-0.0028602807541071,1.1569472417661808,2.527104224239722
610,610,2018-10-03,GUJGASLTD.NS,-0.0136254820851245,1.1411832778500617,2.527104224239722
611,611,2018-10-04,GUJGASLTD.NS,-0.0032312042530692,1.137495881589141,2.527104224239722
612,612,2018-10-05,GUJGASLTD.NS,-0.0098064141212362,1.1263411259130771,2.527104224239722
613,613,2018-10-08,GUJGASLTD.NS,0.001227750884051,1.12772399222616,2.527104224239722
614,614,2018-10-09,GUJGASLTD.NS,-0.0169215151009904,1.1086411936619558,2.527104224239722
615,615,2018-10-10,GUJGASLTD.NS,0.0167969749896599,1.1272630120644025,2.527104224239722
616,616,2018-10-11,GUJGASLTD.NS,-0.0117762825439271,1.1139880443330137,2.527104224239722
617,617,2018-10-12,GUJGASLTD.NS,0.0105097262157893,1.1256957536866163,2.527104224239722
618,618,2018-10-15,GUJGASLTD.NS,0.1365163516132199,1.2793716310064072,2.527104224239722
619,619,2018-10-16,GUJGASLTD.NS,-0.0206802031692878,1.2529139657481714,2.527104224239722
620,620,2018-10-17,GUJGASLTD.NS,-0.0554042146904882,1.1834972514011486,2.527104224239722
621,621,2018-10-19,GUJGASLTD.NS,0.0039724674196253,1.1881986556735558,2.527104224239722
622,622,2018-10-22,GUJGASLTD.NS,-0.0128792082481167,1.1728955977470037,2.527104224239722
623,623,2018-10-23,GUJGASLTD.NS,-0.0178416121524213,1.1519692493967193,2.527104224239722
624,624,2018-10-24,GUJGASLTD.NS,0.002000577811634,1.1542738535167472,2.527104224239722
625,625,2018-10-25,GUJGASLTD.NS,-0.0241993938601025,1.1263411259130771,2.527104224239722
626,626,2018-10-26,GUJGASLTD.NS,0.0039286842947652,1.130766164605,2.527104224239722
627,627,2018-10-29,GUJGASLTD.NS,0.008723364479851,1.1406302500003327,2.527104224239722
628,628,2018-10-30,GUJGASLTD.NS,-0.0128505796442599,1.1259724901280512,2.527104224239722
629,629,2018-10-31,GUJGASLTD.NS,0.0278367916358073,1.1573159517233969,2.527104224239722
630,630,2018-11-01,GUJGASLTD.NS,0.0003187828468422,1.1576848841971832,2.527104224239722
631,631,2018-11-02,GUJGASLTD.NS,0.0103518871517251,1.1696691074756504,2.527104224239722
632,632,2018-11-05,GUJGASLTD.NS,-0.0126892520408671,1.1548268813664757,2.527104224239722
633,633,2018-11-06,GUJGASLTD.NS,0.0178814531450512,1.175476864136276,2.527104224239722
634,634,2018-11-07,GUJGASLTD.NS,0.0034507310915874,1.1795331186987927,2.527104224239722
635,635,2018-11-09,GUJGASLTD.NS,0.0107854466615686,1.1922549102360722,2.527104224239722
636,636,2018-11-12,GUJGASLTD.NS,-0.0162375615506886,1.1728955977470032,2.527104224239722
637,637,2018-11-13,GUJGASLTD.NS,-0.0142261390760661,1.1562098218517487,2.527104224239722
638,638,2018-11-14,GUJGASLTD.NS,-0.0040664131199367,1.151508195062771,2.527104224239722
639,639,2018-11-15,GUJGASLTD.NS,0.000320261836596,1.1518769791921772,2.527104224239722
640,640,2018-11-16,GUJGASLTD.NS,0.0008003338620168,1.1527988653435024,2.527104224239722
641,641,2018-11-19,GUJGASLTD.NS,-0.0119153030993427,1.139062917450356,2.527104224239722
642,642,2018-11-20,GUJGASLTD.NS,0.0015376693168356,1.1408144195484649,2.527104224239722
643,643,2018-11-21,GUJGASLTD.NS,0.0035557079551138,1.144870822455362,2.527104224239722
644,644,2018-11-22,GUJGASLTD.NS,-0.0032209263551604,1.1411832778500612,2.527104224239722
645,645,2018-11-26,GUJGASLTD.NS,0.0224573050311023,1.1668111788171334,2.527104224239722
646,646,2018-11-27,GUJGASLTD.NS,0.0001580307662889,1.1669955708818365,2.527104224239722
647,647,2018-11-28,GUJGASLTD.NS,0.0047396654293994,1.172526739445407,2.527104224239722
648,648,2018-11-29,GUJGASLTD.NS,0.0051105845761292,1.178519036515116,2.527104224239722
649,649,2018-11-30,GUJGASLTD.NS,0.005788358345143,1.185340727015038,2.527104224239722
650,650,2018-12-03,GUJGASLTD.NS,-0.0018664743708314,1.1831283189273618,2.527104224239722
651,651,2018-12-04,GUJGASLTD.NS,-0.0044413226821165,1.1778736642886554,2.527104224239722
652,652,2018-12-05,GUJGASLTD.NS,-0.0043045265001957,1.1728034758868422,2.527104224239722
653,653,2018-12-06,GUJGASLTD.NS,-0.0082534025158136,1.1631238567284028,2.527104224239722
654,654,2018-12-07,GUJGASLTD.NS,0.0168819737471159,1.182759683142336,2.527104224239722
655,655,2018-12-10,GUJGASLTD.NS,-0.0242401073514118,1.1540894614520438,2.527104224239722
656,656,2018-12-11,GUJGASLTD.NS,-0.0042335926673684,1.1492035167705532,2.527104224239722
657,657,2018-12-12,GUJGASLTD.NS,0.0208567662069645,1.173172185844058,2.527104224239722
658,658,2018-12-13,GUJGASLTD.NS,0.0168945519829011,1.1929924043226945,2.527104224239722
659,659,2018-12-14,GUJGASLTD.NS,0.0510007620572698,1.2538359260716865,2.527104224239722
660,660,2018-12-17,GUJGASLTD.NS,-0.0152932426918115,1.2346607089585595,2.527104224239722
661,661,2018-12-18,GUJGASLTD.NS,0.0139626817965849,1.251899883564494,2.527104224239722
662,662,2018-12-19,GUJGASLTD.NS,-0.0042711667744579,1.2465528103768655,2.527104224239722
663,663,2018-12-20,GUJGASLTD.NS,0.0101318548949964,1.2591827025705542,2.527104224239722
664,664,2018-12-21,GUJGASLTD.NS,-0.0303829180136282,1.220925057754174,2.527104224239722
665,665,2018-12-24,GUJGASLTD.NS,0.015025498635081,1.2392700655429958,2.527104224239722
666,666,2018-12-26,GUJGASLTD.NS,-0.0119763478785478,1.2244281361225822,2.527104224239722
667,667,2018-12-27,GUJGASLTD.NS,0.0079054203941211,1.2341077552810211,2.527104224239722
668,668,2018-12-28,GUJGASLTD.NS,-0.0079928281634501,1.224243744057879,2.527104224239722
669,669,2018-12-31,GUJGASLTD.NS,0.0091116692036099,1.2353986480783234,2.527104224239722
670,670,2019-01-01,GUJGASLTD.NS,-0.0014926914435915,1.2335545790869125,2.527104224239722
671,671,2019-01-02,GUJGASLTD.NS,0.0007475215799355,1.234476687754808,2.527104224239722
672,672,2019-01-03,GUJGASLTD.NS,-0.0026138905595555,1.2312499007946944,2.527104224239722
673,673,2019-01-04,GUJGASLTD.NS,-0.0099580201936325,1.2189890894191728,2.527104224239722
674,674,2019-01-07,GUJGASLTD.NS,-0.0062768853778106,1.2113376346280869,2.527104224239722
675,675,2019-01-08,GUJGASLTD.NS,0.0005327152693217,1.2119829326823572,2.527104224239722
676,676,2019-01-09,GUJGASLTD.NS,0.006389179618321,1.2197265093336045,2.527104224239722
677,677,2019-01-10,GUJGASLTD.NS,0.0123197226846185,1.234753201679672,2.527104224239722
678,678,2019-01-11,GUJGASLTD.NS,-7.490786092834156e-05,1.2346607089585595,2.527104224239722
679,679,2019-01-14,GUJGASLTD.NS,-0.0005970850068462,1.2339235115606983,2.527104224239722
680,680,2019-01-15,GUJGASLTD.NS,0.0706013946197905,1.3210402323310328,2.527104224239722
681,681,2019-01-16,GUJGASLTD.NS,0.0,1.3210402323310328,2.527104224239722
682,682,2019-01-17,GUJGASLTD.NS,-0.017445823385055,1.2979935977532335,2.527104224239722
683,683,2019-01-18,GUJGASLTD.NS,-0.0308950981769208,1.2578919581176329,2.527104224239722
684,684,2019-01-21,GUJGASLTD.NS,-0.0249174512906892,1.2265484965222868,2.527104224239722
685,685,2019-01-22,GUJGASLTD.NS,-0.0229237128217149,1.1984314510261038,2.527104224239722
686,686,2019-01-23,GUJGASLTD.NS,0.0011537112075361,1.1998140948226164,2.527104224239722
687,687,2019-01-24,GUJGASLTD.NS,-0.0280443994286867,1.1661660291072429,2.527104224239722
688,688,2019-01-25,GUJGASLTD.NS,-0.0110672558212427,1.15325977133307,2.527104224239722
689,689,2019-01-28,GUJGASLTD.NS,0.0127897305525477,1.1680096530655126,2.527104224239722
690,690,2019-01-29,GUJGASLTD.NS,0.0090765562441545,1.1786111583752772,2.527104224239722
691,691,2019-01-30,GUJGASLTD.NS,0.008603917772479,1.1887518318676644,2.527104224239722
692,692,2019-01-31,GUJGASLTD.NS,-0.010856982448469,1.175845574093492,2.527104224239722
693,693,2019-02-01,GUJGASLTD.NS,-0.0019598916716715,1.1735410441456542,2.527104224239722
694,694,2019-02-04,GUJGASLTD.NS,0.003927607187707,1.17815025238571,2.527104224239722
695,695,2019-02-05,GUJGASLTD.NS,-0.0058685510295933,1.171236217509056,2.527104224239722
696,696,2019-02-06,GUJGASLTD.NS,-0.0062967151766415,1.1638612766428345,2.527104224239722
697,697,2019-02-07,GUJGASLTD.NS,0.007524722389919,1.1726190096499487,2.527104224239722
698,698,2019-02-08,GUJGASLTD.NS,-0.0239779888137549,1.144501964153766,2.527104224239722
699,699,2019-02-11,GUJGASLTD.NS,0.0068465123706298,1.1523378110095548,2.527104224239722
700,700,2019-02-12,GUJGASLTD.NS,-0.00719986673517,1.1440411323363884,2.527104224239722
701,701,2019-02-14,GUJGASLTD.NS,-0.0189363091909589,1.1223772157272918,2.527104224239722
702,702,2019-02-15,GUJGASLTD.NS,-0.0201232496669817,1.0997913387946796,2.527104224239722
703,703,2019-02-18,GUJGASLTD.NS,-0.0108969503578576,1.0878069671718322,2.527104224239722
704,704,2019-02-19,GUJGASLTD.NS,-0.0046610629451803,1.0827366304256387,2.527104224239722
705,705,2019-02-20,GUJGASLTD.NS,0.0076628987665035,1.0910335316153754,2.527104224239722
706,706,2019-02-21,GUJGASLTD.NS,-0.0046473465493553,1.0859631206969915,2.527104224239722
707,707,2019-02-22,GUJGASLTD.NS,-0.0021221070070579,1.083658590749154,2.527104224239722
708,708,2019-02-25,GUJGASLTD.NS,0.0246702969102272,1.1103927699322542,2.527104224239722
709,709,2019-02-26,GUJGASLTD.NS,-0.0311332848334183,1.0758225955489849,2.527104224239722
710,710,2019-02-27,GUJGASLTD.NS,0.0107112376229738,1.0873459870100746,2.527104224239722
711,711,2019-02-28,GUJGASLTD.NS,0.0093260780041792,1.0974866605024618,2.527104224239722
712,712,2019-03-01,GUJGASLTD.NS,0.0155395837291203,1.1145411463549324,2.527104224239722
713,713,2019-03-05,GUJGASLTD.NS,0.0107526738603158,1.1265254438055896,2.527104224239722
714,714,2019-03-06,GUJGASLTD.NS,0.0106382838634984,1.138509741256247,2.527104224239722
715,715,2019-03-07,GUJGASLTD.NS,0.037651852985918,1.1813767426570627,2.527104224239722
716,716,2019-03-08,GUJGASLTD.NS,0.0589154385854544,1.2509780715853591,2.527104224239722
717,717,2019-03-11,GUJGASLTD.NS,0.0397936328669554,1.300759033690639,2.527104224239722
718,718,2019-03-12,GUJGASLTD.NS,0.0804394452922383,1.4053913688195818,2.527104224239722
719,719,2019-03-13,GUJGASLTD.NS,0.0036077228638895,1.4104616313935852,2.527104224239722
720,720,2019-03-14,GUJGASLTD.NS,0.0153594512086741,1.4321255480026818,2.527104224239722
721,721,2019-03-15,GUJGASLTD.NS,-0.0392663811909186,1.3758911603215551,2.527104224239722
722,722,2019-03-18,GUJGASLTD.NS,-0.0291456154083351,1.3357899657190953,2.527104224239722
723,723,2019-03-19,GUJGASLTD.NS,0.0138026387462928,1.3542273920568388,2.527104224239722
724,724,2019-03-20,GUJGASLTD.NS,0.0347176009314551,1.4012429182247137,2.527104224239722
725,725,2019-03-22,GUJGASLTD.NS,-0.0131579086666162,1.38280549188697,2.527104224239722
726,726,2019-03-25,GUJGASLTD.NS,-0.01299992812385,1.364829119883174,2.527104224239722
727,727,2019-03-26,GUJGASLTD.NS,-0.0097940200491064,1.351461956119434,2.527104224239722
728,728,2019-03-27,GUJGASLTD.NS,-0.0156889437571821,1.330258945499905,2.527104224239722
729,729,2019-03-28,GUJGASLTD.NS,0.0017325035099478,1.332563623792123,2.527104224239722
730,730,2019-04-01,GUJGASLTD.NS,0.0062260475618913,1.340860228293099,2.527104224239722
731,731,2019-04-02,GUJGASLTD.NS,0.0144381454510615,1.3602197632987385,2.527104224239722
732,732,2019-04-03,GUJGASLTD.NS,-0.0135547408111686,1.341782336960995,2.527104224239722
733,733,2019-04-04,GUJGASLTD.NS,0.0257642577984642,1.3763523629998835,2.527104224239722
734,734,2019-04-05,GUJGASLTD.NS,0.0294709395436927,1.416914760280672,2.527104224239722
735,735,2019-04-08,GUJGASLTD.NS,0.0191932742034961,1.44410999379772,2.527104224239722
736,736,2019-04-09,GUJGASLTD.NS,-0.0086179054875843,1.4316647903574953,2.527104224239722
737,737,2019-04-10,GUJGASLTD.NS,-0.0186735943410361,1.404930462830015,2.527104224239722
738,738,2019-04-11,GUJGASLTD.NS,0.027887167375376,1.44410999379772,2.527104224239722
739,739,2019-04-12,GUJGASLTD.NS,0.0229811497827188,1.4772973018679063,2.527104224239722
740,740,2019-04-15,GUJGASLTD.NS,-0.0149766542692993,1.455172330924862,2.527104224239722
741,741,2019-04-16,GUJGASLTD.NS,0.0190054050086549,1.4828284704314776,2.527104224239722
742,742,2019-04-18,GUJGASLTD.NS,-0.000621757905179,1.4819065101079625,2.527104224239722
743,743,2019-04-22,GUJGASLTD.NS,-0.014619049721226,1.460242445154485,2.527104224239722
744,744,2019-04-23,GUJGASLTD.NS,-0.0015780815104395,1.457938063551028,2.527104224239722
745,745,2019-04-24,GUJGASLTD.NS,-0.0031617620723674,1.4533284102778314,2.527104224239722
746,746,2019-04-25,GUJGASLTD.NS,0.000634480590467,1.4542505189457269,2.527104224239722
747,747,2019-04-26,GUJGASLTD.NS,0.0006338742652147,1.455172330924862,2.527104224239722
748,748,2019-04-30,GUJGASLTD.NS,0.0079188168107797,1.4666955740415712,2.527104224239722
749,749,2019-05-02,GUJGASLTD.NS,0.0084852998842228,1.4791409258261763,2.527104224239722
750,750,2019-05-03,GUJGASLTD.NS,-0.0165160063279549,1.4547114249352942,2.527104224239722
751,751,2019-05-06,GUJGASLTD.NS,0.0133078558679495,1.4740705149077926,2.527104224239722
752,752,2019-05-07,GUJGASLTD.NS,0.0109443529887949,1.4902032629533182,2.527104224239722
753,753,2019-05-08,GUJGASLTD.NS,-0.0080419560231848,1.478219113847041,2.527104224239722
754,754,2019-05-09,GUJGASLTD.NS,0.0240097623831132,1.5137108035206848,2.527104224239722
755,755,2019-05-10,GUJGASLTD.NS,-0.0018268268856859,1.51094551592766,2.527104224239722
756,756,2019-05-13,GUJGASLTD.NS,-0.0369127704572166,1.4551723309248614,2.527104224239722
757,757,2019-05-14,GUJGASLTD.NS,0.0250237017071346,1.491586129266401,2.527104224239722
758,758,2019-05-15,GUJGASLTD.NS,-0.0166873067109251,1.466695574041571,2.527104224239722
759,759,2019-05-16,GUJGASLTD.NS,-0.0081708497103144,1.454711424935294,2.527104224239722
760,760,2019-05-17,GUJGASLTD.NS,0.0114067336010996,1.4713049306260069,2.527104224239722
761,761,2019-05-20,GUJGASLTD.NS,0.0482455888288273,1.5422889033508156,2.527104224239722
762,762,2019-05-21,GUJGASLTD.NS,-0.026598782168806,1.5012658967692205,2.527104224239722
763,763,2019-05-22,GUJGASLTD.NS,0.0003070115630812,1.5017268027587882,2.527104224239722
764,764,2019-05-23,GUJGASLTD.NS,-0.0018417015805304,1.4989610701326224,2.527104224239722
765,765,2019-05-24,GUJGASLTD.NS,0.0187575899815164,1.5270779672844252,2.527104224239722
766,766,2019-05-27,GUJGASLTD.NS,0.0265622940272529,1.567640661253974,2.527104224239722
767,767,2019-05-28,GUJGASLTD.NS,0.0355776920291188,1.623413697912392,2.527104224239722
768,768,2019-05-29,GUJGASLTD.NS,0.0247017717381758,1.663514892514852,2.527104224239722
769,769,2019-05-30,GUJGASLTD.NS,0.0335273133133675,1.7192880775176504,2.527104224239722
770,770,2019-05-31,GUJGASLTD.NS,-0.0139409998910252,1.6953194826163358,2.527104224239722
771,771,2019-06-03,GUJGASLTD.NS,0.0160413619945418,1.7225147161333838,2.527104224239722
772,772,2019-06-04,GUJGASLTD.NS,-0.0096333888353312,1.7059210620982908,2.527104224239722
773,773,2019-06-06,GUJGASLTD.NS,-0.0332342440934508,1.6492260651163573,2.527104224239722
774,774,2019-06-07,GUJGASLTD.NS,0.0201228687975318,1.6824132248421635,2.527104224239722
775,775,2019-06-10,GUJGASLTD.NS,0.0175342843087991,1.7119131366514295,2.527104224239722
776,776,2019-06-11,GUJGASLTD.NS,0.014808847874131,1.737264597865827,2.527104224239722
777,777,2019-06-12,GUJGASLTD.NS,-0.0183071096088608,1.7054603044531038,2.527104224239722
778,778,2019-06-13,GUJGASLTD.NS,-0.0167569119608886,1.6768820562785929,2.527104224239722
779,779,2019-06-14,GUJGASLTD.NS,0.01731726194515,1.705921062098291,2.527104224239722
780,780,2019-06-17,GUJGASLTD.NS,-0.0245880448549467,1.66397579850442,2.527104224239722
781,781,2019-06-18,GUJGASLTD.NS,0.0072022957339938,1.6759602442994574,2.527104224239722
782,782,2019-06-19,GUJGASLTD.NS,-0.0291529290699658,1.6271010941733128,2.527104224239722
783,783,2019-06-20,GUJGASLTD.NS,0.0152974853953227,1.6519916493981428,2.527104224239722
784,784,2019-06-21,GUJGASLTD.NS,-0.015346088200878,1.626640039839365,2.527104224239722
785,785,2019-06-24,GUJGASLTD.NS,-0.0442051906305128,1.5547341067910407,2.527104224239722
786,786,2019-06-25,GUJGASLTD.NS,0.0097837207946549,1.5699451912018116,2.527104224239722
787,787,2019-06-26,GUJGASLTD.NS,0.0137990602386142,1.591608959466528,2.527104224239722
788,788,2019-06-27,GUJGASLTD.NS,0.0063713347628968,1.6017496329589154,2.527104224239722
789,789,2019-06-28,GUJGASLTD.NS,-0.0080574147293986,1.5888436718735033,2.527104224239722
790,790,2019-07-01,GUJGASLTD.NS,-0.0034814408429553,1.5833122066211718,2.527104224239722
791,791,2019-07-02,GUJGASLTD.NS,-0.0221250943951309,1.5482812745927153,2.527104224239722
792,792,2019-07-03,GUJGASLTD.NS,-0.0175648845643903,1.5210858927312871,2.527104224239722
793,793,2019-07-04,GUJGASLTD.NS,-0.0112119977982685,1.5040314810510067,2.527104224239722
794,794,2019-07-05,GUJGASLTD.NS,0.0055163425432815,1.5123282338963633,2.527104224239722
795,795,2019-07-08,GUJGASLTD.NS,-0.0188965612760811,1.483750430754993,2.527104224239722
796,796,2019-07-09,GUJGASLTD.NS,0.0208138977673315,1.5146330605329614,2.527104224239722
797,797,2019-07-10,GUJGASLTD.NS,0.0139986791703121,1.5358359228081104,2.527104224239722
798,798,2019-07-11,GUJGASLTD.NS,-0.0162064231672223,1.5109455159276608,2.527104224239722
799,799,2019-07-12,GUJGASLTD.NS,0.0057963410535737,1.5197034714513455,2.527104224239722
800,800,2019-07-15,GUJGASLTD.NS,0.0109188125565611,1.536296828797678,2.527104224239722
801,801,2019-07-16,GUJGASLTD.NS,-0.0243024381520556,1.498961070132623,2.527104224239722
802,802,2019-07-17,GUJGASLTD.NS,0.0086100364358698,1.5118671795624157,2.527104224239722
803,803,2019-07-18,GUJGASLTD.NS,-0.0054876543476375,1.5035705750614392,2.527104224239722
804,804,2019-07-19,GUJGASLTD.NS,0.0153280353476177,1.5266173579836189,2.527104224239722
805,805,2019-07-22,GUJGASLTD.NS,-0.0108695567676567,1.5100237039485258,2.527104224239722
806,806,2019-07-23,GUJGASLTD.NS,-0.0173992455382198,1.4837504307549934,2.527104224239722
807,807,2019-07-24,GUJGASLTD.NS,0.0242311914127348,1.5197034714513455,2.527104224239722
808,808,2019-07-25,GUJGASLTD.NS,-0.019411818852959,1.490203262953319,2.527104224239722
809,809,2019-07-26,GUJGASLTD.NS,-0.0167027920577098,1.465312707728489,2.527104224239722
810,810,2019-07-29,GUJGASLTD.NS,0.0235922515764428,1.4998827337673784,2.527104224239722
811,811,2019-07-30,GUJGASLTD.NS,0.0058390935014542,1.5086406892910629,2.527104224239722
812,812,2019-07-31,GUJGASLTD.NS,0.0531624151143172,1.5888436718735042,2.527104224239722
813,813,2019-08-01,GUJGASLTD.NS,-0.00986377116753,1.5731716814731658,2.527104224239722
814,814,2019-08-02,GUJGASLTD.NS,0.0334016604836535,1.625718227860231,2.527104224239722
815,815,2019-08-05,GUJGASLTD.NS,0.0303373950482348,1.675038283975943,2.527104224239722
816,816,2019-08-06,GUJGASLTD.NS,0.0154101048288135,1.7008507995242883,2.527104224239722
817,817,2019-08-07,GUJGASLTD.NS,-0.0105692214141206,1.682874130831732,2.527104224239722
818,818,2019-08-08,GUJGASLTD.NS,0.0134211900982812,1.7054603044531045,2.527104224239722
819,819,2019-08-09,GUJGASLTD.NS,0.0086486221308872,1.720210186185547,2.527104224239722
820,820,2019-08-13,GUJGASLTD.NS,-0.0222401421034508,1.6819524671969768,2.527104224239722
821,821,2019-08-14,GUJGASLTD.NS,0.0348040568483725,1.7404912364815608,2.527104224239722
822,822,2019-08-16,GUJGASLTD.NS,-0.0243644832531093,1.6980850668981222,2.527104224239722
823,823,2019-08-19,GUJGASLTD.NS,0.0038002388766507,1.7045381957852084,2.527104224239722
824,824,2019-08-20,GUJGASLTD.NS,-0.0073012171102988,1.6920929923449834,2.527104224239722
825,825,2019-08-21,GUJGASLTD.NS,0.0002723004275011,1.6925537499901706,2.527104224239722
826,826,2019-08-22,GUJGASLTD.NS,-0.0242376064068713,1.6515302983754347,2.527104224239722
827,827,2019-08-23,GUJGASLTD.NS,-0.01814106658506,1.621569777265362,2.527104224239722
828,828,2019-08-26,GUJGASLTD.NS,0.0210349043011799,1.6556793423478244,2.527104224239722
829,829,2019-08-27,GUJGASLTD.NS,0.0022270302118474,1.6593665902643648,2.527104224239722
830,830,2019-08-28,GUJGASLTD.NS,-0.0097222326520117,1.6432338422188393,2.527104224239722
831,831,2019-08-29,GUJGASLTD.NS,-0.0064516560026779,1.6326322627368846,2.527104224239722
832,832,2019-08-30,GUJGASLTD.NS,0.0059289331245928,1.6423120302397043,2.527104224239722
833,833,2019-09-03,GUJGASLTD.NS,-0.0359248562588441,1.5833122066211724,2.527104224239722
834,834,2019-09-04,GUJGASLTD.NS,-0.0294031229563337,1.536757883131626,2.527104224239722
835,835,2019-09-05,GUJGASLTD.NS,0.0434911540192408,1.603593256917186,2.527104224239722
836,836,2019-09-06,GUJGASLTD.NS,-0.0054612719261242,1.5948355980822622,2.527104224239722
837,837,2019-09-09,GUJGASLTD.NS,0.0098267121822359,1.6105075884826008,2.527104224239722
838,838,2019-09-11,GUJGASLTD.NS,0.0128790501140969,1.6312493964238015,2.527104224239722
839,839,2019-09-12,GUJGASLTD.NS,0.0088093632370251,1.6456196648870771,2.527104224239722
840,840,2019-09-13,GUJGASLTD.NS,-0.0036617799364099,1.639593767815232,2.527104224239722
841,841,2019-09-16,GUJGASLTD.NS,0.0084815199439625,1.6535000150569534,2.527104224239722
842,842,2019-09-17,GUJGASLTD.NS,-0.0204653339327517,1.6196605850910029,2.527104224239722
843,843,2019-09-18,GUJGASLTD.NS,-0.0311962167553088,1.5691333024084737,2.527104224239722
844,844,2019-09-19,GUJGASLTD.NS,-0.0014771727414785,1.5668154214664098,2.527104224239722
845,845,2019-09-20,GUJGASLTD.NS,0.0304733547976741,1.614561543707223,2.527104224239722
846,846,2019-09-23,GUJGASLTD.NS,0.0424921310187897,1.6831677043603297,2.527104224239722
847,847,2019-09-24,GUJGASLTD.NS,-0.0165244285983345,1.6553543198106049,2.527104224239722
848,848,2019-09-25,GUJGASLTD.NS,-0.0165219371403586,1.6280046597936726,2.527104224239722
849,849,2019-09-26,GUJGASLTD.NS,-0.0119590013025656,1.608535349946617,2.527104224239722
850,850,2019-09-27,GUJGASLTD.NS,-0.0066281782096532,1.597873690990644,2.527104224239722
851,851,2019-09-30,GUJGASLTD.NS,0.0287206467509268,1.643765656822186,2.527104224239722
852,852,2019-10-01,GUJGASLTD.NS,-0.0318670023963199,1.5913837726972448,2.527104224239722
853,853,2019-10-03,GUJGASLTD.NS,-0.0142731419453185,1.5686697262200604,2.527104224239722
854,854,2019-10-04,GUJGASLTD.NS,0.0336878839065322,1.6215148898446534,2.527104224239722
855,855,2019-10-07,GUJGASLTD.NS,-0.005717633021787,1.6122436627651582,2.527104224239722
856,856,2019-10-09,GUJGASLTD.NS,0.0063255819773728,1.6224420422214791,2.527104224239722
857,857,2019-10-10,GUJGASLTD.NS,-0.029428553377129,1.574695919980666,2.527104224239722
858,858,2019-10-11,GUJGASLTD.NS,0.007948083948422,1.58721173534591,2.527104224239722
859,859,2019-10-14,GUJGASLTD.NS,0.016647309076951,1.613634539674777,2.527104224239722
860,860,2019-10-15,GUJGASLTD.NS,0.006032658783512,1.6233690462539243,2.527104224239722
861,861,2019-10-16,GUJGASLTD.NS,-0.0014277299441134,1.621051313656241,2.527104224239722
862,862,2019-10-17,GUJGASLTD.NS,0.0097225178542961,1.636812013995994,2.527104224239722
863,863,2019-10-18,GUJGASLTD.NS,0.0073635115742749,1.6488646982059658,2.527104224239722
864,864,2019-10-22,GUJGASLTD.NS,0.0216473713180089,1.6845582845811873,2.527104224239722
865,865,2019-10-23,GUJGASLTD.NS,-0.0151348302050586,1.659062780973526,2.527104224239722
866,866,2019-10-24,GUJGASLTD.NS,0.0027940263916035,1.6636982461688934,2.527104224239722
867,867,2019-10-25,GUJGASLTD.NS,-0.0080802610193321,1.6502551300824435,2.527104224239722
868,868,2019-10-27,GUJGASLTD.NS,0.0376404772642549,1.712371520786532,2.527104224239722
869,869,2019-10-29,GUJGASLTD.NS,0.007579948676357,1.7253512090289491,2.527104224239722
870,870,2019-10-30,GUJGASLTD.NS,0.0515849627473461,1.8143533868727963,2.527104224239722
871,871,2019-10-31,GUJGASLTD.NS,0.0022995441383697,1.818525572568511,2.527104224239722
872,872,2019-11-01,GUJGASLTD.NS,0.0010198379777484,1.8203801740109231,2.527104224239722
873,873,2019-11-04,GUJGASLTD.NS,0.0460909966269296,1.9042833104709904,2.527104224239722
874,874,2019-11-05,GUJGASLTD.NS,-0.0012171933290171,1.901965429528926,2.527104224239722
875,875,2019-11-06,GUJGASLTD.NS,-0.0458201378270693,1.814817111405589,2.527104224239722
876,876,2019-11-07,GUJGASLTD.NS,-0.008173740790993,1.7999832667539015,2.527104224239722
877,877,2019-11-08,GUJGASLTD.NS,0.0113317204852718,1.820380174010924,2.527104224239722
878,878,2019-11-11,GUJGASLTD.NS,0.0134961119071863,1.844948228552998,2.527104224239722
879,879,2019-11-13,GUJGASLTD.NS,-0.0020100624535304,1.841239767390076,2.527104224239722
880,880,2019-11-14,GUJGASLTD.NS,-0.0095668456987505,1.823624910641052,2.527104224239722
881,881,2019-11-15,GUJGASLTD.NS,-0.0144890848059312,1.7972022546565651,2.527104224239722
882,882,2019-11-18,GUJGASLTD.NS,-0.0010317729954133,1.7953479499029146,2.527104224239722
883,883,2019-11-19,GUJGASLTD.NS,0.0038728970578805,1.8023011476959647,2.527104224239722
884,884,2019-11-20,GUJGASLTD.NS,-0.0033436108989384,1.79627495393536,2.527104224239722
885,885,2019-11-21,GUJGASLTD.NS,0.0007742292248695,1.797665682500598,2.527104224239722
886,886,2019-11-22,GUJGASLTD.NS,0.0036101920154425,1.8041556007939967,2.527104224239722
887,887,2019-11-25,GUJGASLTD.NS,-0.0177288312778363,1.7721700305485566,2.527104224239722
888,888,2019-11-26,GUJGASLTD.NS,0.0803035310276198,1.9144815415829304,2.527104224239722
889,889,2019-11-27,GUJGASLTD.NS,-0.0135594812073093,1.8885221650980963,2.527104224239722
890,890,2019-11-28,GUJGASLTD.NS,0.0054002690512087,1.8987206928987967,2.527104224239722
891,891,2019-11-29,GUJGASLTD.NS,0.0380859712997732,1.9710353147148263,2.527104224239722
892,892,2019-12-02,GUJGASLTD.NS,0.0192849507510746,2.0090466336877304,2.527104224239722
893,893,2019-12-03,GUJGASLTD.NS,-0.0140747416807608,1.9807698212939733,2.527104224239722
894,894,2019-12-04,GUJGASLTD.NS,0.0147438197013145,2.009973934408937,2.527104224239722
895,895,2019-12-05,GUJGASLTD.NS,0.0299814522837471,2.070235872014994,2.527104224239722
896,896,2019-12-06,GUJGASLTD.NS,0.017689234155132,2.106856759111421,2.527104224239722
897,897,2019-12-09,GUJGASLTD.NS,0.0134213968822749,2.135133719849559,2.527104224239722
898,898,2019-12-10,GUJGASLTD.NS,-0.0184542747185315,2.095731375622655,2.527104224239722
899,899,2019-12-11,GUJGASLTD.NS,-0.0176951661705411,2.0586470606821954,2.527104224239722
900,900,2019-12-12,GUJGASLTD.NS,0.0258951080909035,2.1119559488395816,2.527104224239722
901,901,2019-12-13,GUJGASLTD.NS,0.01712029596445,2.1481132597475963,2.527104224239722
902,902,2019-12-16,GUJGASLTD.NS,-0.0131636956078566,2.119836150665078,2.527104224239722
903,903,2019-12-17,GUJGASLTD.NS,0.0010934945541507,2.1221541799515222,2.527104224239722
904,904,2019-12-18,GUJGASLTD.NS,0.0034949270187489,2.1295709539329857,2.527104224239722
905,905,2019-12-19,GUJGASLTD.NS,-0.0202437531472933,2.0864604452319204,2.527104224239722
906,906,2019-12-20,GUJGASLTD.NS,0.0151076667165779,2.117981994255807,2.527104224239722
907,907,2019-12-23,GUJGASLTD.NS,-0.0111622040520212,2.0943406470574164,2.527104224239722
908,908,2019-12-24,GUJGASLTD.NS,-0.0095174286566485,2.0744079093663284,2.527104224239722
909,909,2019-12-26,GUJGASLTD.NS,-0.0008938244020855,2.0725537529570577,2.527104224239722
910,910,2019-12-27,GUJGASLTD.NS,0.0102884985375661,2.093877219213384,2.527104224239722
911,911,2019-12-30,GUJGASLTD.NS,0.015939808607525,2.127253221335302,2.527104224239722
912,912,2019-12-31,GUJGASLTD.NS,0.0353018992724181,2.202349300281808,2.527104224239722
913,913,2020-01-01,GUJGASLTD.NS,0.0721952085628951,2.361348367343999,2.527104224239722
914,914,2020-01-02,GUJGASLTD.NS,0.0013741661414234,2.364593252318509,2.527104224239722
915,915,2020-01-03,GUJGASLTD.NS,-0.0172515608795568,2.323800327870747,2.527104224239722
916,916,2020-01-06,GUJGASLTD.NS,0.0091761181029976,2.345123794127073,2.527104224239722
917,917,2020-01-07,GUJGASLTD.NS,0.0112670623404431,2.37154645011156,2.527104224239722
918,918,2020-01-08,GUJGASLTD.NS,0.0156372493918874,2.4086309133964,2.527104224239722
919,919,2020-01-09,GUJGASLTD.NS,0.035604165168009,2.4943882062657377,2.527104224239722
920,920,2020-01-10,GUJGASLTD.NS,-0.0247164291940076,2.432735836783203,2.527104224239722
921,921,2020-01-13,GUJGASLTD.NS,0.0026676837866621,2.4392256067322213,2.527104224239722
922,922,2020-01-14,GUJGASLTD.NS,0.0205245480552109,2.489289609915098,2.527104224239722
923,923,2020-01-15,GUJGASLTD.NS,-0.0040968439635629,2.479091378803157,2.527104224239722
924,924,2020-01-16,GUJGASLTD.NS,0.0138368072104559,2.51339408826876,2.527104224239722
925,925,2020-01-17,GUJGASLTD.NS,-0.0044263791326289,2.502268853124374,2.527104224239722
926,926,2020-01-20,GUJGASLTD.NS,0.0064840041233171,2.5184935746856807,2.527104224239722
927,927,2020-01-21,GUJGASLTD.NS,0.0176696661150295,2.562994515263224,2.527104224239722
928,928,2020-01-22,GUJGASLTD.NS,0.0153736735217389,2.6023971561788883,2.527104224239722
929,929,2020-01-23,GUJGASLTD.NS,0.0354469580476344,2.6946442189972446,2.527104224239722
930,930,2020-01-24,GUJGASLTD.NS,0.0130743061796261,2.729874822561574,2.527104224239722
931,931,2020-01-27,GUJGASLTD.NS,0.0264898697335329,2.8021888510000816,2.527104224239722
932,932,2020-01-28,GUJGASLTD.NS,-0.0367244591962393,2.6992799808813723,2.527104224239722
933,933,2020-01-29,GUJGASLTD.NS,0.0128799467224678,2.7340465632241484,2.527104224239722
934,934,2020-01-30,GUJGASLTD.NS,-0.0223804125379359,2.6728574732412658,2.527104224239722
935,935,2020-01-31,GUJGASLTD.NS,0.0,2.6728574732412658,2.527104224239722
936,936,2020-02-03,GUJGASLTD.NS,-0.0187305728152225,2.6227933217140085,2.527104224239722
937,937,2020-02-04,GUJGASLTD.NS,0.033227234893981,2.7099414914929647,2.527104224239722
938,938,2020-02-05,GUJGASLTD.NS,0.0135135342262506,2.746562378589392,2.527104224239722
939,939,2020-02-06,GUJGASLTD.NS,0.0200846113578929,2.80172601653357,2.527104224239722
940,940,2020-02-07,GUJGASLTD.NS,0.0072796454889738,2.822121588691169,2.527104224239722
941,941,2020-02-10,GUJGASLTD.NS,-0.0151114464047276,2.7794752495560378,2.527104224239722
942,942,2020-02-11,GUJGASLTD.NS,-0.0221816718472468,2.717821841662841,2.527104224239722
943,943,2020-02-12,GUJGASLTD.NS,0.0286542841750709,2.7956990810510627,2.527104224239722
944,944,2020-02-13,GUJGASLTD.NS,-0.0137621732689674,2.757224185889745,2.527104224239722
945,945,2020-02-14,GUJGASLTD.NS,0.007397462392888,2.7776206481136256,2.527104224239722
946,946,2020-02-17,GUJGASLTD.NS,-0.0477304749623187,2.6450434953140185,2.527104224239722
947,947,2020-02-18,GUJGASLTD.NS,0.0033299260488783,2.6538512945494808,2.527104224239722
948,948,2020-02-19,GUJGASLTD.NS,0.0045414705586424,2.665903682070692,2.527104224239722
949,949,2020-02-20,GUJGASLTD.NS,-0.0003477816483249,2.664976529693866,2.527104224239722
950,950,2020-02-24,GUJGASLTD.NS,-0.0083492181041184,2.642726059405095,2.527104224239722
951,951,2020-02-25,GUJGASLTD.NS,0.0171899730134554,2.6881544490482243,2.527104224239722
952,952,2020-02-26,GUJGASLTD.NS,-0.01879638254758,2.6376268696769345,2.527104224239722
953,953,2020-02-27,GUJGASLTD.NS,0.0065026548851743,2.654778446926306,2.527104224239722
954,954,2020-02-28,GUJGASLTD.NS,-0.035795385015129,2.559749630288713,2.527104224239722
955,955,2020-03-02,GUJGASLTD.NS,0.0097790530460688,2.584781557707961,2.527104224239722
956,956,2020-03-03,GUJGASLTD.NS,0.0378409425605634,2.682592128164792,2.527104224239722
957,957,2020-03-04,GUJGASLTD.NS,0.0022463517107045,2.688618173581017,2.527104224239722
958,958,2020-03-05,GUJGASLTD.NS,-0.0034482138378119,2.6793472431902825,2.527104224239722
959,959,2020-03-06,GUJGASLTD.NS,-0.0164361324285073,2.635309137079251,2.527104224239722
960,960,2020-03-09,GUJGASLTD.NS,-0.0232190545734076,2.574119750407608,2.527104224239722
961,961,2020-03-11,GUJGASLTD.NS,-0.0043219571049963,2.5629945152632225,2.527104224239722
962,962,2020-03-12,GUJGASLTD.NS,-0.0558870561466449,2.419756296885164,2.527104224239722
963,963,2020-03-13,GUJGASLTD.NS,-0.0103449360335301,2.394724072777155,2.527104224239722
964,964,2020-03-16,GUJGASLTD.NS,0.0077429821771102,2.413266378591765,2.527104224239722
965,965,2020-03-17,GUJGASLTD.NS,-0.0359200270469634,2.3265817850012214,2.527104224239722
966,966,2020-03-18,GUJGASLTD.NS,-0.0571826601876488,2.193541649390723,2.527104224239722
967,967,2020-03-19,GUJGASLTD.NS,-0.0300084805252245,2.127716797523713,2.527104224239722
968,968,2020-03-20,GUJGASLTD.NS,0.0535947274959576,2.241751199475568,2.527104224239722
969,969,2020-03-23,GUJGASLTD.NS,-0.1517782390507444,1.901502150029272,2.527104224239722
970,970,2020-03-24,GUJGASLTD.NS,0.0143831084661831,1.928851661701824,2.527104224239722
971,971,2020-03-25,GUJGASLTD.NS,0.0149002586112882,1.957592050283994,2.527104224239722
972,972,2020-03-26,GUJGASLTD.NS,0.1025338453670268,2.158311490859534,2.527104224239722
973,973,2020-03-27,GUJGASLTD.NS,-0.0193298922129134,2.1165915623793268,2.527104224239722
974,974,2020-03-30,GUJGASLTD.NS,-0.0113887671331573,2.092486193959383,2.527104224239722
975,975,2020-03-31,GUJGASLTD.NS,0.0228181747416877,2.1402329095777173,2.527104224239722
976,976,2020-04-01,GUJGASLTD.NS,-0.0179771743637241,2.101757569383258,2.527104224239722
977,977,2020-04-03,GUJGASLTD.NS,-0.0141155160075483,2.0720901767686426,2.527104224239722
978,978,2020-04-07,GUJGASLTD.NS,0.0348993603786109,2.144404798584671,2.527104224239722
979,979,2020-04-08,GUJGASLTD.NS,-0.0079982927014021,2.1272532213352995,2.527104224239722
980,980,2020-04-09,GUJGASLTD.NS,0.0248419713716179,2.180098384959893,2.527104224239722
981,981,2020-04-13,GUJGASLTD.NS,0.0006379200933464,2.181489113525131,2.527104224239722
982,982,2020-04-15,GUJGASLTD.NS,0.054186191860732,2.299695701172702,2.527104224239722
983,983,2020-04-16,GUJGASLTD.NS,0.0332592760403993,2.376181915306925,2.527104224239722
984,984,2020-04-17,GUJGASLTD.NS,0.004682104413588,2.3873074471400715,2.527104224239722
985,985,2020-04-20,GUJGASLTD.NS,0.0238834763592064,2.4443246481159986,2.527104224239722
986,986,2020-04-21,GUJGASLTD.NS,-0.0432391317884178,2.3386341725224327,2.527104224239722
987,987,2020-04-22,GUJGASLTD.NS,0.0600595030770574,2.4790913788031554,2.527104224239722
988,988,2020-04-23,GUJGASLTD.NS,-0.0200075025142517,2.429490951808692,2.527104224239722
989,989,2020-04-24,GUJGASLTD.NS,-0.0145011064352146,2.3942606449331225,2.527104224239722
990,990,2020-04-27,GUJGASLTD.NS,-0.0108422112901577,2.3683015651370485,2.527104224239722
991,991,2020-04-28,GUJGASLTD.NS,-0.012526864421043,2.3386341725224327,2.527104224239722
992,992,2020-04-29,GUJGASLTD.NS,0.0192270182003704,2.3835991343215297,2.527104224239722
993,993,2020-04-30,GUJGASLTD.NS,0.0073900870493552,2.401214139414934,2.527104224239722
994,994,2020-05-04,GUJGASLTD.NS,-0.0305019134471362,2.3279725135664595,2.527104224239722
995,995,2020-05-05,GUJGASLTD.NS,-0.0388292176627735,2.2375791621242334,2.527104224239722
996,996,2020-05-06,GUJGASLTD.NS,-0.0263102903270289,2.1787078047390347,2.527104224239722
997,997,2020-05-07,GUJGASLTD.NS,-0.0040425349959939,2.169900302192332,2.527104224239722
998,998,2020-05-08,GUJGASLTD.NS,0.0418712705398045,2.260756784789831,2.527104224239722
999,999,2020-05-11,GUJGASLTD.NS,0.0344474860173169,2.338634172522433,2.527104224239722
1000,1000,2020-05-12,GUJGASLTD.NS,-0.0216055935404344,2.288106593151144,2.527104224239722
1001,1001,2020-05-13,GUJGASLTD.NS,-0.0160047571722753,2.251486002743477,2.527104224239722
1002,1002,2020-05-14,GUJGASLTD.NS,-0.0047355852872821,2.240823898754363,2.527104224239722
1003,1003,2020-05-15,GUJGASLTD.NS,-0.0074471288803529,2.2241361943821647,2.527104224239722
1004,1004,2020-05-18,GUJGASLTD.NS,-0.0343893107877911,2.147649683559181,2.527104224239722
1005,1005,2020-05-19,GUJGASLTD.NS,0.0515864696974792,2.258439348880908,2.527104224239722
1006,1006,2020-05-20,GUJGASLTD.NS,0.0248356246264196,2.3145291007912494,2.527104224239722
1007,1007,2020-05-21,GUJGASLTD.NS,0.0014020915365291,2.31777428245452,2.527104224239722
1008,1008,2020-05-22,GUJGASLTD.NS,-0.0107999849721084,2.292742355035271,2.527104224239722
1009,1009,2020-05-26,GUJGASLTD.NS,-0.0279013239201816,2.228771807921912,2.527104224239722
1010,1010,2020-05-27,GUJGASLTD.NS,-0.021422682400901,2.1810255373367187,2.527104224239722
1011,1011,2020-05-28,GUJGASLTD.NS,-0.0102019065124392,2.1587749187035667,2.527104224239722
1012,1012,2020-05-29,GUJGASLTD.NS,0.0330684410293657,2.2301622397983896,2.527104224239722
1013,1013,2020-06-01,GUJGASLTD.NS,0.0197465264996294,2.2742001975650417,2.527104224239722
1014,1014,2020-06-02,GUJGASLTD.NS,0.0222176706698944,2.3247276285919507,2.527104224239722
1015,1015,2020-06-03,GUJGASLTD.NS,0.0717846305383764,2.49160734251278,2.527104224239722
1016,1016,2020-06-04,GUJGASLTD.NS,0.0321861584312836,2.571802611187446,2.527104224239722
1017,1017,2020-06-05,GUJGASLTD.NS,0.0291995525793138,2.64689809675643,2.527104224239722
1018,1018,2020-06-08,GUJGASLTD.NS,0.0106831120990904,2.6751752058389484,2.527104224239722
1019,1019,2020-06-09,GUJGASLTD.NS,0.0242591224155248,2.7400726086403724,2.527104224239722
1020,1020,2020-06-10,GUJGASLTD.NS,-0.0094737573834563,2.714113825533059,2.527104224239722
1021,1021,2020-06-11,GUJGASLTD.NS,-0.0090521257229845,2.6895453259578432,2.527104224239722
1022,1022,2020-06-12,GUJGASLTD.NS,-0.0101690992639109,2.66219507256339,2.527104224239722
1023,1023,2020-06-15,GUJGASLTD.NS,0.0038308159914446,2.672393452019711,2.527104224239722
1024,1024,2020-06-16,GUJGASLTD.NS,-0.0024284485295807,2.6659036820706925,2.527104224239722
1025,1025,2020-06-17,GUJGASLTD.NS,-0.0013911265932989,2.6621950725633905,2.527104224239722
1026,1026,2020-06-18,GUJGASLTD.NS,0.021939986111704,2.720603595482078,2.527104224239722
1027,1027,2020-06-19,GUJGASLTD.NS,-0.0030672120312008,2.712258927401887,2.527104224239722
1028,1028,2020-06-22,GUJGASLTD.NS,-0.0054690751731203,2.69742537943896,2.527104224239722
1029,1029,2020-06-23,GUJGASLTD.NS,-0.0013747601126645,2.693717066620417,2.527104224239722
1030,1030,2020-06-24,GUJGASLTD.NS,0.0,2.693717066620417,2.527104224239722
1031,1031,2020-06-25,GUJGASLTD.NS,0.0629840353887518,2.8633782376717227,2.527104224239722
1032,1032,2020-06-26,GUJGASLTD.NS,-0.0063136726750204,2.8452998047342866,2.527104224239722
1033,1033,2020-06-29,GUJGASLTD.NS,0.0083088082564422,2.8689408552439164,2.527104224239722
1034,1034,2020-06-30,GUJGASLTD.NS,0.0284375162553942,2.95052640745068,2.527104224239722
1035,1035,2020-07-01,GUJGASLTD.NS,0.0262372881492276,3.027940218994869,2.527104224239722
1036,1036,2020-07-02,GUJGASLTD.NS,-0.0171462641757905,2.976022356091482,2.527104224239722
1037,1037,2020-07-03,GUJGASLTD.NS,0.0034267493813298,2.9862204388590423,2.527104224239722
1038,1038,2020-07-06,GUJGASLTD.NS,-0.0043464774834225,2.9732408989610053,2.527104224239722
1039,1039,2020-07-07,GUJGASLTD.NS,-0.0341439840725071,2.871722609063154,2.527104224239722
1040,1040,2020-07-08,GUJGASLTD.NS,-0.0479419723215958,2.734046563224147,2.527104224239722
1041,1041,2020-07-09,GUJGASLTD.NS,-0.0211935691907316,2.676102358215774,2.527104224239722
1042,1042,2020-07-10,GUJGASLTD.NS,0.0623591308903936,2.842981775447843,2.527104224239722
1043,1043,2020-07-13,GUJGASLTD.NS,0.0096200616736714,2.870331435464775,2.527104224239722
1044,1044,2020-07-14,GUJGASLTD.NS,-0.0329456014199723,2.775766640048736,2.527104224239722
1045,1045,2020-07-15,GUJGASLTD.NS,0.0053439463350086,2.790600188011663,2.527104224239722
1046,1046,2020-07-16,GUJGASLTD.NS,-0.0202657568183604,2.734046563224148,2.527104224239722
1047,1047,2020-07-17,GUJGASLTD.NS,-0.0057646056770763,2.718285862884395,2.527104224239722
1048,1048,2020-07-20,GUJGASLTD.NS,0.0017052898146807,2.7229213280797624,2.527104224239722
1049,1049,2020-07-21,GUJGASLTD.NS,0.04034724157014,2.832783692680283,2.527104224239722
1050,1050,2020-07-22,GUJGASLTD.NS,-0.016200150020978,2.786892171881882,2.527104224239722
1051,1051,2020-07-23,GUJGASLTD.NS,-0.0021624944282209,2.780865533088135,2.527104224239722
1052,1052,2020-07-24,GUJGASLTD.NS,-0.0208367518382041,2.7229213280797624,2.527104224239722
1053,1053,2020-07-27,GUJGASLTD.NS,-0.0248554567520871,2.6552418747703403,2.527104224239722
1054,1054,2020-07-28,GUJGASLTD.NS,0.0005237113176284,2.6566324549911986,2.527104224239722
1055,1055,2020-07-29,GUJGASLTD.NS,-0.012214167223384,2.6241839019348667,2.527104224239722
1056,1056,2020-07-30,GUJGASLTD.NS,0.0104221582933903,2.6515335619517986,2.527104224239722
1057,1057,2020-07-31,GUJGASLTD.NS,0.0113636567078672,2.681664679099207,2.527104224239722
1058,1058,2020-08-03,GUJGASLTD.NS,0.0575627145924289,2.836028577654792,2.527104224239722
1059,1059,2020-08-04,GUJGASLTD.NS,0.0117684658385059,2.8694042830879494,2.527104224239722
1060,1060,2020-08-05,GUJGASLTD.NS,-0.0037156866891128,2.8587424757875963,2.527104224239722
1061,1061,2020-08-06,GUJGASLTD.NS,-0.0162153612690082,2.812386933767641,2.527104224239722
1062,1062,2020-08-07,GUJGASLTD.NS,-0.0009890022944852,2.8096054766371648,2.527104224239722
1063,1063,2020-08-10,GUJGASLTD.NS,0.0212837022663974,2.86940428308795,2.527104224239722
1064,1064,2020-08-11,GUJGASLTD.NS,0.0075929834153773,2.891191622221449,2.527104224239722
1065,1065,2020-08-12,GUJGASLTD.NS,0.0291807048307704,2.9755586315586897,2.527104224239722
1066,1066,2020-08-13,GUJGASLTD.NS,0.0146439017327957,3.019132419759407,2.527104224239722
1067,1067,2020-08-14,GUJGASLTD.NS,-0.0365422171357907,2.9088066273148536,2.527104224239722
1068,1068,2020-08-17,GUJGASLTD.NS,-0.0159362748917917,2.8624510852948983,2.527104224239722
1069,1069,2020-08-18,GUJGASLTD.NS,-0.0089068265285847,2.836955730031617,2.527104224239722
1070,1070,2020-08-19,GUJGASLTD.NS,-0.00555570661552,2.821194436314343,2.527104224239722
1071,1071,2020-08-20,GUJGASLTD.NS,0.0294119131730405,2.9041711621194857,2.527104224239722
1072,1072,2020-08-21,GUJGASLTD.NS,0.026655975331334,2.981584676974914,2.527104224239722
1073,1073,2020-08-24,GUJGASLTD.NS,-0.004975154576773,2.966750832323226,2.527104224239722
1074,1074,2020-08-25,GUJGASLTD.NS,0.021718901241347,3.0311854006581385,2.527104224239722
1075,1075,2020-08-26,GUJGASLTD.NS,-0.0001529845494412,3.0307216761253457,2.527104224239722
1076,1076,2020-08-27,GUJGASLTD.NS,-0.0012236720832918,3.027013066618044,2.527104224239722
1077,1077,2020-08-28,GUJGASLTD.NS,-0.0171515159534454,2.9750952037146563,2.527104224239722
1078,1078,2020-08-31,GUJGASLTD.NS,0.0141787758345313,3.0172784116945155,2.527104224239722
1079,1079,2020-09-01,GUJGASLTD.NS,-0.0351820539233443,2.9111243599125363,2.527104224239722
1080,1080,2020-09-02,GUJGASLTD.NS,-0.0070063864343101,2.890727897688655,2.527104224239722
1081,1081,2020-09-03,GUJGASLTD.NS,-0.008980221384929,2.8647685212038203,2.527104224239722
1082,1082,2020-09-04,GUJGASLTD.NS,-0.006795912593089,2.845299804734286,2.527104224239722
1083,1083,2020-09-07,GUJGASLTD.NS,-0.0193873235383179,2.790137056856389,2.527104224239722
1084,1084,2020-09-08,GUJGASLTD.NS,-0.039375363665132,2.680274395567108,2.527104224239722
1085,1085,2020-09-09,GUJGASLTD.NS,0.0119852202135055,2.7123980744306,2.527104224239722
1086,1086,2020-09-10,GUJGASLTD.NS,0.0078958819037009,2.73381484930213,2.527104224239722
1087,1087,2020-09-11,GUJGASLTD.NS,0.0073227614977393,2.753833923422548,2.527104224239722
1088,1088,2020-09-14,GUJGASLTD.NS,0.0109888120906345,2.784095286935853,2.527104224239722
1089,1089,2020-09-15,GUJGASLTD.NS,0.0190637317650288,2.83717053269428,2.527104224239722
1090,1090,2020-09-16,GUJGASLTD.NS,-0.0016408401570087,2.8325151893519527,2.527104224239722
1091,1091,2020-09-17,GUJGASLTD.NS,0.0014792984628932,2.8367053247176828,2.527104224239722
1092,1092,2020-09-18,GUJGASLTD.NS,0.0405381491224547,2.95170010818755,2.527104224239722
1093,1093,2020-09-21,GUJGASLTD.NS,-0.0263407382390457,2.873950148277619,2.527104224239722
1094,1094,2020-09-22,GUJGASLTD.NS,-0.0069658030850591,2.8539307774684404,2.527104224239722
1095,1095,2020-09-23,GUJGASLTD.NS,-0.0234909595577629,2.7868892049942744,2.527104224239722
1096,1096,2020-09-24,GUJGASLTD.NS,-0.0115268219112135,2.7547652294420217,2.527104224239722
1097,1097,2020-09-25,GUJGASLTD.NS,0.0054081654412896,2.769663455554757,2.527104224239722
1098,1098,2020-09-28,GUJGASLTD.NS,0.0152964318359372,2.8120294238111363,2.527104224239722
1099,1099,2020-09-29,GUJGASLTD.NS,0.0259935461374154,2.885124040378741,2.527104224239722
1100,1100,2020-09-30,GUJGASLTD.NS,-0.0046796654975472,2.8716226249508363,2.527104224239722
1101,1101,2020-10-01,GUJGASLTD.NS,0.0079442862654106,2.894435617129676,2.527104224239722
1102,1102,2020-10-05,GUJGASLTD.NS,0.0020909617029791,2.900487771156833,2.527104224239722
1103,1103,2020-10-06,GUJGASLTD.NS,-0.0020865987049975,2.8944356171296763,2.527104224239722
1104,1104,2020-10-07,GUJGASLTD.NS,-0.0217146767491496,2.83158388333248,2.527104224239722
1105,1105,2020-10-08,GUJGASLTD.NS,0.0070700256937532,2.8516032541416583,2.527104224239722
1106,1106,2020-10-09,GUJGASLTD.NS,-0.0097959408745629,2.8236691172663755,2.527104224239722
1107,1107,2020-10-12,GUJGASLTD.NS,-0.0326463125955039,2.7314867325978267,2.527104224239722
1108,1108,2020-10-13,GUJGASLTD.NS,-0.0311914107453447,2.6462878079759085,2.527104224239722
1109,1109,2020-10-14,GUJGASLTD.NS,0.0422238832693697,2.75802435547704,2.527104224239722
1110,1110,2020-10-15,GUJGASLTD.NS,-0.0143485076783943,2.7184508218352788,2.527104224239722
1111,1111,2020-10-16,GUJGASLTD.NS,-0.0005138259900127,2.717054011150448,2.527104224239722
1112,1112,2020-10-19,GUJGASLTD.NS,-0.0073679338129688,2.69703493703003,2.527104224239722
1113,1113,2020-10-20,GUJGASLTD.NS,-0.0062144324616641,2.680274395567108,2.527104224239722
1114,1114,2020-10-21,GUJGASLTD.NS,-0.003474113234949,2.6709628188161734,2.527104224239722
1115,1115,2020-10-22,GUJGASLTD.NS,0.0036603971641446,2.680739603543704,2.527104224239722
1116,1116,2020-10-23,GUJGASLTD.NS,0.0072944270661328,2.7002940630650474,2.527104224239722
1117,1117,2020-10-26,GUJGASLTD.NS,0.0084481164897367,2.7231064618663656,2.527104224239722
1118,1118,2020-10-27,GUJGASLTD.NS,0.0094033476907064,2.7487127787261048,2.527104224239722
1119,1119,2020-10-28,GUJGASLTD.NS,-0.0011856917391448,2.745453652691088,2.527104224239722
1120,1120,2020-10-29,GUJGASLTD.NS,0.0018653182112264,2.75057479738753,2.527104224239722
1121,1121,2020-10-30,GUJGASLTD.NS,0.0040623843829787,2.7617486894886523,2.527104224239722
1122,1122,2020-11-02,GUJGASLTD.NS,0.0003371086349226,2.7626796988193654,2.527104224239722
1123,1123,2020-11-03,GUJGASLTD.NS,-0.0033704872681814,2.7533681220684314,2.527104224239722
1124,1124,2020-11-04,GUJGASLTD.NS,0.0028745760520241,2.761282888134536,2.527104224239722
1125,1125,2020-11-05,GUJGASLTD.NS,0.0165234734020687,2.806908872492215,2.527104224239722
1126,1126,2020-11-06,GUJGASLTD.NS,0.0378170481818318,2.9130578805652645,2.527104224239722
1127,1127,2020-11-09,GUJGASLTD.NS,0.0038356928940226,2.924231475977625,2.527104224239722
1128,1128,2020-11-10,GUJGASLTD.NS,-0.0146472899464764,2.881399409678368,2.527104224239722
1129,1129,2020-11-11,GUJGASLTD.NS,-0.0021006276965099,2.87534666227369,2.527104224239722
1130,1130,2020-11-12,GUJGASLTD.NS,0.0059910490248216,2.892573005090729,2.527104224239722
1131,1131,2020-11-13,GUJGASLTD.NS,-0.015773391920833,2.8469473174218107,2.527104224239722
1132,1132,2020-11-14,GUJGASLTD.NS,0.0111201463733321,2.8786057883087066,2.527104224239722
1133,1133,2020-11-17,GUJGASLTD.NS,0.0059842660245466,2.895832131125746,2.527104224239722
1134,1134,2020-11-18,GUJGASLTD.NS,0.0442122615581879,3.023863418735682,2.527104224239722
1135,1135,2020-11-19,GUJGASLTD.NS,-0.0193995529255728,2.965201820304216,2.527104224239722
1136,1136,2020-11-20,GUJGASLTD.NS,-0.0001570892581163,2.964736018950099,2.527104224239722
1137,1137,2020-11-23,GUJGASLTD.NS,0.0153893603641359,3.010361409930256,2.527104224239722
1138,1138,2020-11-24,GUJGASLTD.NS,0.0332508749296558,3.1104585606649096,2.527104224239722
1139,1139,2020-11-25,GUJGASLTD.NS,0.011974348122566,3.1477042742911268,2.527104224239722
1140,1140,2020-11-26,GUJGASLTD.NS,0.0173050457191508,3.202175440668101,2.527104224239722
1141,1141,2020-11-27,GUJGASLTD.NS,0.0143938050481764,3.248266929691136,2.527104224239722
1142,1142,2020-12-01,GUJGASLTD.NS,-0.0230758853417746,3.173310294462105,2.527104224239722
1143,1143,2020-12-02,GUJGASLTD.NS,0.0230340915624938,3.2464046143409497,2.527104224239722
1144,1144,2020-12-03,GUJGASLTD.NS,-0.0106122925699421,3.2119528187731534,2.527104224239722
1145,1145,2020-12-04,GUJGASLTD.NS,0.0084069824120651,3.2389556496289624,2.527104224239722
1146,1146,2020-12-07,GUJGASLTD.NS,-0.0109243231780848,3.203572251352932,2.527104224239722
1147,1147,2020-12-08,GUJGASLTD.NS,-0.0065397859591911,3.1826215745242794,2.527104224239722
1148,1148,2020-12-09,GUJGASLTD.NS,0.0171152811574455,3.2370930375900144,2.527104224239722
1149,1149,2020-12-10,GUJGASLTD.NS,0.0020136128292709,3.2436112896600493,2.527104224239722
1150,1150,2020-12-11,GUJGASLTD.NS,0.0011482974893592,3.2473359203604235,2.527104224239722
1151,1151,2020-12-14,GUJGASLTD.NS,0.0305375997886208,3.346501765075603,2.527104224239722
1152,1152,2020-12-15,GUJGASLTD.NS,0.0011129923011679,3.3502263957759766,2.527104224239722
1153,1153,2020-12-16,GUJGASLTD.NS,0.0023622799636948,3.35814056846456,2.527104224239722
1154,1154,2020-12-17,GUJGASLTD.NS,0.0042979195902863,3.372573586600699,2.527104224239722
1155,1155,2020-12-18,GUJGASLTD.NS,0.0084207626049945,3.4009732281413387,2.527104224239722
1156,1156,2020-12-21,GUJGASLTD.NS,-0.0187543492812285,3.337190188324669,2.527104224239722
1157,1157,2020-12-22,GUJGASLTD.NS,-0.0258092064823644,3.251059957683277,2.527104224239722
1158,1158,2020-12-23,GUJGASLTD.NS,0.0428184894193759,3.390265434083095,2.527104224239722
1159,1159,2020-12-24,GUJGASLTD.NS,0.0318593402823661,3.4982770541950923,2.527104224239722
1160,1160,2020-12-28,GUJGASLTD.NS,-0.0015970564835227,3.492690108144531,2.527104224239722
1161,1161,2020-12-29,GUJGASLTD.NS,0.0150626440040786,3.54529925586008,2.527104224239722
1162,1162,2020-12-30,GUJGASLTD.NS,0.003808342016361,3.5588009679767447,2.527104224239722
1163,1163,2020-12-31,GUJGASLTD.NS,-0.0151754075530228,3.5047947128876054,2.527104224239722
1164,1164,2021-01-01,GUJGASLTD.NS,0.0042508127674218,3.5196929390003406,2.527104224239722
1165,1165,2021-01-04,GUJGASLTD.NS,0.0035713653509787,3.532263048408771,2.527104224239722
1166,1166,2021-01-05,GUJGASLTD.NS,0.0268882304135742,3.627239351135741,2.527104224239722
1167,1167,2021-01-06,GUJGASLTD.NS,-0.0083430539454506,3.596977097556153,2.527104224239722
1168,1168,2021-01-07,GUJGASLTD.NS,0.0014238181801835,3.6020985389413576,2.527104224239722
1169,1169,2021-01-08,GUJGASLTD.NS,0.0080134249227061,3.630963685147354,2.527104224239722
1170,1170,2021-01-11,GUJGASLTD.NS,-0.0092320072114637,3.5974426022215105,2.527104224239722
1171,1171,2021-01-12,GUJGASLTD.NS,-0.0053060095463142,3.5783545374318058,2.527104224239722
1172,1172,2021-01-13,GUJGASLTD.NS,-0.0339578795106962,3.456841205203143,2.527104224239722
1173,1173,2021-01-14,GUJGASLTD.NS,0.011582464811543,3.4968799468215006,2.527104224239722
1174,1174,2021-01-15,GUJGASLTD.NS,0.0,3.4968799468215006,2.527104224239722
1175,1175,2021-01-18,GUJGASLTD.NS,-0.0244973892698661,3.4112155175342256,2.527104224239722
1176,1176,2021-01-19,GUJGASLTD.NS,0.0062780802605892,3.432631402339473,2.527104224239722
1177,1177,2021-01-20,GUJGASLTD.NS,0.0092228858461413,3.46429016991513,2.527104224239722
1178,1178,2021-01-21,GUJGASLTD.NS,-0.0204272457025483,3.3935242634293505,2.527104224239722
1179,1179,2021-01-22,GUJGASLTD.NS,-0.0406091312864825,3.255716191091884,2.527104224239722
1180,1180,2021-01-25,GUJGASLTD.NS,0.0240238603757212,3.3339310622896505,2.527104224239722
1181,1181,2021-01-27,GUJGASLTD.NS,0.0432900456014893,3.478257090008391,2.527104224239722
1182,1182,2021-01-28,GUJGASLTD.NS,-0.0006692489816898,3.4759292699928475,2.527104224239722
1183,1183,2021-01-29,GUJGASLTD.NS,-0.0081702031189997,3.447530221829729,2.527104224239722
1184,1184,2021-02-01,GUJGASLTD.NS,-0.0294397007647919,3.346035963721485,2.527104224239722
1185,1185,2021-02-02,GUJGASLTD.NS,0.0212885641367084,3.417268264938903,2.527104224239722
1186,1186,2021-02-03,GUJGASLTD.NS,0.0147138953695529,3.467549592638908,2.527104224239722
1187,1187,2021-02-04,GUJGASLTD.NS,0.0221534992216898,3.544367949840604,2.527104224239722
1188,1188,2021-02-05,GUJGASLTD.NS,-0.0021016341467376,3.5369189851286165,2.527104224239722
1189,1189,2021-02-08,GUJGASLTD.NS,0.1454521235122545,4.051371362206382,2.527104224239722
1190,1190,2021-02-09,GUJGASLTD.NS,0.0614801251763876,4.300450180690863,2.527104224239722
1191,1191,2021-02-10,GUJGASLTD.NS,-0.0185125444814078,4.220837905430745,2.527104224239722
1192,1192,2021-02-11,GUJGASLTD.NS,-0.0212881833628041,4.130983934155261,2.527104224239722
1193,1193,2021-02-12,GUJGASLTD.NS,0.0128478726952487,4.184058289847406,2.527104224239722
1194,1194,2021-02-15,GUJGASLTD.NS,-0.0389451046221039,4.021109702004317,2.527104224239722
1195,1195,2021-02-16,GUJGASLTD.NS,0.0195668314704036,4.09979007786744,2.527104224239722
1196,1196,2021-02-17,GUJGASLTD.NS,0.0091984014459469,4.137501592847775,2.527104224239722
1197,1197,2021-02-18,GUJGASLTD.NS,0.0767412163668015,4.455018497802492,2.527104224239722
1198,1198,2021-02-19,GUJGASLTD.NS,0.0363674977513681,4.617036373003628,2.527104224239722
1199,1199,2021-02-22,GUJGASLTD.NS,-0.0219824269360684,4.515542708272905,2.527104224239722
1200,1200,2021-02-23,GUJGASLTD.NS,0.0119600149726044,4.569548666673284,2.527104224239722
1201,1201,2021-02-24,GUJGASLTD.NS,0.0101884672635568,4.616105363672914,2.527104224239722
1202,1202,2021-02-25,GUJGASLTD.NS,0.0014120031645221,4.622623319054188,2.527104224239722
1203,1203,2021-02-26,GUJGASLTD.NS,-0.0035249342841496,4.606328875634144,2.527104224239722
1204,1204,2021-03-01,GUJGASLTD.NS,0.0775215053399842,4.96341842416434,2.527104224239722
1205,1205,2021-03-02,GUJGASLTD.NS,-0.002063495725902,4.953176431460213,2.527104224239722
1206,1206,2021-03-03,GUJGASLTD.NS,0.0330858179857425,5.117056325322776,2.527104224239722
1207,1207,2021-03-04,GUJGASLTD.NS,-0.0099173084126021,5.066308899579893,2.527104224239722
1208,1208,2021-03-05,GUJGASLTD.NS,-0.0227899411191289,4.950848018067148,2.527104224239722
1209,1209,2021-03-08,GUJGASLTD.NS,0.0112846466373932,5.006716588506475,2.527104224239722
1210,1210,2021-03-09,GUJGASLTD.NS,0.0013017830303148,5.013234247198988,2.527104224239722
1211,1211,2021-03-10,GUJGASLTD.NS,-0.0069650246749713,4.978316946965836,2.527104224239722
1212,1212,2021-03-12,GUJGASLTD.NS,-0.0302066903406602,4.827938468531178,2.527104224239722
1213,1213,2021-03-15,GUJGASLTD.NS,-0.0158147940438787,4.751585615994838,2.527104224239722
1214,1214,2021-03-16,GUJGASLTD.NS,0.0494805370934503,4.986696624319776,2.527104224239722
1215,1215,2021-03-17,GUJGASLTD.NS,-0.0350106301595719,4.81210923308773,2.527104224239722
1216,1216,2021-03-18,GUJGASLTD.NS,-0.0010642203758034,4.806988088391286,2.527104224239722
1217,1217,2021-03-19,GUJGASLTD.NS,0.0072638007214362,4.841905091935678,2.527104224239722
1218,1218,2021-03-22,GUJGASLTD.NS,-0.0184614247724529,4.752516625325551,2.527104224239722
1219,1219,2021-03-23,GUJGASLTD.NS,0.0013715369316751,4.759034877395585,2.527104224239722
1220,1220,2021-03-24,GUJGASLTD.NS,0.0002933824490216,4.760431094702895,2.527104224239722
1221,1221,2021-03-25,GUJGASLTD.NS,0.0011736841954372,4.766018337442216,2.527104224239722
1222,1222,2021-03-26,GUJGASLTD.NS,0.0123083031323265,4.824679935873682,2.527104224239722
1223,1223,2021-03-30,GUJGASLTD.NS,0.0375373383746096,5.005785579175763,2.527104224239722
1224,1224,2021-03-31,GUJGASLTD.NS,0.0220423231665762,5.116124722614543,2.527104224239722
1225,1225,2021-04-01,GUJGASLTD.NS,-0.0030028856279952,5.100761585213973,2.527104224239722
1226,1226,2021-04-05,GUJGASLTD.NS,0.0014603050738184,5.108210253237199,2.527104224239722
1227,1227,2021-04-06,GUJGASLTD.NS,-0.0181369967272649,5.015562660592054,2.527104224239722
1228,1228,2021-04-07,GUJGASLTD.NS,0.0011137446309203,5.0211487165763335,2.527104224239722
1229,1229,2021-04-08,GUJGASLTD.NS,0.0197497512402533,5.120315154669034,2.527104224239722
1230,1230,2021-04-09,GUJGASLTD.NS,0.0336425505226383,5.292575615951817,2.527104224239722
1231,1231,2021-04-12,GUJGASLTD.NS,-0.0586735194391286,4.98204157766621,2.527104224239722
1232,1232,2021-04-13,GUJGASLTD.NS,-0.0169143340089665,4.8977736623750046,2.527104224239722
1233,1233,2021-04-15,GUJGASLTD.NS,0.0050381872678415,4.922449563281552,2.527104224239722
1234,1234,2021-04-16,GUJGASLTD.NS,0.0279012043125517,5.059791834264902,2.527104224239722
1235,1235,2021-04-19,GUJGASLTD.NS,-0.0194150323486145,4.961555812125393,2.527104224239722
1236,1236,2021-04-20,GUJGASLTD.NS,0.0191425034832057,5.056532411541124,2.527104224239722
1237,1237,2021-04-22,GUJGASLTD.NS,-0.0214528098032167,4.948055583452531,2.527104224239722
1238,1238,2021-04-23,GUJGASLTD.NS,0.0265336187221696,5.079345403719963,2.527104224239722
1239,1239,2021-04-26,GUJGASLTD.NS,0.0004581745191649,5.0816726303579856,2.527104224239722
1240,1240,2021-04-27,GUJGASLTD.NS,-0.0042142793671026,5.060257042241497,2.527104224239722
1241,1241,2021-04-28,GUJGASLTD.NS,-0.0058884450640064,5.030459996638506,2.527104224239722
1242,1242,2021-04-29,GUJGASLTD.NS,-0.0200832256779925,4.929432133261901,2.527104224239722
1243,1243,2021-04-30,GUJGASLTD.NS,0.0029278669544898,4.94386485470928,2.527104224239722
1244,1244,2021-05-03,GUJGASLTD.NS,0.002636665396023,4.956900172094306,2.527104224239722
1245,1245,2021-05-04,GUJGASLTD.NS,-0.0073257922473671,4.920586951242605,2.527104224239722
1246,1246,2021-05-05,GUJGASLTD.NS,0.0061498896624319,4.950848018067149,2.527104224239722
1247,1247,2021-05-06,GUJGASLTD.NS,0.0061125993280162,4.981110568335497,2.527104224239722
1248,1248,2021-05-07,GUJGASLTD.NS,-0.0069164888221521,4.946658772767701,2.527104224239722
1249,1249,2021-05-10,GUJGASLTD.NS,-0.0080942780822207,4.906619141083062,2.527104224239722
1250,1250,2021-05-11,GUJGASLTD.NS,-0.0074959181721248,4.869839525499722,2.527104224239722
1251,1251,2021-05-12,GUJGASLTD.NS,-0.0102293979267777,4.820023999153834,2.527104224239722
1252,1252,2021-05-14,GUJGASLTD.NS,-0.00434659180791,4.799073322325183,2.527104224239722
1253,1253,2021-05-17,GUJGASLTD.NS,0.0252231669393743,4.920121149888488,2.527104224239722
1254,1254,2021-05-18,GUJGASLTD.NS,0.005015122613561,4.944796160728754,2.527104224239722
1255,1255,2021-05-19,GUJGASLTD.NS,-0.0196780257246059,4.8474923346750005,2.527104224239722
1256,1256,2021-05-20,GUJGASLTD.NS,-0.0163273025394701,4.768345860768999,2.527104224239722
1257,1257,2021-05-21,GUJGASLTD.NS,-0.0001952478611866,4.767414851438286,2.527104224239722
1258,1258,2021-05-24,GUJGASLTD.NS,0.0195312128062801,4.860528245437547,2.527104224239722
1259,1259,2021-05-25,GUJGASLTD.NS,-0.0129309889655373,4.797676808329111,2.527104224239722
1260,1260,2021-05-26,GUJGASLTD.NS,-0.0026200408886668,4.78510669892068,2.527104224239722
1261,1261,2021-05-27,GUJGASLTD.NS,-0.0022377956064009,4.7743986081736765,2.527104224239722
1262,1262,2021-05-28,GUJGASLTD.NS,-0.0039981282950583,4.75530995000645,2.527104224239722
1263,1263,2021-05-31,GUJGASLTD.NS,0.0501272746137511,4.993680677743926,2.527104224239722
1264,1264,2021-06-01,GUJGASLTD.NS,0.0076451256694489,5.031857994078377,2.527104224239722
1265,1265,2021-06-02,GUJGASLTD.NS,0.0482974820366159,5.27488406515818,2.527104224239722
1266,1266,2021-06-03,GUJGASLTD.NS,0.0251543602901009,5.407570399421681,2.527104224239722
1267,1267,2021-06-04,GUJGASLTD.NS,0.0154971840858604,5.491372513358769,2.527104224239722
1268,1268,2021-06-07,GUJGASLTD.NS,0.0301824001535264,5.65711531594904,2.527104224239722
1269,1269,2021-06-08,GUJGASLTD.NS,-0.0141551795861315,5.577037832712326,2.527104224239722
1270,1270,2021-06-09,GUJGASLTD.NS,-0.0054263298662957,5.546774985755217,2.527104224239722
1271,1271,2021-06-10,GUJGASLTD.NS,0.0284539647345938,5.704602725590624,2.527104224239722
1272,1272,2021-06-11,GUJGASLTD.NS,-0.0144456141770622,5.622196235583323,2.527104224239722
1273,1273,2021-06-14,GUJGASLTD.NS,-0.0036434134544448,5.60171225017507,2.527104224239722
1274,1274,2021-06-15,GUJGASLTD.NS,0.0782911925731841,6.040276982693091,2.527104224239722
1275,1275,2021-06-16,GUJGASLTD.NS,-0.0192692478322084,5.923885388538394,2.527104224239722
1276,1276,2021-06-17,GUJGASLTD.NS,0.0368595337849593,6.142237042155451,2.527104224239722
1277,1277,2021-06-18,GUJGASLTD.NS,-0.0024255857758734,6.127338519353956,2.527104224239722
1278,1278,2021-06-21,GUJGASLTD.NS,0.03092471717105,6.316824730076258,2.527104224239722
1279,1279,2021-06-22,GUJGASLTD.NS,-0.008991745933814,6.2600254469949785,2.527104224239722
1280,1280,2021-06-23,GUJGASLTD.NS,-0.0288561348777642,6.079385308358255,2.527104224239722
1281,1281,2021-06-24,GUJGASLTD.NS,0.0031397529738246,6.098473076459198,2.527104224239722
1282,1282,2021-06-25,GUJGASLTD.NS,-0.0177875877153721,5.989995951681845,2.527104224239722
1283,1283,2021-06-28,GUJGASLTD.NS,0.0436031730166195,6.251178781531879,2.527104224239722
1284,1284,2021-06-29,GUJGASLTD.NS,-0.0132566865782431,6.168308863680546,2.527104224239722
1285,1285,2021-06-30,GUJGASLTD.NS,-0.0025662677537783,6.152479331548338,2.527104224239722
1286,1286,2021-07-01,GUJGASLTD.NS,0.0215663193833288,6.285165665811839,2.527104224239722
1287,1287,2021-07-02,GUJGASLTD.NS,-0.0146665650823574,6.192983874520811,2.527104224239722
1288,1288,2021-07-05,GUJGASLTD.NS,0.0022552811982481,6.206950794614072,2.527104224239722
1289,1289,2021-07-06,GUJGASLTD.NS,0.0047254524551416,6.2362814454854245,2.527104224239722
1290,1290,2021-07-07,GUJGASLTD.NS,0.0035087238544124,6.258162834956029,2.527104224239722
1291,1291,2021-07-08,GUJGASLTD.NS,0.000297629206537,6.260025446994977,2.527104224239722
1292,1292,2021-07-09,GUJGASLTD.NS,0.0107094728355054,6.327067019469142,2.527104224239722
1293,1293,2021-07-12,GUJGASLTD.NS,0.0031639901031641,6.347085796900799,2.527104224239722
1294,1294,2021-07-13,GUJGASLTD.NS,-0.0024205025569485,6.331722659500228,2.527104224239722
1295,1295,2021-07-14,GUJGASLTD.NS,0.0036765339836906,6.355001453033184,2.527104224239722
1296,1296,2021-07-15,GUJGASLTD.NS,-0.0068865390542693,6.311237487336932,2.527104224239722
1297,1297,2021-07-16,GUJGASLTD.NS,0.0041310157599689,6.337309308862028,2.527104224239722
1298,1298,2021-07-19,GUJGASLTD.NS,0.0058038047153841,6.374089814511649,2.527104224239722
1299,1299,2021-07-20,GUJGASLTD.NS,0.038054102904772,6.616650084237334,2.527104224239722
1300,1300,2021-07-22,GUJGASLTD.NS,0.0093583193425923,6.678570808703818,2.527104224239722
1301,1301,2021-07-23,GUJGASLTD.NS,0.0186126743419474,6.802876872235859,2.527104224239722
1302,1302,2021-07-26,GUJGASLTD.NS,-0.0209416425367361,6.660413456556066,2.527104224239722
1303,1303,2021-07-27,GUJGASLTD.NS,-0.0285193744442999,6.470462631234689,2.527104224239722
1304,1304,2021-07-28,GUJGASLTD.NS,0.0149660753552078,6.567300062556804,2.527104224239722
1305,1305,2021-07-29,GUJGASLTD.NS,0.0011343862328971,6.5747499173350725,2.527104224239722
1306,1306,2021-07-30,GUJGASLTD.NS,0.012533602690345,6.657155220587329,2.527104224239722
1307,1307,2021-08-02,GUJGASLTD.NS,0.0554583353425577,7.02634996723812,2.527104224239722
1308,1308,2021-08-03,GUJGASLTD.NS,0.0124569292798641,7.113876711875582,2.527104224239722
1309,1309,2021-08-04,GUJGASLTD.NS,0.0081805607189451,7.17207221226417,2.527104224239722
1310,1310,2021-08-05,GUJGASLTD.NS,0.0024018641066638,7.1892985550812085,2.527104224239722
1311,1311,2021-08-06,GUJGASLTD.NS,-0.0449422093773855,6.866195594142213,2.527104224239722
1312,1312,2021-08-09,GUJGASLTD.NS,-0.0195281841108293,6.732111262438838,2.527104224239722
1313,1313,2021-08-10,GUJGASLTD.NS,-0.0043568280035715,6.702780611567485,2.527104224239722
1314,1314,2021-08-11,GUJGASLTD.NS,0.0070848213258167,6.75026861458659,2.527104224239722
1315,1315,2021-08-12,GUJGASLTD.NS,0.0242774048194402,6.914147618382871,2.527104224239722
1316,1316,2021-08-13,GUJGASLTD.NS,-0.0058580404198695,6.873644262165439,2.527104224239722
1317,1317,2021-08-16,GUJGASLTD.NS,-6.785261410824361e-05,6.873177867433801,2.527104224239722
1318,1318,2021-08-17,GUJGASLTD.NS,-0.0076543115017553,6.820568423029493,2.527104224239722
1319,1319,2021-08-18,GUJGASLTD.NS,-0.0095562358432096,6.755389462594275,2.527104224239722
1320,1320,2021-08-20,GUJGASLTD.NS,-0.0153686897433735,6.651567977848009,2.527104224239722
1321,1321,2021-08-23,GUJGASLTD.NS,-0.0257577540397476,6.480238525895938,2.527104224239722
1322,1322,2021-08-24,GUJGASLTD.NS,0.0399453819759239,6.73909412910795,2.527104224239722
1323,1323,2021-08-25,GUJGASLTD.NS,-0.0179618563696016,6.618047488299687,2.527104224239722
1324,1324,2021-08-26,GUJGASLTD.NS,-0.0028139951450626,6.599424334797817,2.527104224239722
1325,1325,2021-08-27,GUJGASLTD.NS,0.0028923383514372,6.618512102898761,2.527104224239722
1326,1326,2021-08-30,GUJGASLTD.NS,0.0006332277356078,6.622703128330772,2.527104224239722
1327,1327,2021-08-31,GUJGASLTD.NS,0.0162390059410297,6.730249243777412,2.527104224239722
1328,1328,2021-09-01,GUJGASLTD.NS,-0.0255257500437302,6.558454583848746,2.527104224239722
1329,1329,2021-09-02,GUJGASLTD.NS,0.0002128881567233,6.559850801156055,2.527104224239722
1330,1330,2021-09-03,GUJGASLTD.NS,-0.0056068214639299,6.523070888883956,2.527104224239722
1331,1331,2021-09-06,GUJGASLTD.NS,-0.0206266264148279,6.388521942581507,2.527104224239722
1332,1332,2021-09-07,GUJGASLTD.NS,0.0142107321223401,6.479307516565225,2.527104224239722
1333,1333,2021-09-08,GUJGASLTD.NS,-0.0068458174502407,6.434951360102847,2.527104224239722
1334,1334,2021-09-09,GUJGASLTD.NS,-0.0132782018284465,6.349506777187165,2.527104224239722
1335,1335,2021-09-13,GUJGASLTD.NS,-0.0055885552041428,6.314022208043776,2.527104224239722
1336,1336,2021-09-14,GUJGASLTD.NS,-0.0051024272757977,6.28180536890946,2.527104224239722
1337,1337,2021-09-15,GUJGASLTD.NS,0.002452740861873,6.297213009624118,2.527104224239722
1338,1338,2021-09-16,GUJGASLTD.NS,0.0116408119112478,6.370517681834215,2.527104224239722
1339,1339,2021-09-17,GUJGASLTD.NS,-0.0277776846334603,6.193559450716342,2.527104224239722
1340,1340,2021-09-20,GUJGASLTD.NS,-0.0379194631515473,5.958703001347986,2.527104224239722
1341,1341,2021-09-21,GUJGASLTD.NS,-0.0083841780679365,5.908744174330736,2.527104224239722
1342,1342,2021-09-22,GUJGASLTD.NS,-0.0130383007679595,5.831704190624883,2.527104224239722
1343,1343,2021-09-23,GUJGASLTD.NS,0.0036828513032634,5.853181490003573,2.527104224239722
1344,1344,2021-09-24,GUJGASLTD.NS,-0.0088544630885614,5.801354710549686,2.527104224239722
1345,1345,2021-09-27,GUJGASLTD.NS,-0.0086115794516753,5.751395883532436,2.527104224239722
1346,1346,2021-09-28,GUJGASLTD.NS,0.0020295807892214,5.763068806128861,2.527104224239722
1347,1347,2021-09-29,GUJGASLTD.NS,0.0135297314316649,5.841041579297991,2.527104224239722
1348,1348,2021-09-30,GUJGASLTD.NS,0.0191047712759782,5.952633342683957,2.527104224239722
1349,1349,2021-10-01,GUJGASLTD.NS,-0.0372577910143772,5.730851373617025,2.527104224239722
1350,1350,2021-10-04,GUJGASLTD.NS,-0.0058661098098895,5.697233570155231,2.527104224239722
1351,1351,2021-10-05,GUJGASLTD.NS,0.0290117112526928,5.862520065431723,2.527104224239722
1352,1352,2021-10-06,GUJGASLTD.NS,-0.0104332870846269,5.801354710549687,2.527104224239722
1353,1353,2021-10-07,GUJGASLTD.NS,0.022696095137527,5.933022808986864,2.527104224239722
1354,1354,2021-10-08,GUJGASLTD.NS,-0.0173919052935912,5.829836238188247,2.527104224239722
1355,1355,2021-10-11,GUJGASLTD.NS,-0.0046451670689634,5.802755674877165,2.527104224239722
1356,1356,2021-10-12,GUJGASLTD.NS,-0.0039427572631985,5.779876817793476,2.527104224239722
1357,1357,2021-10-13,GUJGASLTD.NS,0.0184990924620969,5.886799293465368,2.527104224239722
1358,1358,2021-10-14,GUJGASLTD.NS,-0.0025381941214008,5.871857454104828,2.527104224239722
1359,1359,2021-10-18,GUJGASLTD.NS,0.0498570483278919,6.164610934968625,2.527104224239722
1360,1360,2021-10-19,GUJGASLTD.NS,-0.034916286617987,5.949365612674884,2.527104224239722
1361,1361,2021-10-20,GUJGASLTD.NS,-0.0055721597075842,5.916214797322249,2.527104224239722
1362,1362,2021-10-21,GUJGASLTD.NS,-0.0083654567326546,5.866722958414159,2.527104224239722
1363,1363,2021-10-22,GUJGASLTD.NS,-0.0220455165414702,5.737388020390216,2.527104224239722
1364,1364,2021-10-25,GUJGASLTD.NS,-0.0463866352743578,5.471249894860905,2.527104224239722
1365,1365,2021-10-26,GUJGASLTD.NS,0.0158730726821185,5.558095442104065,2.527104224239722
1366,1366,2021-10-27,GUJGASLTD.NS,0.0029400401136814,5.574436465659521,2.527104224239722
1367,1367,2021-10-28,GUJGASLTD.NS,-0.0046904449003652,5.548289878566759,2.527104224239722
1368,1368,2021-10-29,GUJGASLTD.NS,0.0473785270589754,5.811159680709474,2.527104224239722
1369,1369,2021-11-01,GUJGASLTD.NS,0.0277198019882858,5.97224387638105,2.527104224239722
1370,1370,2021-11-02,GUJGASLTD.NS,-0.0006254452385187,5.968508564885295,2.527104224239722
1371,1371,2021-11-03,GUJGASLTD.NS,-0.0097003191816701,5.910612126767376,2.527104224239722
1372,1372,2021-11-04,GUJGASLTD.NS,0.0061615522353057,5.947030672129085,2.527104224239722
1373,1373,2021-11-08,GUJGASLTD.NS,-0.0169584165931725,5.846178448498745,2.527104224239722
1374,1374,2021-11-09,GUJGASLTD.NS,0.0306684397753393,6.025471620162416,2.527104224239722
1375,1375,2021-11-10,GUJGASLTD.NS,0.0220069204561155,6.158073694817912,2.527104224239722
1376,1376,2021-11-11,GUJGASLTD.NS,-0.0084160700281161,6.106246915364024,2.527104224239722
1377,1377,2021-11-12,GUJGASLTD.NS,0.0230921998110713,6.247253589229349,2.527104224239722
1378,1378,2021-11-15,GUJGASLTD.NS,0.0099401660002877,6.309352326952182,2.527104224239722
1379,1379,2021-11-16,GUJGASLTD.NS,-0.0088801337126824,6.253324434648422,2.527104224239722
1380,1380,2021-11-17,GUJGASLTD.NS,-0.0173226312674087,6.14500040127153,2.527104224239722
1381,1381,2021-11-18,GUJGASLTD.NS,-0.0299370285992496,5.961037348516264,2.527104224239722
1382,1382,2021-11-22,GUJGASLTD.NS,-0.024986203387158,5.812093656927791,2.527104224239722
1383,1383,2021-11-23,GUJGASLTD.NS,0.0412115079080674,6.0516188006327,2.527104224239722
1384,1384,2021-11-24,GUJGASLTD.NS,0.0155080139446617,6.1454673893806895,2.527104224239722
1385,1385,2021-11-25,GUJGASLTD.NS,0.007369777299035,6.190758115438908,2.527104224239722
1386,1386,2021-11-26,GUJGASLTD.NS,-0.0100310694296078,6.128658190961032,2.527104224239722
1387,1387,2021-11-29,GUJGASLTD.NS,0.0060187269507563,6.165544911186943,2.527104224239722
1388,1388,2021-11-30,GUJGASLTD.NS,0.0146913641318291,6.256125176548336,2.527104224239722
1389,1389,2021-12-01,GUJGASLTD.NS,-0.006343682012162,6.216438307800032,2.527104224239722
1390,1390,2021-12-02,GUJGASLTD.NS,0.0314706544628131,6.412073689774202,2.527104224239722
1391,1391,2021-12-03,GUJGASLTD.NS,-0.0353164765588497,6.185621839615674,2.527104224239722
1392,1392,2021-12-06,GUJGASLTD.NS,-0.0072464400688038,6.140798101666615,2.527104224239722
1393,1393,2021-12-07,GUJGASLTD.NS,0.0076794716804866,6.18795618678395,2.527104224239722
1394,1394,2021-12-08,GUJGASLTD.NS,0.0036218532093674,6.210368055758479,2.527104224239722
1395,1395,2021-12-09,GUJGASLTD.NS,-0.0050372950544389,6.179084599464961,2.527104224239722
1396,1396,2021-12-10,GUJGASLTD.NS,0.0054405798983081,6.212702402926755,2.527104224239722
1397,1397,2021-12-13,GUJGASLTD.NS,-0.0007515711217511,6.2080331152126815,2.527104224239722
1398,1398,2021-12-14,GUJGASLTD.NS,0.0001504463975925,6.208967091431001,2.527104224239722
1399,1399,2021-12-15,GUJGASLTD.NS,-0.0246654839191832,6.055819913482572,2.527104224239722
1400,1400,2021-12-16,GUJGASLTD.NS,-0.0171163542490758,5.952166354574796,2.527104224239722
1401,1401,2021-12-17,GUJGASLTD.NS,-0.0173360685890151,5.848979190398659,2.527104224239722
1402,1402,2021-12-20,GUJGASLTD.NS,-0.0235490249866695,5.711241433297452,2.527104224239722
1403,1403,2021-12-21,GUJGASLTD.NS,0.024852750205689,5.853181490003574,2.527104224239722
1404,1404,2021-12-22,GUJGASLTD.NS,0.0015954699925326,5.862520065431722,2.527104224239722
1405,1405,2021-12-23,GUJGASLTD.NS,0.0100350043461907,5.92135047976796,2.527104224239722
1406,1406,2021-12-24,GUJGASLTD.NS,-0.0074120200287381,5.877461311414741,2.527104224239722
1407,1407,2021-12-27,GUJGASLTD.NS,-0.0069113918734357,5.836839873070597,2.527104224239722
1408,1408,2021-12-28,GUJGASLTD.NS,0.0180785345562173,5.942361384415011,2.527104224239722
1409,1409,2021-12-29,GUJGASLTD.NS,-0.0075429853002705,5.897538239843473,2.527104224239722
1410,1410,2021-12-30,GUJGASLTD.NS,-0.0088671508032402,5.845243878902904,2.527104224239722
1411,1411,2021-12-31,GUJGASLTD.NS,0.0142185391827527,5.928354708027831,2.527104224239722
1412,1412,2022-01-03,GUJGASLTD.NS,0.0096872493022375,5.98578415803659,2.527104224239722
1413,1413,2022-01-04,GUJGASLTD.NS,0.0134165056694577,6.066092465129038,2.527104224239722
1414,1414,2022-01-05,GUJGASLTD.NS,-0.0112376124793235,5.997924068742173,2.527104224239722
1415,1415,2022-01-06,GUJGASLTD.NS,0.0418807357420398,6.249121541665985,2.527104224239722
1416,1416,2022-01-07,GUJGASLTD.NS,0.0229377873478495,6.392462562699585,2.527104224239722
1417,1417,2022-01-10,GUJGASLTD.NS,0.0099336202292934,6.455962858127418,2.527104224239722
1418,1418,2022-01-11,GUJGASLTD.NS,0.0300860494267201,6.650197275774109,2.527104224239722
1419,1419,2022-01-12,GUJGASLTD.NS,0.0018956287933209,6.662803581211331,2.527104224239722
1420,1420,2022-01-13,GUJGASLTD.NS,0.0025927523696613,6.680078580985105,2.527104224239722
1421,1421,2022-01-14,GUJGASLTD.NS,-0.0147479227811738,6.581561297900564,2.527104224239722
1422,1422,2022-01-17,GUJGASLTD.NS,-0.01234392260947,6.500319014589796,2.527104224239722
1423,1423,2022-01-18,GUJGASLTD.NS,-0.0288033221668206,6.313088231825456,2.527104224239722
1424,1424,2022-01-19,GUJGASLTD.NS,0.0306189988687166,6.506388673253828,2.527104224239722
1425,1425,2022-01-20,GUJGASLTD.NS,0.0063150894477312,6.547477099707132,2.527104224239722
1426,1426,2022-01-21,GUJGASLTD.NS,-0.0002852934661996,6.545609147270493,2.527104224239722
1427,1427,2022-01-24,GUJGASLTD.NS,-0.0131964126165431,6.459230588136493,2.527104224239722
1428,1428,2022-01-25,GUJGASLTD.NS,-0.0002890993027166,6.457363229077377,2.527104224239722
1429,1429,2022-01-27,GUJGASLTD.NS,-0.0028199698117673,6.439153659707761,2.527104224239722
1430,1430,2022-01-28,GUJGASLTD.NS,-0.0174752375158246,6.326627920103476,2.527104224239722
1431,1431,2022-01-31,GUJGASLTD.NS,-0.0071585590104428,6.2813383808003005,2.527104224239722
1432,1432,2022-02-01,GUJGASLTD.NS,0.0122648994585827,6.358378364506153,2.527104224239722
1433,1433,2022-02-02,GUJGASLTD.NS,0.0183581461368831,6.475106403715353,2.527104224239722
1434,1434,2022-02-03,GUJGASLTD.NS,-0.0213442863678084,6.336899878372422,2.527104224239722
1435,1435,2022-02-04,GUJGASLTD.NS,0.0039051918122907,6.3616466878927485,2.527104224239722
1436,1436,2022-02-07,GUJGASLTD.NS,0.0133577985348114,6.44662428269927,2.527104224239722
1437,1437,2022-02-08,GUJGASLTD.NS,-0.0369378094542413,6.20850010332184,2.527104224239722
1438,1438,2022-02-09,GUJGASLTD.NS,-0.0062419089772182,6.169747210791855,2.527104224239722
1439,1439,2022-02-10,GUJGASLTD.NS,-0.019751817617706,6.047883489136944,2.527104224239722
1440,1440,2022-02-11,GUJGASLTD.NS,-0.0157493355525243,5.952633342683955,2.527104224239722
1441,1441,2022-02-14,GUJGASLTD.NS,0.0066672109369214,5.99232080480978,2.527104224239722
1442,1442,2022-02-15,GUJGASLTD.NS,0.0333488634388803,6.192157893011343,2.527104224239722
1443,1443,2022-02-16,GUJGASLTD.NS,-0.0096515299205285,6.132394095834307,2.527104224239722
1444,1444,2022-02-17,GUJGASLTD.NS,0.0009136188032463,6.137996766389178,2.527104224239722
1445,1445,2022-02-18,GUJGASLTD.NS,0.0102692647683215,6.20102948033033,2.527104224239722
1446,1446,2022-02-21,GUJGASLTD.NS,-0.0060236000648778,6.163676958750303,2.527104224239722
1447,1447,2022-02-22,GUJGASLTD.NS,-0.0250738246918443,6.009130003229437,2.527104224239722
1448,1448,2022-02-23,GUJGASLTD.NS,-0.0351982074047054,5.797619399053929,2.527104224239722
1449,1449,2022-02-24,GUJGASLTD.NS,-0.0774744203007796,5.348452196987671,2.527104224239722
1450,1450,2022-02-25,GUJGASLTD.NS,0.0489742470633736,5.610388616289588,2.527104224239722
1451,1451,2022-02-28,GUJGASLTD.NS,-0.028711771445542,5.44930442061801,2.527104224239722
1452,1452,2022-03-02,GUJGASLTD.NS,-0.0316167942700073,5.2770148838366895,2.527104224239722
1453,1453,2022-03-03,GUJGASLTD.NS,-0.0683949155212481,4.916093896652311,2.527104224239722
1454,1454,2022-03-04,GUJGASLTD.NS,0.0029442598490065,4.930568154526171,2.527104224239722
1455,1455,2022-03-07,GUJGASLTD.NS,-0.0591856561195837,4.638749243258214,2.527104224239722
1456,1456,2022-03-08,GUJGASLTD.NS,0.0517363242848496,4.878741078383522,2.527104224239722
1457,1457,2022-03-09,GUJGASLTD.NS,0.0209589290177494,4.98099426634134,2.527104224239722
1458,1458,2022-03-10,GUJGASLTD.NS,-0.0445257018773076,4.759212000585647,2.527104224239722
1459,1459,2022-03-11,GUJGASLTD.NS,0.0020602710800317,4.769017267434194,2.527104224239722
1460,1460,2022-03-14,GUJGASLTD.NS,0.0005874030477022,4.771818602711629,2.527104224239722
1461,1461,2022-03-15,GUJGASLTD.NS,9.786375971931882e-05,4.772285590820789,2.527104224239722
1462,1462,2022-03-16,GUJGASLTD.NS,-0.0158497665985004,4.696645978064892,2.527104224239722
1463,1463,2022-03-17,GUJGASLTD.NS,0.0036782830198356,4.713921571216188,2.527104224239722
1464,1464,2022-03-21,GUJGASLTD.NS,-0.010102942768453,4.666297091367215,2.527104224239722
1465,1465,2022-03-22,GUJGASLTD.NS,-0.0156093749205235,4.593459110577516,2.527104224239722
1466,1466,2022-03-23,GUJGASLTD.NS,0.0177881140909716,4.675168085308682,2.527104224239722
1467,1467,2022-03-24,GUJGASLTD.NS,-0.0019974209630519,4.665829806569295,2.527104224239722
1468,1468,2022-03-25,GUJGASLTD.NS,-0.015210590890636,4.594859778216233,2.527104224239722
1469,1469,2022-03-28,GUJGASLTD.NS,-0.0199166560019029,4.5033455366365205,2.527104224239722
1470,1470,2022-03-29,GUJGASLTD.NS,0.0125453547164755,4.559841603804482,2.527104224239722
1471,1471,2022-03-30,GUJGASLTD.NS,0.0112635033861432,4.611201395149212,2.527104224239722
1472,1472,2022-03-31,GUJGASLTD.NS,0.0191373586446925,4.699447610031089,2.527104224239722
1473,1473,2022-04-01,GUJGASLTD.NS,-0.0161947340393462,4.623341305854794,2.527104224239722
1474,1474,2022-04-04,GUJGASLTD.NS,0.0340335860509719,4.780690190030616,2.527104224239722
1475,1475,2022-04-05,GUJGASLTD.NS,0.0139660033837494,4.847457325401241,2.527104224239722
1476,1476,2022-04-06,GUJGASLTD.NS,0.0104991104767278,4.898351315391852,2.527104224239722
1477,1477,2022-04-07,GUJGASLTD.NS,-0.0141073322113108,4.829248646097907,2.527104224239722
1478,1478,2022-04-08,GUJGASLTD.NS,0.0218505028581779,4.934770157442322,2.527104224239722
1479,1479,2022-04-11,GUJGASLTD.NS,0.0190179439226714,5.0286193395678325,2.527104224239722
1480,1480,2022-04-12,GUJGASLTD.NS,-0.0210770575970226,4.92263084011426,2.527104224239722
1481,1481,2022-04-13,GUJGASLTD.NS,0.0088209296318169,4.966053020358319,2.527104224239722
1482,1482,2022-04-18,GUJGASLTD.NS,-0.0038547619471513,4.946910068147906,2.527104224239722
1483,1483,2022-04-19,GUJGASLTD.NS,-0.0341670876880861,4.77788855806442,2.527104224239722
1484,1484,2022-04-20,GUJGASLTD.NS,0.0054724766942064,4.804035441845944,2.527104224239722
1485,1485,2022-04-21,GUJGASLTD.NS,0.0136067601060561,4.869402799644132,2.527104224239722
1486,1486,2022-04-22,GUJGASLTD.NS,-0.0122734538532989,4.809638409089575,2.527104224239722
1487,1487,2022-04-25,GUJGASLTD.NS,0.0189302276834879,4.900685959248889,2.527104224239722
1488,1488,2022-04-26,GUJGASLTD.NS,0.0148626922879469,4.973523346661067,2.527104224239722
1489,1489,2022-04-27,GUJGASLTD.NS,-0.024877893477334,4.849792562635799,2.527104224239722
1490,1490,2022-04-28,GUJGASLTD.NS,-0.0139597726667367,4.782090560980572,2.527104224239722
1491,1491,2022-04-29,GUJGASLTD.NS,-0.0579965288940965,4.504745907586476,2.527104224239722
1492,1492,2022-05-02,GUJGASLTD.NS,0.0279850910922094,4.630811632157541,2.527104224239722
1493,1493,2022-05-04,GUJGASLTD.NS,0.0128050977956299,4.690109627980459,2.527104224239722
1494,1494,2022-05-05,GUJGASLTD.NS,0.0251866422835111,4.808237741450855,2.527104224239722
1495,1495,2022-05-06,GUJGASLTD.NS,0.0019421416413925,4.817576020190241,2.527104224239722
1496,1496,2022-05-09,GUJGASLTD.NS,0.0063965518504927,4.848391894997079,2.527104224239722
1497,1497,2022-05-10,GUJGASLTD.NS,-0.023401453840998,4.734932475863236,2.527104224239722
1498,1498,2022-05-11,GUJGASLTD.NS,0.0598562915644322,5.018347974676405,2.527104224239722
1499,1499,2022-05-12,GUJGASLTD.NS,0.0549868397093147,5.2942910703655,2.527104224239722
1500,1500,2022-05-13,GUJGASLTD.NS,0.0035275665529217,5.312967034466754,2.527104224239722
1501,1501,2022-05-16,GUJGASLTD.NS,-0.0152913207975364,5.231724751155987,2.527104224239722
1502,1502,2022-05-17,GUJGASLTD.NS,-0.0076751840253278,5.191570300921002,2.527104224239722
1503,1503,2022-05-18,GUJGASLTD.NS,0.0319274273058087,5.3573237843066535,2.527104224239722
1504,1504,2022-05-19,GUJGASLTD.NS,-0.0250131666025181,5.223320151946158,2.527104224239722
1505,1505,2022-05-20,GUJGASLTD.NS,0.0200233042320117,5.3279082804497735,2.527104224239722
1506,1506,2022-05-23,GUJGASLTD.NS,-0.0317238581963685,5.158886473677527,2.527104224239722
1507,1507,2022-05-24,GUJGASLTD.NS,-0.0111322557065965,5.101456430291247,2.527104224239722
1508,1508,2022-05-25,GUJGASLTD.NS,-0.0142777051453243,5.02861933956783,2.527104224239722
1509,1509,2022-05-26,GUJGASLTD.NS,0.0055710201225549,5.056633879097231,2.527104224239722
1510,1510,2022-05-27,GUJGASLTD.NS,0.0231763732045715,5.173828313038069,2.527104224239722
1511,1511,2022-05-30,GUJGASLTD.NS,0.0038804782868688,5.1939052414668,2.527104224239722
1512,1512,2022-05-31,GUJGASLTD.NS,0.0055734406047853,5.222853163836999,2.527104224239722
1513,1513,2022-06-01,GUJGASLTD.NS,0.0037547549360332,5.242463697534093,2.527104224239722
1514,1514,2022-06-02,GUJGASLTD.NS,0.0194157185860028,5.344249897382751,2.527104224239722
1515,1515,2022-06-03,GUJGASLTD.NS,-0.0269963044435058,5.199974900130831,2.527104224239722
1516,1516,2022-06-06,GUJGASLTD.NS,-0.0094280155420016,5.150949455954379,2.527104224239722
1517,1517,2022-06-07,GUJGASLTD.NS,-0.0462291819039621,4.912825276576949,2.527104224239722
1518,1518,2022-06-08,GUJGASLTD.NS,-0.0703287884933085,4.5673122267959885,2.527104224239722
1519,1519,2022-06-09,GUJGASLTD.NS,0.0221836177158696,4.668631735224248,2.527104224239722
1520,1520,2022-06-10,GUJGASLTD.NS,-0.0331033925276958,4.514084186325862,2.527104224239722
1521,1521,2022-06-13,GUJGASLTD.NS,-0.0739552941623401,4.180243762452565,2.527104224239722
1522,1522,2022-06-14,GUJGASLTD.NS,-0.0034625391954098,4.165769504578705,2.527104224239722
1523,1523,2022-06-15,GUJGASLTD.NS,0.0075096464792716,4.197052960872222,2.527104224239722
1524,1524,2022-06-16,GUJGASLTD.NS,-0.0561798562961549,3.961263128663069,2.527104224239722
1525,1525,2022-06-17,GUJGASLTD.NS,-0.0282884914427343,3.849204970545464,2.527104224239722
1526,1526,2022-06-20,GUJGASLTD.NS,0.0184375809800025,3.9201749988985246,2.527104224239722
1527,1527,2022-06-21,GUJGASLTD.NS,0.0025012319223765,3.929980265747072,2.527104224239722
1528,1528,2022-06-22,GUJGASLTD.NS,-0.0311274878760889,3.807649852671761,2.527104224239722
1529,1529,2022-06-23,GUJGASLTD.NS,0.0031882170069563,3.819789466688584,2.527104224239722
1530,1530,2022-06-24,GUJGASLTD.NS,0.028113974531206,3.927178930469636,2.527104224239722
1531,1531,2022-06-27,GUJGASLTD.NS,0.0124835532975902,3.9762040779573264,2.527104224239722
1532,1532,2022-06-28,GUJGASLTD.NS,0.0232504450662616,4.068652592444119,2.527104224239722
1533,1533,2022-06-29,GUJGASLTD.NS,-0.0372963563450948,3.916906675511929,2.527104224239722
1534,1534,2022-06-30,GUJGASLTD.NS,-0.0014303814257048,3.911304004957057,2.527104224239722
1535,1535,2022-07-01,GUJGASLTD.NS,0.00835617239501,3.943987535511772,2.527104224239722
1536,1536,2022-07-04,GUJGASLTD.NS,0.0486562830287322,4.135887309301425,2.527104224239722
1537,1537,2022-07-05,GUJGASLTD.NS,-0.0255136330980537,4.030365797957011,2.527104224239722
1538,1538,2022-07-06,GUJGASLTD.NS,0.0447173177117934,4.210592945839001,2.527104224239722
1539,1539,2022-07-07,GUJGASLTD.NS,0.0120869904233757,4.26148634245209,2.527104224239722
1540,1540,2022-07-08,GUJGASLTD.NS,-0.0210365293506988,4.171839459931494,2.527104224239722
1541,1541,2022-07-11,GUJGASLTD.NS,-0.0004477527130607,4.169971507494856,2.527104224239722
1542,1542,2022-07-12,GUJGASLTD.NS,-0.0006717164814293,4.167170468906181,2.527104224239722
1543,1543,2022-07-13,GUJGASLTD.NS,0.0185993531353172,4.2446771440324325,2.527104224239722
1544,1544,2022-07-14,GUJGASLTD.NS,-0.0020899101723057,4.235806150090966,2.527104224239722
1545,1545,2022-07-15,GUJGASLTD.NS,0.0001101777097114,4.236272841511364,2.527104224239722
1546,1546,2022-07-18,GUJGASLTD.NS,0.0055109399385426,4.259618686704213,2.527104224239722
1547,1547,2022-07-19,GUJGASLTD.NS,-0.0108517011260416,4.2133945778051975,2.527104224239722
1548,1548,2022-07-20,GUJGASLTD.NS,0.0083111547625318,4.248412752216949,2.527104224239722
1549,1549,2022-07-21,GUJGASLTD.NS,0.0061545064725359,4.2745596359984726,2.527104224239722
1550,1550,2022-07-22,GUJGASLTD.NS,-0.0093937520974237,4.234405482452249,2.527104224239722
1551,1551,2022-07-25,GUJGASLTD.NS,0.0035284644694928,4.249346431746507,2.527104224239722
1552,1552,2022-07-26,GUJGASLTD.NS,-0.0252719256519061,4.141957264654216,2.527104224239722
1553,1553,2022-07-27,GUJGASLTD.NS,0.0148798613012293,4.20358901426789,2.527104224239722
1554,1554,2022-07-28,GUJGASLTD.NS,-0.0132176331662142,4.148027516695769,2.527104224239722
1555,1555,2022-07-29,GUJGASLTD.NS,0.0021385338494022,4.156898213948474,2.527104224239722
1556,1556,2022-08-01,GUJGASLTD.NS,0.0541390665730354,4.381948803090762,2.527104224239722
1557,1557,2022-08-02,GUJGASLTD.NS,-0.0115076230673536,4.331522987964353,2.527104224239722
1558,1558,2022-08-03,GUJGASLTD.NS,-0.0021559565663384,4.322184412536205,2.527104224239722
1559,1559,2022-08-04,GUJGASLTD.NS,-0.0397536366504402,4.1503618638640445,2.527104224239722
1560,1560,2022-08-05,GUJGASLTD.NS,-0.0150749785080244,4.0877952479657695,2.527104224239722
1561,1561,2022-08-08,GUJGASLTD.NS,0.0284410162563537,4.20405629906581,2.527104224239722
1562,1562,2022-08-10,GUJGASLTD.NS,0.010106548935594,4.246544799780311,2.527104224239722
1563,1563,2022-08-11,GUJGASLTD.NS,0.0215503527180984,4.338059338048783,2.527104224239722
1564,1564,2022-08-12,GUJGASLTD.NS,0.0337961354799956,4.48466897915774,2.527104224239722
1565,1565,2022-08-16,GUJGASLTD.NS,0.0060385415569574,4.511749839157582,2.527104224239722
1566,1566,2022-08-17,GUJGASLTD.NS,0.0263892718445102,4.6308116321575366,2.527104224239722
1567,1567,2022-08-18,GUJGASLTD.NS,-0.0090743299324751,4.588790119552195,2.527104224239722
1568,1568,2022-08-19,GUJGASLTD.NS,0.0030649111509386,4.602854353558928,2.527104224239722
1569,1569,2022-08-22,GUJGASLTD.NS,-0.0104909190900345,4.554566180952528,2.527104224239722
1570,1570,2022-08-23,GUJGASLTD.NS,0.0056613998255654,4.580351401134899,2.527104224239722
1571,1571,2022-08-24,GUJGASLTD.NS,-0.0200614228166078,4.488463035028089,2.527104224239722
1572,1572,2022-08-25,GUJGASLTD.NS,-0.0170253885970633,4.412045207653182,2.527104224239722
1573,1573,2022-08-26,GUJGASLTD.NS,-0.0259270504147177,4.297653889122344,2.527104224239722
1574,1574,2022-08-29,GUJGASLTD.NS,0.0109086428088429,4.344535460314814,2.527104224239722
1575,1575,2022-08-30,GUJGASLTD.NS,0.0181289045291428,4.423297128898337,2.527104224239722
1576,1576,2022-09-01,GUJGASLTD.NS,0.0133544572093946,4.482367861130649,2.527104224239722
1577,1577,2022-09-02,GUJGASLTD.NS,0.006903106834931,4.513310125349495,2.527104224239722
1578,1578,2022-09-05,GUJGASLTD.NS,0.003843475846343,4.530656923803331,2.527104224239722
1579,1579,2022-09-06,GUJGASLTD.NS,-0.0125208077670104,4.473929439402115,2.527104224239722
1580,1580,2022-09-07,GUJGASLTD.NS,0.0211672930563255,4.568630414959261,2.527104224239722
1581,1581,2022-09-08,GUJGASLTD.NS,0.0064648833725324,4.598166077764177,2.527104224239722
1582,1582,2022-09-09,GUJGASLTD.NS,0.0342577970900257,4.755689118242462,2.527104224239722
1583,1583,2022-09-12,GUJGASLTD.NS,0.0103509097979135,4.804914827332309,2.527104224239722
1584,1584,2022-09-13,GUJGASLTD.NS,0.0095618832716193,4.850858862041333,2.527104224239722
1585,1585,2022-09-14,GUJGASLTD.NS,-0.0073450800465223,4.815228915405257,2.527104224239722
1586,1586,2022-09-15,GUJGASLTD.NS,0.0332976789752248,4.975564862022641,2.527104224239722
1587,1587,2022-09-16,GUJGASLTD.NS,-0.0497503386638226,4.728028825093199,2.527104224239722
1588,1588,2022-09-19,GUJGASLTD.NS,-0.0123945868687534,4.669426861102611,2.527104224239722
1589,1589,2022-09-20,GUJGASLTD.NS,0.0103412854198206,4.71771473702025,2.527104224239722
1590,1590,2022-09-21,GUJGASLTD.NS,0.0079499535413152,4.755220350000739,2.527104224239722
1591,1591,2022-09-22,GUJGASLTD.NS,0.0249432870306101,4.873831176084606,2.527104224239722
1592,1592,2022-09-23,GUJGASLTD.NS,-0.0374182289478062,4.691461045284917,2.527104224239722
1593,1593,2022-09-26,GUJGASLTD.NS,-0.026281599844581,4.568161943406299,2.527104224239722
1594,1594,2022-09-27,GUJGASLTD.NS,0.0604474775594863,4.84429580996845,2.527104224239722
1595,1595,2022-09-28,GUJGASLTD.NS,-0.0189683639710284,4.752407443861641,2.527104224239722
1596,1596,2022-09-29,GUJGASLTD.NS,0.0186445282909557,4.841013838898868,2.527104224239722
1597,1597,2022-09-30,GUJGASLTD.NS,-0.0252759592883633,4.718652570192456,2.527104224239722
1598,1598,2022-10-03,GUJGASLTD.NS,-0.018777964770221,4.630045878466469,2.527104224239722
1599,1599,2022-10-04,GUJGASLTD.NS,-0.0072903972347599,4.596291004797285,2.527104224239722
1600,1600,2022-10-06,GUJGASLTD.NS,0.0116279009721298,4.649736221440159,2.527104224239722
1601,1601,2022-10-07,GUJGASLTD.NS,-0.0202661404491969,4.555504014124735,2.527104224239722
1602,1602,2022-10-10,GUJGASLTD.NS,0.0104969960574392,4.603323121800651,2.527104224239722
1603,1603,2022-10-11,GUJGASLTD.NS,-0.029228977889699,4.468772692054399,2.527104224239722
1604,1604,2022-10-12,GUJGASLTD.NS,-0.0074486675447613,4.4354862899381775,2.527104224239722
1605,1605,2022-10-13,GUJGASLTD.NS,-0.0081386818055213,4.399387278371618,2.527104224239722
1606,1606,2022-10-14,GUJGASLTD.NS,0.0073529714246907,4.4317358473156325,2.527104224239722
1607,1607,2022-10-17,GUJGASLTD.NS,-0.0067702224823015,4.401732009646515,2.527104224239722
1608,1608,2022-10-18,GUJGASLTD.NS,0.0146979744265949,4.466428554157024,2.527104224239722
1609,1609,2022-10-19,GUJGASLTD.NS,0.0095517838942023,4.509090914485226,2.527104224239722
1610,1610,2022-10-20,GUJGASLTD.NS,0.0057184306066613,4.534875837978837,2.527104224239722
1611,1611,2022-10-21,GUJGASLTD.NS,0.0375271508724917,4.705056807738686,2.527104224239722
1612,1612,2022-10-24,GUJGASLTD.NS,0.0142487076853947,4.772097786835331,2.527104224239722
1613,1613,2022-10-25,GUJGASLTD.NS,0.0162098041440452,4.849452557316163,2.527104224239722
1614,1614,2022-10-27,GUJGASLTD.NS,0.0020301308294299,4.8592975804586285,2.527104224239722
1615,1615,2022-10-28,GUJGASLTD.NS,-0.0069463901770834,4.825543003478205,2.527104224239722
1616,1616,2022-10-31,GUJGASLTD.NS,0.0076751047547001,4.862579551528211,2.527104224239722
1617,1617,2022-11-01,GUJGASLTD.NS,0.0028923401371012,4.876643785534943,2.527104224239722
1618,1618,2022-11-02,GUJGASLTD.NS,0.0038454329073345,4.895396592025188,2.527104224239722
1619,1619,2022-11-03,GUJGASLTD.NS,-0.0105343552902804,4.843826745037966,2.527104224239722
1620,1620,2022-11-04,GUJGASLTD.NS,-0.004742534893108,4.820854727683454,2.527104224239722
1621,1621,2022-11-07,GUJGASLTD.NS,0.004765133705979,4.843826745037966,2.527104224239722
1622,1622,2022-11-09,GUJGASLTD.NS,-0.0185830338674616,4.7538137485868095,2.527104224239722
1623,1623,2022-11-10,GUJGASLTD.NS,-0.022978302676582,4.644579177403685,2.527104224239722
1624,1624,2022-11-11,GUJGASLTD.NS,-0.0296760357052719,4.50674647989909,2.527104224239722
1625,1625,2022-11-14,GUJGASLTD.NS,0.0072818903883038,4.539564113773589,2.527104224239722
1626,1626,2022-11-15,GUJGASLTD.NS,0.0604151610226992,4.813822610680088,2.527104224239722
1627,1627,2022-11-16,GUJGASLTD.NS,-0.0177250024036742,4.728497593334922,2.527104224239722
1628,1628,2022-11-17,GUJGASLTD.NS,-0.011699463073697,4.673176710347634,2.527104224239722
1629,1629,2022-11-18,GUJGASLTD.NS,0.0070225535879762,4.705994344222132,2.527104224239722
1630,1630,2022-11-21,GUJGASLTD.NS,0.0028890307678468,4.719590106675903,2.527104224239722
1631,1631,2022-11-22,GUJGASLTD.NS,0.0037746865544188,4.73740507999394,2.527104224239722
1632,1632,2022-11-23,GUJGASLTD.NS,-0.0033646901799594,4.721465179642794,2.527104224239722
1633,1633,2022-11-24,GUJGASLTD.NS,-0.0190645692253536,4.631452479880398,2.527104224239722
1634,1634,2022-11-25,GUJGASLTD.NS,-0.003745369695669,4.614105978115322,2.527104224239722
1635,1635,2022-11-28,GUJGASLTD.NS,0.0246901236161916,4.728028825093198,2.527104224239722
1636,1636,2022-11-29,GUJGASLTD.NS,-0.0110064709507518,4.675989913175493,2.527104224239722
1637,1637,2022-11-30,GUJGASLTD.NS,0.0003008136116731,4.677396514589423,2.527104224239722
1638,1638,2022-12-01,GUJGASLTD.NS,0.0189435286832861,4.76600290962665,2.527104224239722
1639,1639,2022-12-02,GUJGASLTD.NS,0.0157387502052728,4.841013838898867,2.527104224239722
1640,1640,2022-12-05,GUJGASLTD.NS,-0.0151074269484922,4.767878575971063,2.527104224239722
1641,1641,2022-12-06,GUJGASLTD.NS,0.0023598806842732,4.779130200527457,2.527104224239722
1642,1642,2022-12-07,GUJGASLTD.NS,-0.0076516175460144,4.742562124030414,2.527104224239722
1643,1643,2022-12-08,GUJGASLTD.NS,0.0246144285251888,4.8592975804586285,2.527104224239722
1644,1644,2022-12-09,GUJGASLTD.NS,0.0063675802968965,4.890239547988714,2.527104224239722
1645,1645,2022-12-12,GUJGASLTD.NS,0.0043140315503635,4.911336195687573,2.527104224239722
1646,1646,2022-12-13,GUJGASLTD.NS,0.0038182697626585,4.930089002177818,2.527104224239722
1647,1647,2022-12-14,GUJGASLTD.NS,-0.0002851290001106,4.92868329083017,2.527104224239722
1648,1648,2022-12-15,GUJGASLTD.NS,0.0116996428309574,4.986347124959791,2.527104224239722
1649,1649,2022-12-16,GUJGASLTD.NS,-0.0203083182500271,4.885082800641,2.527104224239722
1650,1650,2022-12-19,GUJGASLTD.NS,0.0122841033698353,4.945091662734279,2.527104224239722
1651,1651,2022-12-20,GUJGASLTD.NS,-0.0016116290718877,4.937122009247466,2.527104224239722
1652,1652,2022-12-21,GUJGASLTD.NS,-0.0247841067211834,4.814759850474774,2.527104224239722
1653,1653,2022-12-22,GUJGASLTD.NS,-0.035053476580045,4.645985778817614,2.527104224239722
1654,1654,2022-12-23,GUJGASLTD.NS,-0.0561049359301023,4.385323044364886,2.527104224239722
1655,1655,2022-12-26,GUJGASLTD.NS,0.0284369943427618,4.510028450968673,2.527104224239722
1656,1656,2022-12-27,GUJGASLTD.NS,-0.0054054246072895,4.485649832200231,2.527104224239722
1657,1657,2022-12-28,GUJGASLTD.NS,0.0020902779422136,4.495026087100974,2.527104224239722
1658,1658,2022-12-29,GUJGASLTD.NS,-0.0028160517258506,4.4823678611306494,2.527104224239722
1659,1659,2022-12-30,GUJGASLTD.NS,0.0169439594174733,4.5583169202638345,2.527104224239722
1660,1660,2023-01-02,GUJGASLTD.NS,0.0082278218603539,4.595821939866803,2.527104224239722
1661,1661,2023-01-03,GUJGASLTD.NS,0.0009181181534527,4.600041447419831,2.527104224239722
1662,1662,2023-01-04,GUJGASLTD.NS,-0.0267020058494886,4.4772111137829365,2.527104224239722
1663,1663,2023-01-05,GUJGASLTD.NS,0.0262827207853049,4.594884403383357,2.527104224239722
1664,1664,2023-01-06,GUJGASLTD.NS,-0.018365528586439,4.510496922521638,2.527104224239722
1665,1665,2023-01-09,GUJGASLTD.NS,0.0059246362016445,4.537219975876216,2.527104224239722
1666,1666,2023-01-10,GUJGASLTD.NS,-0.0082662099655519,4.499714362895727,2.527104224239722
1667,1667,2023-01-11,GUJGASLTD.NS,-0.0180245247947656,4.418609149792349,2.527104224239722
1668,1668,2023-01-12,GUJGASLTD.NS,-0.0094430439803616,4.376884029258831,2.527104224239722
1669,1669,2023-01-13,GUJGASLTD.NS,-0.0353470269297091,4.2221741916084055,2.527104224239722
1670,1670,2023-01-16,GUJGASLTD.NS,-0.0044415046938413,4.203421385118161,2.527104224239722
1671,1671,2023-01-17,GUJGASLTD.NS,0.000446153141413,4.205296754773815,2.527104224239722
1672,1672,2023-01-18,GUJGASLTD.NS,0.0154960786933802,4.270462364214806,2.527104224239722
1673,1673,2023-01-19,GUJGASLTD.NS,-0.0006586888957669,4.267649458075708,2.527104224239722
1674,1674,2023-01-20,GUJGASLTD.NS,0.0125234075236662,4.321094971407343,2.527104224239722
1675,1675,2023-01-23,GUJGASLTD.NS,0.0221330031767865,4.416733780136698,2.527104224239722
1676,1676,2023-01-24,GUJGASLTD.NS,-0.0033965756681207,4.401732009646518,2.527104224239722
1677,1677,2023-01-25,GUJGASLTD.NS,-0.0067100767218331,4.372196050152842,2.527104224239722
1678,1678,2023-01-27,GUJGASLTD.NS,-0.024876630646249,4.263430543900201,2.527104224239722
1679,1679,2023-01-30,GUJGASLTD.NS,-0.0105565438769705,4.218423452297102,2.527104224239722
1680,1680,2023-01-31,GUJGASLTD.NS,0.0156702474394698,4.28452719159906,2.527104224239722
1681,1681,2023-02-01,GUJGASLTD.NS,0.0330451499329935,4.426110035037439,2.527104224239722
1682,1682,2023-02-02,GUJGASLTD.NS,0.0012710511563569,4.431735847315637,2.527104224239722
1683,1683,2023-02-03,GUJGASLTD.NS,-0.0067702224823015,4.401732009646519,2.527104224239722
1684,1684,2023-02-06,GUJGASLTD.NS,0.0116091768549264,4.452832495014497,2.527104224239722
1685,1685,2023-02-07,GUJGASLTD.NS,-0.0112655354357518,4.402668952752444,2.527104224239722
1686,1686,2023-02-08,GUJGASLTD.NS,0.0222553518509434,4.500651899379174,2.527104224239722
1687,1687,2023-02-09,GUJGASLTD.NS,0.0058333745890715,4.526905887803269,2.527104224239722
1688,1688,2023-02-10,GUJGASLTD.NS,-0.0051781031409093,4.503465102207034,2.527104224239722
1689,1689,2023-02-13,GUJGASLTD.NS,0.0090567358818438,4.544251796190824,2.527104224239722
1690,1690,2023-02-14,GUJGASLTD.NS,-0.0203238820826762,4.451894958531052,2.527104224239722
1691,1691,2023-02-15,GUJGASLTD.NS,0.0177970139824206,4.531125395356297,2.527104224239722
1692,1692,2023-02-16,GUJGASLTD.NS,0.0044490296463819,4.551284506571712,2.527104224239722
1693,1693,2023-02-17,GUJGASLTD.NS,-0.0003090559185872,4.549877905157781,2.527104224239722
1694,1694,2023-02-20,GUJGASLTD.NS,0.0290571728062782,4.6820844936954185,2.527104224239722
1695,1695,2023-02-21,GUJGASLTD.NS,0.0144187375151541,4.749594241033786,2.527104224239722
1696,1696,2023-02-22,GUJGASLTD.NS,-0.0076004411607805,4.7134952294672265,2.527104224239722
1697,1697,2023-02-23,GUJGASLTD.NS,0.0027850438499947,4.726622520368034,2.527104224239722
1698,1698,2023-02-24,GUJGASLTD.NS,0.0065462538436251,4.757564191209358,2.527104224239722
1699,1699,2023-02-27,GUJGASLTD.NS,-0.0063065544600651,4.72756035354024,2.527104224239722
1700,1700,2023-02-28,GUJGASLTD.NS,0.001388253471575,4.734123405613123,2.527104224239722
1701,1701,2023-03-01,GUJGASLTD.NS,0.0124777121042161,4.793194434534195,2.527104224239722
1702,1702,2023-03-02,GUJGASLTD.NS,0.0,4.793194434534195,2.527104224239722
1703,1703,2023-03-03,GUJGASLTD.NS,-0.003618923728889,4.77584822945788,2.527104224239722
1704,1704,2023-03-06,GUJGASLTD.NS,0.0064789044233004,4.806790493676727,2.527104224239722
1705,1705,2023-03-08,GUJGASLTD.NS,-0.0106310802398155,4.755689118242467,2.527104224239722
1706,1706,2023-03-09,GUJGASLTD.NS,0.013406953888396,4.81944842295829,2.527104224239722
1707,1707,2023-03-10,GUJGASLTD.NS,-0.0073930126848346,4.783818179633453,2.527104224239722
1708,1708,2023-03-13,GUJGASLTD.NS,-0.0050960588076341,4.759439560865012,2.527104224239722
1709,1709,2023-03-14,GUJGASLTD.NS,-0.0143814370652779,4.690991980354437,2.527104224239722
1710,1710,2023-03-15,GUJGASLTD.NS,-0.0172896287462869,4.6098864705623,2.527104224239722
1711,1711,2023-03-16,GUJGASLTD.NS,0.0104749157955965,4.6581746431686994,2.527104224239722
1712,1712,2023-03-17,GUJGASLTD.NS,0.0108696877553853,4.708807547049997,2.527104224239722
1713,1713,2023-03-20,GUJGASLTD.NS,-0.0139387039533172,4.643172872678521,2.527104224239722
1714,1714,2023-03-21,GUJGASLTD.NS,0.0120153515860947,4.698962227218772,2.527104224239722
1715,1715,2023-03-22,GUJGASLTD.NS,-0.0116731770557921,4.644110409161967,2.527104224239722
1716,1716,2023-03-23,GUJGASLTD.NS,-0.0081768902710185,4.606136027939755,2.527104224239722
1717,1717,2023-03-24,GUJGASLTD.NS,-0.0180152906784445,4.5231551484919645,2.527104224239722
1718,1718,2023-03-27,GUJGASLTD.NS,-0.0058042216516331,4.496901753445392,2.527104224239722
1719,1719,2023-03-28,GUJGASLTD.NS,-0.0192869061468564,4.4101704313750565,2.527104224239722
1720,1720,2023-03-29,GUJGASLTD.NS,-0.0014883647335864,4.403606489235892,2.527104224239722
1721,1721,2023-03-31,GUJGASLTD.NS,-0.0213988036526431,4.309374578609228,2.527104224239722
1722,1722,2023-04-03,GUJGASLTD.NS,0.0034812632100738,4.324376645788168,2.527104224239722
1723,1723,2023-04-05,GUJGASLTD.NS,0.0022767026643746,4.334221965619393,2.527104224239722
1724,1724,2023-04-06,GUJGASLTD.NS,0.0088696086818158,4.372664818394568,2.527104224239722
1725,1725,2023-04-10,GUJGASLTD.NS,-0.016618422493568,4.2999980270197256,2.527104224239722
1726,1726,2023-04-11,GUJGASLTD.NS,0.0056694488265471,4.324376645788168,2.527104224239722
1727,1727,2023-04-12,GUJGASLTD.NS,0.0083477954219643,4.360475657354728,2.527104224239722
1728,1728,2023-04-13,GUJGASLTD.NS,-0.004515641072432,4.340785314381037,2.527104224239722
1729,1729,2023-04-17,GUJGASLTD.NS,0.0150124009185845,4.405950923822029,2.527104224239722
1730,1730,2023-04-18,GUJGASLTD.NS,-0.001596049780161,4.398918806818663,2.527104224239722
1731,1731,2023-04-19,GUJGASLTD.NS,-0.0092721838800132,4.358131222768591,2.527104224239722
1732,1732,2023-04-20,GUJGASLTD.NS,-0.0073149481702111,4.32625171875506,2.527104224239722
1733,1733,2023-04-21,GUJGASLTD.NS,0.0112700194112038,4.375008659603184,2.527104224239722
1734,1734,2023-04-24,GUJGASLTD.NS,-0.0066437128351442,4.345942358417511,2.527104224239722
1735,1735,2023-04-25,GUJGASLTD.NS,-0.0102481179709141,4.301404628433655,2.527104224239722
1736,1736,2023-04-26,GUJGASLTD.NS,0.0101361998179476,4.345004525245304,2.527104224239722
1737,1737,2023-04-27,GUJGASLTD.NS,-0.0192058828028037,4.26155487755579,2.527104224239722
1738,1738,2023-04-28,GUJGASLTD.NS,0.0291528894808739,4.3857915159178535,2.527104224239722
1739,1739,2023-05-02,GUJGASLTD.NS,0.0047034101076235,4.406419692063751,2.527104224239722
1740,1740,2023-05-03,GUJGASLTD.NS,0.004681256940987,4.427047274832127,2.527104224239722
1741,1741,2023-05-04,GUJGASLTD.NS,0.0023298564757476,4.437361659593836,2.527104224239722
1742,1742,2023-05-05,GUJGASLTD.NS,-0.026518751147093,4.319688369993415,2.527104224239722
1743,1743,2023-05-08,GUJGASLTD.NS,-0.0029303562864057,4.307030144023091,2.527104224239722
1744,1744,2023-05-09,GUJGASLTD.NS,0.0155654771048394,4.374071123119736,2.527104224239722
1745,1745,2023-05-10,GUJGASLTD.NS,-0.007824140087996,4.33984777789759,2.527104224239722
1746,1746,2023-05-11,GUJGASLTD.NS,0.0548773138689564,4.578006966548769,2.527104224239722
1747,1747,2023-05-12,GUJGASLTD.NS,-0.0237583305871195,4.469241163607367,2.527104224239722
1748,1748,2023-05-15,GUJGASLTD.NS,0.0124830254592884,4.525030814836378,2.527104224239722
1749,1749,2023-05-16,GUJGASLTD.NS,0.0079776277872409,4.561129826402938,2.527104224239722
1750,1750,2023-05-17,GUJGASLTD.NS,0.0103812742097577,4.608480165837132,2.527104224239722
1751,1751,2023-05-18,GUJGASLTD.NS,-0.0091556414627241,4.566286573750651,2.527104224239722
1752,1752,2023-05-19,GUJGASLTD.NS,-0.0165297117485079,4.490807172925472,2.527104224239722
1753,1753,2023-05-22,GUJGASLTD.NS,0.0083515096860717,4.528312192528439,2.527104224239722
1754,1754,2023-05-23,GUJGASLTD.NS,0.0064189246075287,4.557379087091633,2.527104224239722
1755,1755,2023-05-24,GUJGASLTD.NS,0.0023660213707508,4.568161943406304,2.527104224239722
1756,1756,2023-05-25,GUJGASLTD.NS,0.0031814325142727,4.5826952423435205,2.527104224239722
1757,1757,2023-05-26,GUJGASLTD.NS,0.0194373518763946,4.671770702311231,2.527104224239722
1758,1758,2023-05-29,GUJGASLTD.NS,-0.00270951353928,4.659112476340907,2.527104224239722
1759,1759,2023-05-30,GUJGASLTD.NS,0.0124773747645778,4.717245968778533,2.527104224239722
1760,1760,2023-05-31,GUJGASLTD.NS,0.0069568219919375,4.750063009275511,2.527104224239722
1761,1761,2023-06-01,GUJGASLTD.NS,-0.036221844297805,4.57800696654877,2.527104224239722
1762,1762,2023-06-02,GUJGASLTD.NS,-0.0271377128234739,4.453770328186707,2.527104224239722
1763,1763,2023-06-05,GUJGASLTD.NS,0.0006315120096198,4.456582937637045,2.527104224239722
1764,1764,2023-06-06,GUJGASLTD.NS,0.0079949692002654,4.492213180961882,2.527104224239722
1765,1765,2023-06-07,GUJGASLTD.NS,0.0097057267195572,4.535813374462292,2.527104224239722
1766,1766,2023-06-08,GUJGASLTD.NS,-0.0098191275317043,4.491275644478436,2.527104224239722
1767,1767,2023-06-09,GUJGASLTD.NS,0.0010438628500823,4.495963920273187,2.527104224239722
1768,1768,2023-06-12,GUJGASLTD.NS,0.0100103564741425,4.540970121810005,2.527104224239722
1769,1769,2023-06-13,GUJGASLTD.NS,0.003407075665148,4.556441550608189,2.527104224239722
1770,1770,2023-06-14,GUJGASLTD.NS,-0.0020578671942474,4.547064999018686,2.527104224239722
1771,1771,2023-06-15,GUJGASLTD.NS,0.0009279628846166,4.551284506571715,2.527104224239722
1772,1772,2023-06-16,GUJGASLTD.NS,-0.0140090139245304,4.487525498544652,2.527104224239722
1773,1773,2023-06-19,GUJGASLTD.NS,-0.0109695211302021,4.438299492766046,2.527104224239722
1774,1774,2023-06-20,GUJGASLTD.NS,0.0065490393160281,4.467366090640479,2.527104224239722
1775,1775,2023-06-21,GUJGASLTD.NS,-0.0076609426212306,4.433141855352051,2.527104224239722
1776,1776,2023-06-22,GUJGASLTD.NS,-0.0084601442558597,4.395636835749084,2.527104224239722
1777,1777,2023-06-23,GUJGASLTD.NS,-0.0146117787609723,4.331408762791538,2.527104224239722
1778,1778,2023-06-26,GUJGASLTD.NS,0.0092002509458244,4.371258810358163,2.527104224239722
1779,1779,2023-06-27,GUJGASLTD.NS,0.0041826498187835,4.389542255229164,2.527104224239722
1780,1780,2023-06-28,GUJGASLTD.NS,-0.0016020836076356,4.382509841537037,2.527104224239722
1781,1781,2023-06-30,GUJGASLTD.NS,-0.0050277546380996,4.360475657354732,2.527104224239722
1782,1782,2023-07-03,GUJGASLTD.NS,0.0205354266932786,4.450019885564166,2.527104224239722
1783,1783,2023-07-04,GUJGASLTD.NS,-0.003898006193767,4.43267368048785,2.527104224239722
1784,1784,2023-07-05,GUJGASLTD.NS,0.0029612829142617,4.445800081322377,2.527104224239722
1785,1785,2023-07-06,GUJGASLTD.NS,0.0030581805060578,4.459396140464907,2.527104224239722
1786,1786,2023-07-07,GUJGASLTD.NS,0.0027334323627348,4.471585598193509,2.527104224239722
1787,1787,2023-07-10,GUJGASLTD.NS,-0.0023066504118531,4.461271213431799,2.527104224239722
1788,1788,2023-07-11,GUJGASLTD.NS,0.0100883341902271,4.50627800834614,2.527104224239722
1789,1789,2023-07-12,GUJGASLTD.NS,-0.0212234594830192,4.410639199616784,2.527104224239722
1790,1790,2023-07-13,GUJGASLTD.NS,-0.0156250252249798,4.341722850864487,2.527104224239722
1791,1791,2023-07-14,GUJGASLTD.NS,-0.0061548739023028,4.31500009419867,2.527104224239722
1792,1792,2023-07-17,GUJGASLTD.NS,0.0022816499690143,4.324845414029895,2.527104224239722
1793,1793,2023-07-18,GUJGASLTD.NS,0.0076964158373662,4.358131222768595,2.527104224239722
1794,1794,2023-07-19,GUJGASLTD.NS,0.0038726316331225,4.375008659603187,2.527104224239722
1795,1795,2023-07-20,GUJGASLTD.NS,0.0006429487020382,4.377821565742286,2.527104224239722
1796,1796,2023-07-21,GUJGASLTD.NS,0.0044978168631941,4.397512205404737,2.527104224239722
1797,1797,2023-07-24,GUJGASLTD.NS,-0.004371011115863,4.378290630672769,2.527104224239722
1798,1798,2023-07-25,GUJGASLTD.NS,0.0044972672293033,4.397980973646459,2.527104224239722
1799,1799,2023-07-26,GUJGASLTD.NS,0.0071421483286966,4.429392006107028,2.527104224239722
1800,1800,2023-07-27,GUJGASLTD.NS,-0.0032811716835942,4.414858410481051,2.527104224239722
1801,1801,2023-07-28,GUJGASLTD.NS,0.0221938374524888,4.51284106041902,2.527104224239722
1802,1802,2023-07-31,GUJGASLTD.NS,0.0029088750800341,4.525968351319827,2.527104224239722
1803,1803,2023-08-01,GUJGASLTD.NS,0.0013465804545766,4.532062931839747,2.527104224239722
1804,1804,2023-08-02,GUJGASLTD.NS,-0.0233785140223753,4.4261100350374445,2.527104224239722
1805,1805,2023-08-03,GUJGASLTD.NS,-0.0360131384406101,4.266711921592267,2.527104224239722
1806,1806,2023-08-04,GUJGASLTD.NS,-0.0091198839810907,4.227800003886609,2.527104224239722
1807,1807,2023-08-07,GUJGASLTD.NS,0.0239521542180849,4.329064921582921,2.527104224239722
1808,1808,2023-08-08,GUJGASLTD.NS,0.0181936222536398,4.407826293477684,2.527104224239722
1809,1809,2023-08-09,GUJGASLTD.NS,0.004148017717217,4.4261100350374445,2.527104224239722
1810,1810,2023-08-10,GUJGASLTD.NS,-0.0213960501425055,4.331408762791536,2.527104224239722
1811,1811,2023-08-11,GUJGASLTD.NS,-0.0041130428879948,4.313593492784738,2.527104224239722
1812,1812,2023-08-14,GUJGASLTD.NS,-0.0072818024749778,4.28218275701293,2.527104224239722
1813,1813,2023-08-16,GUJGASLTD.NS,-0.003722308123417,4.266243153350545,2.527104224239722
1814,1814,2023-08-17,GUJGASLTD.NS,-0.0017582640426762,4.258741971416695,2.527104224239722
1815,1815,2023-08-18,GUJGASLTD.NS,-0.0036327242938166,4.243271135996033,2.527104224239722
1816,1816,2023-08-21,GUJGASLTD.NS,0.0049717887504041,4.264367783694893,2.527104224239722
1817,1817,2023-08-22,GUJGASLTD.NS,-0.0004397071411291,4.262492710728001,2.527104224239722
1818,1818,2023-08-23,GUJGASLTD.NS,-0.0008799403461419,4.258741971416695,2.527104224239722
1819,1819,2023-08-24,GUJGASLTD.NS,0.0040730819553607,4.27608817649301,2.527104224239722
1820,1820,2023-08-25,GUJGASLTD.NS,-0.0058107057889957,4.251241086171606,2.527104224239722
1821,1821,2023-08-28,GUJGASLTD.NS,0.0056242048009209,4.275150936698325,2.527104224239722
1822,1822,2023-08-29,GUJGASLTD.NS,0.0063602966588542,4.302342164917105,2.527104224239722
1823,1823,2023-08-30,GUJGASLTD.NS,-0.0118775022503314,4.251241086171606,2.527104224239722
1824,1824,2023-08-31,GUJGASLTD.NS,-0.0089325400400684,4.213266704949394,2.527104224239722
1825,1825,2023-09-01,GUJGASLTD.NS,0.0192500298395215,4.294372214741532,2.527104224239722
1826,1826,2023-09-04,GUJGASLTD.NS,-0.0040392877489215,4.277026009665217,2.527104224239722
1827,1827,2023-09-05,GUJGASLTD.NS,0.0008768809481329,4.280776452287762,2.527104224239722
1828,1828,2023-09-06,GUJGASLTD.NS,0.0122659243585043,4.333284132447191,2.527104224239722
1829,1829,2023-09-07,GUJGASLTD.NS,0.001622814657066,4.340316249450558,2.527104224239722
1830,1830,2023-09-08,GUJGASLTD.NS,0.0032404391493991,4.354380780146051,2.527104224239722
1831,1831,2023-09-11,GUJGASLTD.NS,0.0053522632463456,4.37768657235622,2.527104224239722
1832,1832,2023-09-12,GUJGASLTD.NS,-0.0205345280169334,4.287792844786818,2.527104224239722
1833,1833,2023-09-13,GUJGASLTD.NS,-0.0047698066959965,4.267340901764707,2.527104224239722
1834,1834,2023-09-14,GUJGASLTD.NS,0.0080249740948203,4.3015862019551365,2.527104224239722
1835,1835,2023-09-15,GUJGASLTD.NS,-0.0019903233742675,4.293024654390958,2.527104224239722
1836,1836,2023-09-18,GUJGASLTD.NS,0.0042100812506495,4.311098636996986,2.527104224239722
1837,1837,2023-09-20,GUJGASLTD.NS,-0.0153353817304604,4.244986293720969,2.527104224239722
1838,1838,2023-09-21,GUJGASLTD.NS,-0.0116526721609362,4.195520860112571,2.527104224239722
1839,1839,2023-09-22,GUJGASLTD.NS,-0.0032875680849762,4.181727799633013,2.527104224239722
1840,1840,2023-09-25,GUJGASLTD.NS,-0.0052321226291203,4.159848486983731,2.527104224239722
1841,1841,2023-09-26,GUJGASLTD.NS,-0.0121198206936107,4.1094318692089,2.527104224239722
1842,1842,2023-09-27,GUJGASLTD.NS,-0.0256944162675496,4.003842416138312,2.527104224239722
1843,1843,2023-09-28,GUJGASLTD.NS,-0.0141363234769853,3.947242804592906,2.527104224239722
1844,1844,2023-09-29,GUJGASLTD.NS,0.0191588868639831,4.022867582910774,2.527104224239722
1845,1845,2023-10-03,GUJGASLTD.NS,0.0053204395710724,4.044271006788077,2.527104224239722
1846,1846,2023-10-04,GUJGASLTD.NS,-0.0087028006525248,4.009074522431215,2.527104224239722
1847,1847,2023-10-05,GUJGASLTD.NS,-0.0008304762739248,4.005745081159939,2.527104224239722
1848,1848,2023-10-06,GUJGASLTD.NS,0.0085490463063897,4.039990381350369,2.527104224239722
1849,1849,2023-10-09,GUJGASLTD.NS,-0.0043560476292344,4.022391990827558,2.527104224239722
1850,1850,2023-10-10,GUJGASLTD.NS,0.0002365460296669,4.023343471682752,2.527104224239722
1851,1851,2023-10-11,GUJGASLTD.NS,-0.0028372911317617,4.011928074930515,2.527104224239722
1852,1852,2023-10-12,GUJGASLTD.NS,0.0104327311252054,4.053783441829928,2.527104224239722
1853,1853,2023-10-13,GUJGASLTD.NS,0.0015252402747452,4.059966435600503,2.527104224239722
1854,1854,2023-10-16,GUJGASLTD.NS,-0.0038659011253877,4.044271006788078,2.527104224239722
1855,1855,2023-10-17,GUJGASLTD.NS,0.0047041531222236,4.063295876871778,2.527104224239722
1856,1856,2023-10-18,GUJGASLTD.NS,-0.017089941260195,3.993854389013247,2.527104224239722
1857,1857,2023-10-19,GUJGASLTD.NS,0.0,3.993854389013247,2.527104224239722
1858,1858,2023-10-20,GUJGASLTD.NS,-0.0158389585413969,3.9305958949252897,2.527104224239722
1859,1859,2023-10-23,GUJGASLTD.NS,-0.0154889568879968,3.8697150645646543,2.527104224239722
1860,1860,2023-10-25,GUJGASLTD.NS,-0.0008603074197892,3.866385919982139,2.527104224239722
1861,1861,2023-10-26,GUJGASLTD.NS,-0.0063968183651809,3.841653351522321,2.527104224239722
1862,1862,2023-10-27,GUJGASLTD.NS,0.0071807939017158,3.8692394724814383,2.527104224239722
1863,1863,2023-10-30,GUJGASLTD.NS,0.0108174661188833,3.911094839380852,2.527104224239722
1864,1864,2023-10-31,GUJGASLTD.NS,-0.0051076109783254,3.89111848844196,2.527104224239722
1865,1865,2023-11-01,GUJGASLTD.NS,-0.0101454401637556,3.851641378647388,2.527104224239722
1866,1866,2023-11-02,GUJGASLTD.NS,0.0083971045040962,3.883984013816191,2.527104224239722
1867,1867,2023-11-03,GUJGASLTD.NS,0.0273083878474438,3.9900493556587553,2.527104224239722
1868,1868,2023-11-06,GUJGASLTD.NS,-0.0054833948180342,3.968170339698235,2.527104224239722
1869,1869,2023-11-07,GUJGASLTD.NS,0.0009588138461871,3.971975076363967,2.527104224239722
1870,1870,2023-11-08,GUJGASLTD.NS,-0.0017962032713203,3.964840601738199,2.527104224239722
1871,1871,2023-11-09,GUJGASLTD.NS,-0.007677476399387,3.9344006315910223,2.527104224239722
1872,1872,2023-11-10,GUJGASLTD.NS,0.0095502335149204,3.971975076363967,2.527104224239722
1873,1873,2023-11-13,GUJGASLTD.NS,0.0019160148921961,3.979585439761713,2.527104224239722
1874,1874,2023-11-15,GUJGASLTD.NS,0.0083661526656979,4.012879259096947,2.527104224239722
1875,1875,2023-11-16,GUJGASLTD.NS,0.000711172453442,4.015733108285006,2.527104224239722
1876,1876,2023-11-17,GUJGASLTD.NS,0.0068695844330299,4.043319525932883,2.527104224239722
1877,1877,2023-11-20,GUJGASLTD.NS,-0.0018820600181154,4.035709755912659,2.527104224239722
1878,1878,2023-11-21,GUJGASLTD.NS,0.0068355066710883,4.063295876871777,2.527104224239722
1879,1879,2023-11-22,GUJGASLTD.NS,-0.0028092473993067,4.051881073497061,2.527104224239722
1880,1880,2023-11-23,GUJGASLTD.NS,0.0056344694508145,4.074711273624014,2.527104224239722
1881,1881,2023-11-24,GUJGASLTD.NS,-0.0065367895739313,4.048075743453808,2.527104224239722
1882,1882,2023-11-28,GUJGASLTD.NS,0.005639839336661,4.0709062402695215,2.527104224239722
1883,1883,2023-11-29,GUJGASLTD.NS,0.013085580244315,4.124176410543651,2.527104224239722
1884,1884,2023-11-30,GUJGASLTD.NS,-0.000922544597269,4.120371673877919,2.527104224239722
1885,1885,2023-12-01,GUJGASLTD.NS,0.0020777860719927,4.128932924753336,2.527104224239722
1886,1886,2023-12-04,GUJGASLTD.NS,0.0179702609416088,4.2031309268215535,2.527104224239722
1887,1887,2023-12-05,GUJGASLTD.NS,0.005092257236319,4.224534350698857,2.527104224239722
1888,1888,2023-12-06,GUJGASLTD.NS,-0.0059671564104161,4.199325893467061,2.527104224239722
1889,1889,2023-12-07,GUJGASLTD.NS,0.0035111686277293,4.214070434801815,2.527104224239722
1890,1890,2023-12-08,GUJGASLTD.NS,-0.0060948315203518,4.188386385486802,2.527104224239722
1891,1891,2023-12-11,GUJGASLTD.NS,0.0018169447631082,4.195996452195786,2.527104224239722
1892,1892,2023-12-12,GUJGASLTD.NS,-0.0045341236555394,4.176971285423326,2.527104224239722
1893,1893,2023-12-13,GUJGASLTD.NS,-0.0059212437573827,4.152238420274746,2.527104224239722
1894,1894,2023-12-14,GUJGASLTD.NS,0.0122566436210185,4.203130926821554,2.527104224239722
1895,1895,2023-12-15,GUJGASLTD.NS,0.0148240230928615,4.265438236743078,2.527104224239722
1896,1896,2023-12-18,GUJGASLTD.NS,0.006021432708547,4.29112228605809,2.527104224239722
1897,1897,2023-12-19,GUJGASLTD.NS,-0.0086455586453512,4.254023136679601,2.527104224239722
1898,1898,2023-12-20,GUJGASLTD.NS,-0.0196780156358449,4.170312402880774,2.527104224239722
1899,1899,2023-12-21,GUJGASLTD.NS,0.0117472833669103,4.219302244405955,2.527104224239722
1900,1900,2023-12-22,GUJGASLTD.NS,0.0085672147737747,4.255449912929251,2.527104224239722
1901,1901,2023-12-26,GUJGASLTD.NS,0.008941623332958,4.293500543162933,2.527104224239722
1902,1902,2023-12-27,GUJGASLTD.NS,-0.0032126824530266,4.279706889305853,2.527104224239722
1903,1903,2023-12-28,GUJGASLTD.NS,0.0050011424686084,4.301110313183157,2.527104224239722
1904,1904,2023-12-29,GUJGASLTD.NS,0.0206789728527434,4.390052856586126,2.527104224239722
1905,1905,2024-01-01,GUJGASLTD.NS,0.0487540945428239,4.60408590860412,2.527104224239722
1906,1906,2024-01-02,GUJGASLTD.NS,0.0296487970442513,4.740591517282621,2.527104224239722
1907,1907,2024-01-03,GUJGASLTD.NS,0.0008025869033139,4.744396253948353,2.527104224239722
1908,1908,2024-01-04,GUJGASLTD.NS,0.0149374441722662,4.815265408122816,2.527104224239722
1909,1909,2024-01-05,GUJGASLTD.NS,0.0010864433155763,4.820496921038197,2.527104224239722
1910,1910,2024-01-08,GUJGASLTD.NS,0.0032560389018576,4.836192646539383,2.527104224239722
1911,1911,2024-01-09,GUJGASLTD.NS,0.0111132998567717,4.8899387055854895,2.527104224239722
1912,1912,2024-01-10,GUJGASLTD.NS,0.0022371462382062,4.90087821356575,2.527104224239722
1913,1913,2024-01-11,GUJGASLTD.NS,0.0502717424205367,5.147253900752547,2.527104224239722
1914,1914,2024-01-12,GUJGASLTD.NS,-0.0120126794613315,5.085421589536718,2.527104224239722
1915,1915,2024-01-15,GUJGASLTD.NS,0.0130939452856768,5.152009821584712,2.527104224239722
1916,1916,2024-01-16,GUJGASLTD.NS,0.0266801696651062,5.289466317740886,2.527104224239722
1917,1917,2024-01-17,GUJGASLTD.NS,-0.0016184350147355,5.28090566024299,2.527104224239722
1918,1918,2024-01-18,GUJGASLTD.NS,0.004593392615964,5.3051629333083525,2.527104224239722
1919,1919,2024-01-19,GUJGASLTD.NS,-0.0073517272851323,5.266160822219477,2.527104224239722
1920,1920,2024-01-23,GUJGASLTD.NS,-0.0002708765662586,5.264734342658588,2.527104224239722
1921,1921,2024-01-24,GUJGASLTD.NS,0.0284578608004721,5.414557419733431,2.527104224239722
1922,1922,2024-01-25,GUJGASLTD.NS,-0.0294273553944617,5.255221314239216,2.527104224239722
1923,1923,2024-01-29,GUJGASLTD.NS,0.0017197625912399,5.264259047264131,2.527104224239722
1924,1924,2024-01-30,GUJGASLTD.NS,0.0022586462144851,5.276149146033304,2.527104224239722
1925,1925,2024-01-31,GUJGASLTD.NS,0.0480482750026878,5.529659011157109,2.527104224239722
1926,1926,2024-02-01,GUJGASLTD.NS,-0.0024943781256183,5.51586595067755,2.527104224239722
1927,1927,2024-02-02,GUJGASLTD.NS,0.0189704692841676,5.620504516270465,2.527104224239722
1928,1928,2024-02-05,GUJGASLTD.NS,0.0099855839097218,5.676628535732654,2.527104224239722
1929,1929,2024-02-06,GUJGASLTD.NS,0.0320905806103899,5.858794841353823,2.527104224239722
1930,1930,2024-02-07,GUJGASLTD.NS,-0.0212697690557421,5.734179628133253,2.527104224239722
1931,1931,2024-02-08,GUJGASLTD.NS,-0.0037325526189543,5.71277650094471,2.527104224239722
1932,1932,2024-02-09,GUJGASLTD.NS,-0.0293896957047674,5.544879737952599,2.527104224239722
1933,1933,2024-02-12,GUJGASLTD.NS,-0.0385143002803649,5.331322574706581,2.527104224239722
1934,1934,2024-02-13,GUJGASLTD.NS,0.0022302343560267,5.343212673475753,2.527104224239722
1935,1935,2024-02-14,GUJGASLTD.NS,-0.0034715034652845,5.324663692164029,2.527104224239722
1936,1936,2024-02-15,GUJGASLTD.NS,0.0376952808964723,5.5253783857194,2.527104224239722
1937,1937,2024-02-16,GUJGASLTD.NS,-0.0616336878749432,5.184828938903013,2.527104224239722
1938,1938,2024-02-19,GUJGASLTD.NS,0.011466697948288,5.2442818062589565,2.527104224239722
1939,1939,2024-02-20,GUJGASLTD.NS,0.0067114587556329,5.279478587304579,2.527104224239722
1940,1940,2024-02-21,GUJGASLTD.NS,0.0190090628261159,5.379836527459786,2.527104224239722
1941,1941,2024-02-22,GUJGASLTD.NS,-0.0017682746252259,5.370323499040415,2.527104224239722
1942,1942,2024-02-23,GUJGASLTD.NS,0.0225844443022782,5.491609270989709,2.527104224239722
1943,1943,2024-02-26,GUJGASLTD.NS,-0.0176686081389699,5.3945801787282575,2.527104224239722
1944,1944,2024-02-27,GUJGASLTD.NS,-0.0155174522665155,5.310870038306951,2.527104224239722
1945,1945,2024-02-28,GUJGASLTD.NS,-0.0179114790020108,5.215744501133408,2.527104224239722
1946,1946,2024-02-29,GUJGASLTD.NS,0.0310960524582346,5.377933565749401,2.527104224239722
1947,1947,2024-03-01,GUJGASLTD.NS,0.0229946008378003,5.501597001426017,2.527104224239722
1948,1948,2024-03-04,GUJGASLTD.NS,0.020143525477196,5.612418560789507,2.527104224239722
1949,1949,2024-03-05,GUJGASLTD.NS,0.0058474833238673,5.645237084730288,2.527104224239722
1950,1950,2024-03-06,GUJGASLTD.NS,-0.0448226648290429,5.392202515000938,2.527104224239722
1951,1951,2024-03-07,GUJGASLTD.NS,0.0068801476345297,5.429301664379427,2.527104224239722
1952,1952,2024-03-11,GUJGASLTD.NS,-0.009198425281702,5.379360638687812,2.527104224239722
1953,1953,2024-03-12,GUJGASLTD.NS,-0.0165339258695144,5.290418688662364,2.527104224239722
1954,1954,2024-03-13,GUJGASLTD.NS,-0.0498966326191383,5.026444610952755,2.527104224239722
1955,1955,2024-03-14,GUJGASLTD.NS,0.0168431826351493,5.111105935540494,2.527104224239722
1956,1956,2024-03-15,GUJGASLTD.NS,0.0108878048644571,5.166754659608228,2.527104224239722
1957,1957,2024-03-18,GUJGASLTD.NS,-0.0007365029489403,5.162949329564975,2.527104224239722
1958,1958,2024-03-19,GUJGASLTD.NS,-0.040350067440896,4.9546239759230986,2.527104224239722
1959,1959,2024-03-20,GUJGASLTD.NS,-0.0081597098301434,4.914195681962094,2.527104224239722
1960,1960,2024-03-21,GUJGASLTD.NS,0.0240999606906064,5.032627604723329,2.527104224239722
1961,1961,2024-03-22,GUJGASLTD.NS,-0.0003781248802515,5.030724643012942,2.527104224239722
1962,1962,2024-03-26,GUJGASLTD.NS,0.0386687234124365,5.225256342797738,2.527104224239722
1963,1963,2024-03-27,GUJGASLTD.NS,-0.0137446746270365,5.153436894523124,2.527104224239722
1964,1964,2024-03-28,GUJGASLTD.NS,0.004614664888719,5.177218278816509,2.527104224239722
1965,1965,2024-04-01,GUJGASLTD.NS,0.0063390265145015,5.21003680275729,2.527104224239722
1966,1966,2024-04-02,GUJGASLTD.NS,-0.0124155112116238,5.145351532419683,2.527104224239722
1967,1967,2024-04-03,GUJGASLTD.NS,0.0063781707345904,5.178169462982942,2.527104224239722
1968,1968,2024-04-04,GUJGASLTD.NS,0.0047764295885157,5.2029026248202825,2.527104224239722
1969,1969,2024-04-05,GUJGASLTD.NS,0.002559565816983,5.216219796527864,2.527104224239722
1970,1970,2024-04-08,GUJGASLTD.NS,0.0310934465374705,5.378410047898899,2.527104224239722
1971,1971,2024-04-09,GUJGASLTD.NS,-0.0142378785844446,5.301832898659557,2.527104224239722
1972,1972,2024-04-10,GUJGASLTD.NS,0.0148022251351089,5.380311822854243,2.527104224239722
1973,1973,2024-04-12,GUJGASLTD.NS,-0.0089286009696859,5.332273165495495,2.527104224239722
1974,1974,2024-04-15,GUJGASLTD.NS,0.02212120928862,5.450229496173513,2.527104224239722
1975,1975,2024-04-16,GUJGASLTD.NS,-0.0339471683257311,5.2652096380530455,2.527104224239722
1976,1976,2024-04-18,GUJGASLTD.NS,-0.0002710381991433,5.263782565114636,2.527104224239722
1977,1977,2024-04-19,GUJGASLTD.NS,-0.0128308534787349,5.196243742277731,2.527104224239722
1978,1978,2024-04-22,GUJGASLTD.NS,-0.0060411813916585,5.16485229127536,2.527104224239722
1979,1979,2024-04-23,GUJGASLTD.NS,-0.0015655734230038,5.156766335794399,2.527104224239722
1980,1980,2024-04-24,GUJGASLTD.NS,0.0035971330638906,5.175315910483643,2.527104224239722
1981,1981,2024-04-25,GUJGASLTD.NS,-0.001562408096592,5.167229955002681,2.527104224239722
1982,1982,2024-04-26,GUJGASLTD.NS,0.015095830740939,5.245233583802912,2.527104224239722
1983,1983,2024-04-29,GUJGASLTD.NS,0.0002719572995364,5.246660063363801,2.527104224239722
1984,1984,2024-04-30,GUJGASLTD.NS,-0.0089747520562875,5.199572590171485,2.527104224239722
1985,1985,2024-05-02,GUJGASLTD.NS,-0.0173802009250146,5.109202973830105,2.527104224239722
1986,1986,2024-05-03,GUJGASLTD.NS,-0.0022340490396759,5.09778876383291,2.527104224239722
1987,1987,2024-05-06,GUJGASLTD.NS,0.0229520206808433,5.214793316966974,2.527104224239722
1988,1988,2024-05-07,GUJGASLTD.NS,-0.0178766756752113,5.121570148126295,2.527104224239722
1989,1989,2024-05-08,GUJGASLTD.NS,0.0145802150496274,5.196243742277729,2.527104224239722
1990,1990,2024-05-09,GUJGASLTD.NS,-0.0261785288262205,5.060213725682443,2.527104224239722
1991,1991,2024-05-10,GUJGASLTD.NS,-0.0035717238237461,5.042140039765176,2.527104224239722
1992,1992,2024-05-13,GUJGASLTD.NS,0.0126402848132995,5.105874125936349,2.527104224239722
1993,1993,2024-05-14,GUJGASLTD.NS,0.0272939470165658,5.245233583802911,2.527104224239722
1994,1994,2024-05-15,GUJGASLTD.NS,-0.0160500057525078,5.161047554609627,2.527104224239722
1995,1995,2024-05-16,GUJGASLTD.NS,0.0153903073979961,5.240477662970745,2.527104224239722
1996,1996,2024-05-17,GUJGASLTD.NS,0.0014520572018141,5.248087136302209,2.527104224239722
1997,1997,2024-05-21,GUJGASLTD.NS,0.0164944453188176,5.334651422600335,2.527104224239722
1998,1998,2024-05-22,GUJGASLTD.NS,-0.0049928167152299,5.30801648580765,2.527104224239722
1999,1999,2024-05-23,GUJGASLTD.NS,0.0049283270819096,5.334176127205879,2.527104224239722
2000,2000,2024-05-24,GUJGASLTD.NS,-0.0075791630582962,5.293747536556115,2.527104224239722
2001,2001,2024-05-27,GUJGASLTD.NS,-0.0037735184974704,5.273771482305982,2.527104224239722
2002,2002,2024-05-28,GUJGASLTD.NS,-0.0127165390167126,5.206707361486012,2.527104224239722
2003,2003,2024-05-29,GUJGASLTD.NS,0.0140678377917593,5.279954476076556,2.527104224239722
2004,2004,2024-05-30,GUJGASLTD.NS,-0.0271147769471294,5.136789688166743,2.527104224239722
2005,2005,2024-05-31,GUJGASLTD.NS,0.0210185764686665,5.244757695030933,2.527104224239722
2006,2006,2024-06-03,GUJGASLTD.NS,0.032828586527547,5.416935676838275,2.527104224239722
2007,2007,2024-06-04,GUJGASLTD.NS,-0.0634823995258181,5.073055601995569,2.527104224239722
2008,2008,2024-06-05,GUJGASLTD.NS,0.0316894979412143,5.233818187050674,2.527104224239722
2009,2009,2024-06-06,GUJGASLTD.NS,0.0379860969787599,5.432630512273178,2.527104224239722
2010,2010,2024-06-07,GUJGASLTD.NS,0.0308178626536341,5.600052573248355,2.527104224239722
2011,2011,2024-06-10,GUJGASLTD.NS,0.0022081913302425,5.6124185607895045,2.527104224239722
2012,2012,2024-06-11,GUJGASLTD.NS,0.030084809019004,5.78126710132557,2.527104224239722
2013,2013,2024-06-12,GUJGASLTD.NS,0.0045248975596077,5.807426742723798,2.527104224239722
2014,2014,2024-06-13,GUJGASLTD.NS,0.0420966685736046,6.05190006157773,2.527104224239722
2015,2015,2024-06-14,GUJGASLTD.NS,-0.0065232405458065,6.012422061716877,2.527104224239722
2016,2016,2024-06-18,GUJGASLTD.NS,0.0050629945637525,6.042862921930335,2.527104224239722
2017,2017,2024-06-19,GUJGASLTD.NS,-0.0365210889956855,5.822170987369789,2.527104224239722
2018,2018,2024-06-20,GUJGASLTD.NS,-0.0061269372743368,5.78649891092971,2.527104224239722
2019,2019,2024-06-21,GUJGASLTD.NS,-0.0140555589737279,5.705166434235726,2.527104224239722
2020,2020,2024-06-24,GUJGASLTD.NS,0.0134222135965709,5.781742396720024,2.527104224239722
2021,2021,2024-06-25,GUJGASLTD.NS,0.008390990604882,5.83025694285075,2.527104224239722
2022,2022,2024-06-26,GUJGASLTD.NS,0.0131342346031935,5.906832905335049,2.527104224239722
2023,2023,2024-06-27,GUJGASLTD.NS,0.0098236040742993,5.964859293130104,2.527104224239722
2024,2024,2024-06-28,GUJGASLTD.NS,0.0022328034590795,5.978177651592727,2.527104224239722
2025,2025,2024-07-01,GUJGASLTD.NS,0.0294375190449862,6.154160370065799,2.527104224239722
2026,2026,2024-07-02,GUJGASLTD.NS,0.0060282075490618,6.191258926066768,2.527104224239722
2027,2027,2024-07-03,GUJGASLTD.NS,-0.0199739714540898,6.067594897012631,2.527104224239722
2028,2028,2024-07-04,GUJGASLTD.NS,-0.0078388174217414,6.020032128425859,2.527104224239722
2029,2029,2024-07-05,GUJGASLTD.NS,0.0182508940535017,6.129903097000436,2.527104224239722
2030,2030,2024-07-08,GUJGASLTD.NS,0.0138888351108481,6.215040310360152,2.527104224239722
2031,2031,2024-07-09,GUJGASLTD.NS,-0.0051274550418001,6.1831729705858045,2.527104224239722
2032,2032,2024-07-10,GUJGASLTD.NS,0.0037692765526373,6.206479059484734,2.527104224239722
2033,2033,2024-07-11,GUJGASLTD.NS,-0.0112652717666743,6.136561386165465,2.527104224239722
2034,2034,2024-07-12,GUJGASLTD.NS,-0.0161215477188626,6.037630518948669,2.527104224239722
2035,2035,2024-07-15,GUJGASLTD.NS,0.0122893076222718,6.111828817705646,2.527104224239722
2036,2036,2024-07-16,GUJGASLTD.NS,-0.0073151944239591,6.067119601618173,2.527104224239722
2037,2037,2024-07-18,GUJGASLTD.NS,-0.0053307078012202,6.034777559826891,2.527104224239722
2038,2038,2024-07-19,GUJGASLTD.NS,-0.0239597664395722,5.890185698978667,2.527104224239722
2039,2039,2024-07-22,GUJGASLTD.NS,0.0392441878036053,6.121341252747496,2.527104224239722
2040,2040,2024-07-23,GUJGASLTD.NS,-0.0140636494473347,6.035252855221346,2.527104224239722
2041,2041,2024-07-24,GUJGASLTD.NS,0.0225392406678703,6.171282871816632,2.527104224239722
2042,2042,2024-07-25,GUJGASLTD.NS,0.0010790110712575,6.177941754359184,2.527104224239722
2043,2043,2024-07-26,GUJGASLTD.NS,-0.0015398378291052,6.168428725939813,2.527104224239722
2044,2044,2024-07-29,GUJGASLTD.NS,0.0309198617010859,6.359155689058878,2.527104224239722
2045,2045,2024-07-30,GUJGASLTD.NS,0.0130890706996813,6.44239112746325,2.527104224239722
2046,2046,2024-07-31,GUJGASLTD.NS,0.0024362738154031,6.458086556275674,2.527104224239722
2047,2047,2024-08-01,GUJGASLTD.NS,-0.0319634900384568,6.251663570966664,2.527104224239722
2048,2048,2024-08-02,GUJGASLTD.NS,-0.0004563519916566,6.248810611844887,2.527104224239722
2049,2049,2024-08-05,GUJGASLTD.NS,-0.022682350894542,6.107072896873483,2.527104224239722
2050,2050,2024-08-06,GUJGASLTD.NS,0.003894072445993,6.130854281166869,2.527104224239722
2051,2051,2024-08-07,GUJGASLTD.NS,-0.0117145243319117,6.059034239514734,2.527104224239722
2052,2052,2024-08-08,GUJGASLTD.NS,-0.024020734309102,5.913491787877598,2.527104224239722
2053,2053,2024-08-09,GUJGASLTD.NS,-0.0176144113422913,5.809329111056661,2.527104224239722
2054,2054,2024-08-12,GUJGASLTD.NS,0.0134272019938153,5.88733214647937,2.527104224239722
2055,2055,2024-08-13,GUJGASLTD.NS,-0.0374051664976605,5.667115507313279,2.527104224239722
2056,2056,2024-08-14,GUJGASLTD.NS,-0.0054552553570679,5.636199945082886,2.527104224239722
2057,2057,2024-08-16,GUJGASLTD.NS,0.0146836776225651,5.718960088092802,2.527104224239722
2058,2058,2024-08-19,GUJGASLTD.NS,-0.0173820673400513,5.619552738726507,2.527104224239722
2059,2059,2024-08-20,GUJGASLTD.NS,-0.0046550053424065,5.5933936907058,2.527104224239722
2060,2060,2024-08-21,GUJGASLTD.NS,0.0151361616979437,5.678056202048581,2.527104224239722
2061,2061,2024-08-22,GUJGASLTD.NS,-0.0025131034497173,5.663786659419524,2.527104224239722
2062,2062,2024-08-23,GUJGASLTD.NS,-0.0023512841334575,5.650469487711943,2.527104224239722
2063,2063,2024-08-26,GUJGASLTD.NS,0.0091750595481001,5.702312881736424,2.527104224239722
2064,2064,2024-08-27,GUJGASLTD.NS,0.0005837715261847,5.705641729630178,2.527104224239722
2065,2065,2024-08-28,GUJGASLTD.NS,0.0015838953926012,5.714678869277573,2.527104224239722
2066,2066,2024-08-29,GUJGASLTD.NS,0.0042447307399495,5.738936142342936,2.527104224239722
2067,2067,2024-08-30,GUJGASLTD.NS,0.006050057260172,5.773657034616581,2.527104224239722
2068,2068,2024-09-02,GUJGASLTD.NS,0.1203558051164226,6.468550175483957,2.527104224239722
2069,2069,2024-09-03,GUJGASLTD.NS,-0.0056616500197821,6.431927508254966,2.527104224239722
2070,2070,2024-09-04,GUJGASLTD.NS,-0.0230718703411221,6.28353091074101,2.527104224239722
2071,2071,2024-09-05,GUJGASLTD.NS,0.0263417339098075,6.4490500100058,2.527104224239722
2072,2072,2024-09-06,GUJGASLTD.NS,-0.0161516311176572,6.344887333184863,2.527104224239722
2073,2073,2024-09-09,GUJGASLTD.NS,-0.0114767516263696,6.272068637164601,2.527104224239722
2074,2074,2024-09-10,GUJGASLTD.NS,0.0006119138722711,6.275906602971519,2.527104224239722
2075,2075,2024-09-11,GUJGASLTD.NS,-0.0145992330415219,6.184283179927911,2.527104224239722
2076,2076,2024-09-12,GUJGASLTD.NS,-0.0081445587211035,6.133914922421056,2.527104224239722
2077,2077,2024-09-13,GUJGASLTD.NS,-0.009931907679083,6.07299344570022,2.527104224239722
2078,2078,2024-09-16,GUJGASLTD.NS,-0.0042654246078506,6.047089550013615,2.527104224239722
2079,2079,2024-09-17,GUJGASLTD.NS,-0.010074512080063,5.98616807329278,2.527104224239722
2080,2080,2024-09-18,GUJGASLTD.NS,-0.0119400739232869,5.914692783980444,2.527104224239722
2081,2081,2024-09-19,GUJGASLTD.NS,0.0048661490487258,5.943474560644716,2.527104224239722
2082,2082,2024-09-20,GUJGASLTD.NS,-0.0085553154813142,5.892626260723234,2.527104224239722
2083,2083,2024-09-23,GUJGASLTD.NS,0.004640178244069,5.919969096898672,2.527104224239722
2084,2084,2024-09-24,GUJGASLTD.NS,-0.0084272075838853,5.8700802884289205,2.527104224239722
2085,2085,2024-09-25,GUJGASLTD.NS,-0.0107052129675576,5.807239828804627,2.527104224239722
2086,2086,2024-09-26,GUJGASLTD.NS,0.0002477838923917,5.8086787692934605,2.527104224239722
2087,2087,2024-09-27,GUJGASLTD.NS,0.0088363896502454,5.860006518252046,2.527104224239722
2088,2088,2024-09-30,GUJGASLTD.NS,0.0124427887497367,5.9329213414307365,2.527104224239722
2089,2089,2024-10-01,GUJGASLTD.NS,-0.0050130213737756,5.903179479937214,2.527104224239722
2090,2090,2024-10-03,GUJGASLTD.NS,-0.0093449846096442,5.848014358549233,2.527104224239722
2091,2091,2024-10-04,GUJGASLTD.NS,0.0113198051437424,5.9142127415658186,2.527104224239722
2092,2092,2024-10-07,GUJGASLTD.NS,-0.0329304651575314,5.719454964945457,2.527104224239722
2093,2093,2024-10-08,GUJGASLTD.NS,0.0114064875000687,5.784693856510313,2.527104224239722
2094,2094,2024-10-09,GUJGASLTD.NS,-0.0089560126530989,5.732886065137103,2.527104224239722
2095,2095,2024-10-10,GUJGASLTD.NS,0.0089533163144903,5.784214407473209,2.527104224239722
2096,2096,2024-10-11,GUJGASLTD.NS,-0.0046442585364102,5.757351020334875,2.527104224239722
2097,2097,2024-10-14,GUJGASLTD.NS,-0.0179969901093285,5.653736030965976,2.527104224239722
2098,2098,2024-10-15,GUJGASLTD.NS,-0.0057694856843351,5.621116881872308,2.527104224239722
2099,2099,2024-10-16,GUJGASLTD.NS,0.0006826708125873,5.624954254301705,2.527104224239722
2100,2100,2024-10-17,GUJGASLTD.NS,-0.0273751275640182,5.470970414048429,2.527104224239722
2101,2101,2024-10-18,GUJGASLTD.NS,-0.0127137054571287,5.401414107639551,2.527104224239722
2102,2102,2024-10-21,GUJGASLTD.NS,-0.0285967142742108,5.246951411726692,2.527104224239722
2103,2103,2024-10-22,GUJGASLTD.NS,-0.0204791214448192,5.139498456550875,2.527104224239722
2104,2104,2024-10-23,GUJGASLTD.NS,0.0121336762943675,5.201859467138065,2.527104224239722
2105,2105,2024-10-24,GUJGASLTD.NS,-0.0114349743558622,5.142376337528542,2.527104224239722
2106,2106,2024-10-25,GUJGASLTD.NS,-0.0180970360873367,5.049314567373621,2.527104224239722
2107,2107,2024-10-28,GUJGASLTD.NS,0.002565149063153,5.062266811905684,2.527104224239722
2108,2108,2024-10-29,GUJGASLTD.NS,0.0042641926324025,5.083853292748268,2.527104224239722
2109,2109,2024-10-30,GUJGASLTD.NS,-0.0050009022306456,5.058429439476288,2.527104224239722
2110,2110,2024-10-31,GUJGASLTD.NS,-0.0153626920395156,4.980718345793994,2.527104224239722
2111,2111,2024-11-01,GUJGASLTD.NS,0.0080899764160495,5.021012239746453,2.527104224239722
2112,2112,2024-11-04,GUJGASLTD.NS,-0.0177700830206517,4.93178843539845,2.527104224239722
2113,2113,2024-11-05,GUJGASLTD.NS,-0.0029179857410029,4.917397547066313,2.527104224239722
2114,2114,2024-11-06,GUJGASLTD.NS,0.0298506787300285,5.06418520143162,2.527104224239722
2115,2115,2024-11-07,GUJGASLTD.NS,0.0245335759249389,5.188427773568895,2.527104224239722
2116,2116,2024-11-08,GUJGASLTD.NS,-0.0318972448189536,5.02293122264991,2.527104224239722
2117,2117,2024-11-11,GUJGASLTD.NS,-0.0112691293923296,4.966327160773096,2.527104224239722
2118,2118,2024-11-12,GUJGASLTD.NS,-0.0282044248040316,4.826254759814852,2.527104224239722
2119,2119,2024-11-13,GUJGASLTD.NS,-0.0225623396184055,4.717363160838962,2.527104224239722
2120,2120,2024-11-14,GUJGASLTD.NS,-0.0115924865597822,4.662677191799324,2.527104224239722
2121,2121,2024-11-18,GUJGASLTD.NS,-0.0689300311363417,4.341278707789886,2.527104224239722
2122,2122,2024-11-19,GUJGASLTD.NS,-0.0027624248980041,4.329286251398312,2.527104224239722
2123,2123,2024-11-21,GUJGASLTD.NS,0.0052077804481123,4.351832223692625,2.527104224239722
2124,2124,2024-11-22,GUJGASLTD.NS,0.0181878176343681,4.430982554552513,2.527104224239722
2125,2125,2024-11-25,GUJGASLTD.NS,0.0094186832564837,4.472716575748849,2.527104224239722
2126,2126,2024-11-26,GUJGASLTD.NS,0.0196267441436241,4.560501439608018,2.527104224239722
2127,2127,2024-11-27,GUJGASLTD.NS,-0.0067319474981087,4.529800383351527,2.527104224239722
2128,2128,2024-11-28,GUJGASLTD.NS,-0.0003176609049091,4.528361442862694,2.527104224239722
2129,2129,2024-11-29,GUJGASLTD.NS,0.016419508009007,4.602714909841457,2.527104224239722
2130,2130,2024-12-02,GUJGASLTD.NS,0.0015633365636142,4.609910502351905,2.527104224239722
2131,2131,2024-12-03,GUJGASLTD.NS,0.0360041053253963,4.7758862056192335,2.527104224239722
2132,2132,2024-12-04,GUJGASLTD.NS,-0.0025110431604218,4.763893749227661,2.527104224239722
2133,2133,2024-12-05,GUJGASLTD.NS,0.0112778496784522,4.817620226815569,2.527104224239722
2134,2134,2024-12-06,GUJGASLTD.NS,0.0210096588487718,4.918836784243907,2.527104224239722
2135,2135,2024-12-09,GUJGASLTD.NS,-0.0088745996921187,4.875184076832873,2.527104224239722
2136,2136,2024-12-10,GUJGASLTD.NS,0.0074781610324403,4.911641488422219,2.527104224239722
2137,2137,2024-12-11,GUJGASLTD.NS,0.0125988969282859,4.973522753283543,2.527104224239722
2138,2138,2024-12-12,GUJGASLTD.NS,-0.0181327991548271,4.88333886410629,2.527104224239722
2139,2139,2024-12-13,GUJGASLTD.NS,-0.0013752571696277,4.876623017321706,2.527104224239722
2140,2140,2024-12-16,GUJGASLTD.NS,0.0223294259094104,4.985515209675117,2.527104224239722
2141,2141,2024-12-17,GUJGASLTD.NS,-0.0232849531678919,4.869427721500019,2.527104224239722
2142,2142,2024-12-18,GUJGASLTD.NS,-0.008767604408789,4.826734505540715,2.527104224239722
2143,2143,2024-12-19,GUJGASLTD.NS,0.0054660857549599,4.853117850264425,2.527104224239722
2144,2144,2024-12-20,GUJGASLTD.NS,-0.0119600631045888,4.795074254521256,2.527104224239722
2145,2145,2024-12-23,GUJGASLTD.NS,-0.002200845837586,4.784521035307277,2.527104224239722
2146,2146,2024-12-24,GUJGASLTD.NS,0.0143372376149963,4.853117850264426,2.527104224239722
2147,2147,2024-12-26,GUJGASLTD.NS,0.0062271337260475,4.883338864106291,2.527104224239722
2148,2148,2024-12-27,GUJGASLTD.NS,-0.0121807711027337,4.823856031185528,2.527104224239722
2149,2149,2024-12-30,GUJGASLTD.NS,-0.0093475739988085,4.778764679974422,2.527104224239722
2150,2150,2024-12-31,GUJGASLTD.NS,0.0012045697409994,4.784521035307277,2.527104224239722
2151,2151,2025-01-01,GUJGASLTD.NS,0.010527397376649,4.834889589502893,2.527104224239722
2152,2152,2025-01-02,GUJGASLTD.NS,0.0085325586071864,4.876143568284602,2.527104224239722
2153,2153,2025-01-03,GUJGASLTD.NS,0.011608488236996,4.932748223538938,2.527104224239722
2154,2154,2025-01-06,GUJGASLTD.NS,-0.010016598697835,4.88333886410629,2.527104224239722
2155,2155,2025-01-07,GUJGASLTD.NS,-0.0021610663334359,4.872785644892311,2.527104224239722
2156,2156,2025-01-08,GUJGASLTD.NS,-0.0138806886087996,4.805148024698132,2.527104224239722
2157,2157,2025-01-09,GUJGASLTD.NS,-0.0040930673783191,4.785480230070245,2.527104224239722
2158,2158,2025-01-10,GUJGASLTD.NS,-0.0255613411118952,4.663156937525189,2.527104224239722
2159,2159,2025-01-13,GUJGASLTD.NS,-0.0308610186866272,4.519247164137548,2.527104224239722
2160,2160,2025-01-14,GUJGASLTD.NS,0.0339666745950033,4.6727509619762,2.527104224239722
2161,2161,2025-01-15,GUJGASLTD.NS,0.007904735545938,4.70968782260265,2.527104224239722
2162,2162,2025-01-16,GUJGASLTD.NS,-0.0034629842064184,4.693378248055816,2.527104224239722
2163,2163,2025-01-17,GUJGASLTD.NS,0.0220768461207705,4.796993237424716,2.527104224239722
2164,2164,2025-01-20,GUJGASLTD.NS,-0.0002000193463361,4.796033745972987,2.527104224239722
2165,2165,2025-01-21,GUJGASLTD.NS,-0.0013002621309651,4.789797644914268,2.527104224239722
2166,2166,2025-01-22,GUJGASLTD.NS,-0.0084126276318845,4.749502860895526,2.527104224239722
2167,2167,2025-01-23,GUJGASLTD.NS,0.016563962047849,4.82817344602955,2.527104224239722
2168,2168,2025-01-24,GUJGASLTD.NS,-0.0168901891599426,4.746624683229099,2.527104224239722
2169,2169,2025-01-27,GUJGASLTD.NS,-0.0218291936446954,4.6430096938602,2.527104224239722
2170,2170,2025-01-28,GUJGASLTD.NS,-0.0358508288065974,4.476553948178245,2.527104224239722
2171,2171,2025-01-29,GUJGASLTD.NS,0.006643852648501,4.506295512983007,2.527104224239722
2172,2172,2025-01-30,GUJGASLTD.NS,0.0193739671961175,4.593600334427551,2.527104224239722
2173,2173,2025-01-31,GUJGASLTD.NS,0.0150376289495768,4.662677191799324,2.527104224239722
2174,2174,2025-02-01,GUJGASLTD.NS,-0.0545267448469904,4.408436582258201,2.527104224239722
2175,2175,2025-02-03,GUJGASLTD.NS,0.0041349256386387,4.426665139708493,2.527104224239722
2176,2176,2025-02-04,GUJGASLTD.NS,0.0133290152592802,4.485668226903391,2.527104224239722
2177,2177,2025-02-05,GUJGASLTD.NS,0.0227783339541813,4.587844275783457,2.527104224239722
2178,2178,2025-02-06,GUJGASLTD.NS,-0.0165203305954437,4.5120515716271,2.527104224239722
2179,2179,2025-02-07,GUJGASLTD.NS,-0.020199854945052,4.420908784375638,2.527104224239722
2180,2180,2025-02-10,GUJGASLTD.NS,-0.0372178596762731,4.256372021597143,2.527104224239722
2181,2181,2025-02-11,GUJGASLTD.NS,-0.0504902569332912,4.041466704623031,2.527104224239722
2182,2182,2025-02-12,GUJGASLTD.NS,-0.0379822002895776,3.88796290678438,2.527104224239722
2183,2183,2025-02-13,GUJGASLTD.NS,-0.0059222327690521,3.8649374854529617,2.527104224239722
2184,2184,2025-02-14,GUJGASLTD.NS,-0.0232096501173071,3.7752336386903336,2.527104224239722
2185,2185,2025-02-17,GUJGASLTD.NS,-0.0052096108006571,3.755566140751208,2.527104224239722
2186,2186,2025-02-18,GUJGASLTD.NS,0.0033209122037145,3.768038046179886,2.527104224239722
2187,2187,2025-02-19,GUJGASLTD.NS,0.0061107189070876,3.7910634675113033,2.527104224239722
2188,2188,2025-02-20,GUJGASLTD.NS,0.0136656890944795,3.842870962195752,2.527104224239722
2189,2189,2025-02-21,GUJGASLTD.NS,0.0118586843206653,3.8884423558214833,2.527104224239722
2190,2190,2025-02-24,GUJGASLTD.NS,0.0033308833353056,3.9013943036647856,2.527104224239722
2191,2191,2025-02-25,GUJGASLTD.NS,-0.0301241358415815,3.783868171689615,2.527104224239722
2192,2192,2025-02-27,GUJGASLTD.NS,-0.0368914434144483,3.6442758131459954,2.527104224239722
2193,2193,2025-02-28,GUJGASLTD.NS,-0.0250099302614368,3.553132729205773,2.527104224239722
2194,2194,2025-03-03,GUJGASLTD.NS,0.0044552587015989,3.568962854715503,2.527104224239722
2195,2195,2025-03-04,GUJGASLTD.NS,-0.0048386791069415,3.5516937887169404,2.527104224239722
2196,2196,2025-03-05,GUJGASLTD.NS,0.0420042919996557,3.7008801717115705,2.527104224239722
2197,2197,2025-03-06,GUJGASLTD.NS,0.0203500126824323,3.776193130142063,2.527104224239722
2198,2198,2025-03-07,GUJGASLTD.NS,-0.011687022251226,3.732060677005166,2.527104224239722
2199,2199,2025-03-10,GUJGASLTD.NS,-0.0133676305900218,3.6821718685354137,2.527104224239722
2200,2200,2025-03-11,GUJGASLTD.NS,-0.0046899130771513,3.6649028025368495,2.527104224239722
2201,2201,2025-03-12,GUJGASLTD.NS,0.0092931212930629,3.698961188808112,2.527104224239722
2202,2202,2025-03-13,GUJGASLTD.NS,0.0051874155803739,3.718149237710133,2.527104224239722
2203,2203,2025-03-17,GUJGASLTD.NS,-0.0247709212638148,3.626047255695702,2.527104224239722
2204,2204,2025-03-18,GUJGASLTD.NS,0.0,3.626047255695702,2.527104224239722
2205,2205,2025-03-19,GUJGASLTD.NS,0.040613756442321,3.7733146557868738,2.527104224239722
2206,2206,2025-03-20,GUJGASLTD.NS,0.023264733677405,3.861099816334805,2.527104224239722
2207,2207,2025-03-21,GUJGASLTD.NS,0.0268356153162745,3.964714805703704,2.527104224239722
2208,2208,2025-03-24,GUJGASLTD.NS,0.0066545378461406,3.991098150427413,2.527104224239722
2209,2209,2025-03-25,GUJGASLTD.NS,-0.0128605579276693,3.9397704014688273,2.527104224239722
2210,2210,2025-03-26,GUJGASLTD.NS,-0.0144891956826106,3.882686297177388,2.527104224239722
2211,2211,2025-03-27,GUJGASLTD.NS,0.0140844941273343,3.937371969528265,2.527104224239722
2212,2212,2025-03-28,GUJGASLTD.NS,0.0047514695896,3.9560802727044218,2.527104224239722
2213,2213,2025-04-01,GUJGASLTD.NS,-0.0061841402376416,3.9316153175066497,2.527104224239722
2214,2214,2025-04-02,GUJGASLTD.NS,-0.0052464414051413,3.910988328115795,2.527104224239722
2215,2215,2025-04-03,GUJGASLTD.NS,0.0130013939330722,3.961836628037276,2.527104224239722
2216,2216,2025-04-04,GUJGASLTD.NS,-0.039108890538226,3.806893593021032,2.527104224239722
2217,2217,2025-04-07,GUJGASLTD.NS,-0.0178930846284118,3.7387765237897472,2.527104224239722
2218,2218,2025-04-08,GUJGASLTD.NS,0.0251475220087735,3.832797488707636,2.527104224239722
2219,2219,2025-04-09,GUJGASLTD.NS,0.0120150202266813,3.878848628059232,2.527104224239722
2220,2220,2025-04-11,GUJGASLTD.NS,0.0593617906106389,4.109104028128447,2.527104224239722
2221,2221,2025-04-15,GUJGASLTD.NS,0.0095727898311905,4.14843961738422,2.527104224239722
2222,2222,2025-04-16,GUJGASLTD.NS,-0.0072849111061475,4.118218603542355,2.527104224239722
2223,2223,2025-04-17,GUJGASLTD.NS,0.0373907414102068,4.272201850418111,2.527104224239722
2224,2224,2025-04-21,GUJGASLTD.NS,0.0106669570449418,4.317773244043842,2.527104224239722
2225,2225,2025-04-22,GUJGASLTD.NS,0.0091101563311677,4.357108833299614,2.527104224239722
2226,2226,2025-04-23,GUJGASLTD.NS,-0.0061653475911067,4.330245742850041,2.527104224239722
2227,2227,2025-04-24,GUJGASLTD.NS,0.0167275689133592,4.402680226925345,2.527104224239722
2228,2228,2025-04-25,GUJGASLTD.NS,-0.0167791937539211,4.328806802361208,2.527104224239722
2229,2229,2025-04-28,GUJGASLTD.NS,0.0079786725474295,4.3633449343583335,2.527104224239722
2230,2230,2025-04-29,GUJGASLTD.NS,0.0300132408056703,4.494303056591432,2.527104224239722
2231,2231,2025-04-30,GUJGASLTD.NS,-0.0319138078906758,4.350872732240896,2.527104224239722
2232,2232,2025-05-02,GUJGASLTD.NS,-0.0020948162095405,4.34175845351575,2.527104224239722
2233,2233,2025-05-05,GUJGASLTD.NS,0.0373439999628264,4.503897081042443,2.527104224239722
2234,2234,2025-05-06,GUJGASLTD.NS,-0.0298221835909053,4.369581035417053,2.527104224239722
2235,2235,2025-05-07,GUJGASLTD.NS,0.0060380254304979,4.395964676829522,2.527104224239722
2236,2236,2025-05-08,GUJGASLTD.NS,-0.0219336825101043,4.299544983282311,2.527104224239722
2237,2237,2025-05-09,GUJGASLTD.NS,0.0091487105542462,4.338880275849323,2.527104224239722
2238,2238,2025-05-12,GUJGASLTD.NS,0.025870688269906,4.451130094906264,2.527104224239722
2239,2239,2025-05-13,GUJGASLTD.NS,-0.0002155613139295,4.450170603454535,2.527104224239722
2240,2240,2025-05-14,GUJGASLTD.NS,0.0268405031701812,4.5696154216444045,2.527104224239722
2241,2241,2025-05-15,GUJGASLTD.NS,-0.0055636746041159,4.544191568372424,2.527104224239722
2242,2242,2025-05-16,GUJGASLTD.NS,-0.0088672510222566,4.503897081042444,2.527104224239722
2243,2243,2025-05-19,GUJGASLTD.NS,-0.0048994288413228,4.481830557785234,2.527104224239722
2244,2244,2025-05-20,GUJGASLTD.NS,-0.0180883717109215,4.400761540710648,2.527104224239722
2245,2245,2025-05-21,GUJGASLTD.NS,0.0115543645712985,4.451609543943368,2.527104224239722
2246,2246,2025-05-22,GUJGASLTD.NS,-0.0022628834332113,4.441536070455253,2.527104224239722
2247,2247,2025-05-23,GUJGASLTD.NS,-0.0019441088738376,4.432901240767211,2.527104224239722
2248,2248,2025-05-26,GUJGASLTD.NS,-0.0012984856488923,4.427145182123118,2.527104224239722
2249,2249,2025-05-27,GUJGASLTD.NS,-0.0033590338999521,4.412274251376356,2.527104224239722
2250,2250,2025-05-28,GUJGASLTD.NS,0.0014133530019748,4.418510352435075,2.527104224239722
2251,2251,2025-05-29,GUJGASLTD.NS,0.0037997693642259,4.435299672707774,2.527104224239722
2252,2252,2025-05-30,GUJGASLTD.NS,-0.0048669723435859,4.413713191865189,2.527104224239722
2253,2253,2025-06-02,GUJGASLTD.NS,0.0049995371919224,4.435779715122398,2.527104224239722
2254,2254,2025-06-03,GUJGASLTD.NS,0.0085432681114039,4.473675770511815,2.527104224239722
2255,2255,2025-06-04,GUJGASLTD.NS,0.0161913344819304,4.54611055127588,2.527104224239722
2256,2256,2025-06-05,GUJGASLTD.NS,0.0048538040663124,4.568176481155568,2.527104224239722
2257,2257,2025-06-06,GUJGASLTD.NS,0.0080856903796995,4.605113341782017,2.527104224239722
2258,2258,2025-06-09,GUJGASLTD.NS,0.0034375105094817,4.620943467291747,2.527104224239722
2259,2259,2025-06-10,GUJGASLTD.NS,-0.0019723848148456,4.611829188566601,2.527104224239722
2260,2260,2025-06-11,GUJGASLTD.NS,0.0078011705101035,4.6478068544300815,2.527104224239722
2261,2261,2025-06-12,GUJGASLTD.NS,-0.0149654676444525,4.578250251332444,2.527104224239722
2262,2262,2025-06-13,GUJGASLTD.NS,-0.0158214987795793,4.505815470568378,2.527104224239722
2263,2263,2025-06-16,GUJGASLTD.NS,0.0184179757293914,4.588803470546423,2.527104224239722
2264,2264,2025-06-17,GUJGASLTD.NS,-0.0027178992320611,4.576331565117745,2.527104224239722
2265,2265,2025-06-18,GUJGASLTD.NS,-0.0274633755963166,4.450650052491637,2.527104224239722
2266,2266,2025-06-19,GUJGASLTD.NS,-0.0216641155159958,4.354230655633185,2.527104224239722
2267,2267,2025-06-20,GUJGASLTD.NS,-0.0101355340649678,4.310098202496288,2.527104224239722
2268,2268,2025-06-23,GUJGASLTD.NS,0.0048971115770066,4.331205234301768,2.527104224239722
2269,2269,2025-06-24,GUJGASLTD.NS,-0.003987195654123,4.3139358716144445,2.527104224239722
2270,2270,2025-06-25,GUJGASLTD.NS,0.0162349072651586,4.383972220437946,2.527104224239722
2271,2271,2025-06-26,GUJGASLTD.NS,0.0094101825256522,4.425226199219656,2.527104224239722
2272,2272,2025-06-27,GUJGASLTD.NS,0.0204878426848202,4.515889537434013,2.527104224239722
2273,2273,2025-06-30,GUJGASLTD.NS,0.0087103538632173,4.5552245333122645,2.527104224239722
2274,2274,2025-07-01,GUJGASLTD.NS,0.0113732684293257,4.607032324685475,2.527104224239722
2275,2275,2025-07-02,GUJGASLTD.NS,0.0399832794162555,4.791236585403096,2.527104224239722
2276,2276,2025-07-03,GUJGASLTD.NS,-0.0085101689989733,4.750462352347252,2.527104224239722
2277,2277,2025-07-04,GUJGASLTD.NS,-0.0119156096935211,4.693857697092915,2.527104224239722
2278,2278,2025-07-07,GUJGASLTD.NS,-0.0088911354371525,4.652123972585341,2.527104224239722
2279,2279,2025-07-08,GUJGASLTD.NS,-0.0218601876806144,4.550427669431139,2.527104224239722
2280,2280,2025-07-09,GUJGASLTD.NS,0.0082226570930181,4.587844275783453,2.527104224239722
2281,2281,2025-07-10,GUJGASLTD.NS,-0.0102467799640598,4.540833644980129,2.527104224239722
2282,2282,2025-07-11,GUJGASLTD.NS,-0.0126769996891873,4.483269498274065,2.527104224239722
2283,2283,2025-07-14,GUJGASLTD.NS,-0.008880737956851,4.44345475666995,2.527104224239722
2284,2284,2025-07-15,GUJGASLTD.NS,0.0033466378915365,4.45832539072795,2.527104224239722
2285,2285,2025-07-16,GUJGASLTD.NS,0.0214116722601747,4.553785592823432,2.527104224239722
2286,2286,2025-07-17,GUJGASLTD.NS,0.0049510394889571,4.576331565117744,2.527104224239722
2287,2287,2025-07-18,GUJGASLTD.NS,-0.0122641702704132,4.5202066555892735,2.527104224239722
2288,2288,2025-07-21,GUJGASLTD.NS,-0.0088082340756798,4.480391617296397,2.527104224239722
2289,2289,2025-07-22,GUJGASLTD.NS,0.0102783074776449,4.526442459959232,2.527104224239722
2290,2290,2025-07-23,GUJGASLTD.NS,0.0096439984570546,4.570095464059025,2.527104224239722
2291,2291,2025-07-24,GUJGASLTD.NS,-0.0037787750437897,4.552826101371703,2.527104224239722
2292,2292,2025-07-25,GUJGASLTD.NS,-0.0300284865975362,4.416111623805749,2.527104224239722
2293,2293,2025-07-28,GUJGASLTD.NS,-0.0159677805225122,4.345596122633904,2.527104224239722
2294,2294,2025-07-29,GUJGASLTD.NS,-0.0024285542431734,4.335042606731163,2.527104224239722
2295,2295,2025-07-30,GUJGASLTD.NS,-0.0074139294517334,4.302902906674599,2.527104224239722
2296,2296,2025-07-31,GUJGASLTD.NS,-0.0178372369965097,4.2261510077552735,2.527104224239722
2297,2297,2025-08-01,GUJGASLTD.NS,-0.0293984467711925,4.101908732306758,2.527104224239722
2298,2298,2025-08-04,GUJGASLTD.NS,-0.0152029249446806,4.039547721719568,2.527104224239722
2299,2299,2025-08-05,GUJGASLTD.NS,0.0066500977309655,4.066411108857903,2.527104224239722
2300,2300,2025-08-06,GUJGASLTD.NS,0.0120325554175866,4.115340425875925,2.527104224239722
2301,2301,2025-08-07,GUJGASLTD.NS,-0.0100245110249146,4.074086150405456,2.527104224239722
2302,2302,2025-08-08,GUJGASLTD.NS,0.0127163473652351,4.1258936450899055,2.527104224239722
2303,2303,2025-08-11,GUJGASLTD.NS,-0.00197648993767,4.117738857816488,2.527104224239722
2304,2304,2025-08-12,GUJGASLTD.NS,-0.0090866875351475,4.080322251464175,2.527104224239722
2305,2305,2025-08-13,GUJGASLTD.NS,-0.0024687936068038,4.070248777976061,2.527104224239722
2306,2306,2025-08-14,GUJGASLTD.NS,-0.0047142201739234,4.051060729074039,2.527104224239722
2307,2307,2025-08-18,GUJGASLTD.NS,0.0117229485572398,4.098551105603229,2.527104224239722
2308,2308,2025-08-19,GUJGASLTD.NS,0.0177901729742313,4.171465038715637,2.527104224239722
2309,2309,2025-08-20,GUJGASLTD.NS,-0.0059796995335229,4.146520931169522,2.527104224239722
2310,2310,2025-08-21,GUJGASLTD.NS,0.006825488501857,4.174822962107929,2.527104224239722
2311,2311,2025-08-22,GUJGASLTD.NS,-0.0071239591201692,4.145081693991928,2.527104224239722
2312,2312,2025-08-25,GUJGASLTD.NS,-0.0005786211509507,4.142683262051365,2.527104224239722
2313,2313,2025-08-26,GUJGASLTD.NS,-0.0149374839800527,4.08080199719004,2.527104224239722
2314,2314,2025-08-28,GUJGASLTD.NS,-0.0146937494147364,4.0208397152321735,2.527104224239722
2315,2315,2025-08-29,GUJGASLTD.NS,0.0008351298808482,4.024197638624465,2.527104224239722
2316,2316,2025-09-01,GUJGASLTD.NS,0.0534032709803908,4.239102955598577,2.527104224239722
2317,2317,2025-09-02,GUJGASLTD.NS,-0.0108634861013544,4.193051519558221,2.527104224239722
2318,2318,2025-09-03,GUJGASLTD.NS,0.0121268006568253,4.243899819479703,2.527104224239722
2319,2319,2025-09-04,GUJGASLTD.NS,0.0137905505475135,4.302425534458821,2.527104224239722
2320,2320,2025-09-05,GUJGASLTD.NS,-0.0194327778175438,4.218817454971156,2.527104224239722
2321,2321,2025-09-08,GUJGASLTD.NS,-0.0082959004545394,4.183818565328841,2.527104224239722
2322,2322,2025-09-09,GUJGASLTD.NS,-0.0027884563495105,4.17215216988515,2.527104224239722
2323,2323,2025-09-10,GUJGASLTD.NS,0.0124665179531753,4.224164379814403,2.527104224239722
2324,2324,2025-09-11,GUJGASLTD.NS,0.0077100255546964,4.25673279513001,2.527104224239722
2325,2325,2025-09-12,GUJGASLTD.NS,-0.015530474399352,4.190623715430362,2.527104224239722
2326,2326,2025-09-15,GUJGASLTD.NS,0.0066117763234561,4.218331182092558,2.527104224239722
2327,2327,2025-09-16,GUJGASLTD.NS,0.0206269009747126,4.305342281664124,2.527104224239722
2328,2328,2025-09-17,GUJGASLTD.NS,-0.0031613274860315,4.291731684772325,2.527104224239722
2329,2329,2025-09-18,GUJGASLTD.NS,-0.0067957864243823,4.262565992851857,2.527104224239722
2330,2330,2025-09-19,GUJGASLTD.NS,-0.0079826659882662,4.228539352277978,2.527104224239722
2331,2331,2025-09-22,GUJGASLTD.NS,-0.0133349078003616,4.17215216988515,2.527104224239722
2332,2332,2025-09-23,GUJGASLTD.NS,0.008854755597325,4.209095557664332,2.527104224239722
2333,2333,2025-09-24,GUJGASLTD.NS,0.0028871693376977,4.22124792929786,2.527104224239722
2334,2334,2025-09-25,GUJGASLTD.NS,-0.0051819436590139,4.19937366035751,2.527104224239722
2335,2335,2025-09-26,GUJGASLTD.NS,-0.0182892098409666,4.122570434282603,2.527104224239722
2336,2336,2025-09-29,GUJGASLTD.NS,0.0029477656785366,4.134722805916131,2.527104224239722
2337,2337,2025-09-30,GUJGASLTD.NS,0.0099929464424739,4.176040869470127,2.527104224239722
2338,2338,2025-10-01,GUJGASLTD.NS,0.0129205411902415,4.229997577536247,2.527104224239722
2339,2339,2025-10-03,GUJGASLTD.NS,0.003562371342739,4.245066399686318,2.527104224239722
2340,2340,2025-10-06,GUJGASLTD.NS,-0.0109927581817548,4.198401411289074,2.527104224239722
2341,2341,2025-10-07,GUJGASLTD.NS,-0.0028945235205123,4.186249039655546,2.527104224239722
2342,2342,2025-10-08,GUJGASLTD.NS,-0.0018579152327148,4.178471343796832,2.527104224239722
2343,2343,2025-10-09,GUJGASLTD.NS,-0.0040716613534269,4.161458023509892,2.527104224239722
2344,2344,2025-10-10,GUJGASLTD.NS,0.0037378954541389,4.17701311853856,2.527104224239722
2345,2345,2025-10-13,GUJGASLTD.NS,-0.0065169040678337,4.149791924754961,2.527104224239722
2346,2346,2025-10-14,GUJGASLTD.NS,-0.0011713716594834,4.14493097610155,2.527104224239722
2347,2347,2025-10-15,GUJGASLTD.NS,-0.0007036901753297,4.142014228896247,2.527104224239722
2348,2348,2025-10-16,GUJGASLTD.NS,-0.0144349115659941,4.08222461979704,2.527104224239722
2349,2349,2025-10-17,GUJGASLTD.NS,0.0009525932419589,4.086113319382018,2.527104224239722
2350,2350,2025-10-20,GUJGASLTD.NS,-0.0178443973776519,4.013199089580849,2.527104224239722
2351,2351,2025-10-21,GUJGASLTD.NS,0.0110223315045949,4.057433900340148,2.527104224239722
2352,2352,2025-10-23,GUJGASLTD.NS,-0.0081466247676081,4.024379508834704,2.527104224239722
2353,2353,2025-10-24,GUJGASLTD.NS,0.004589911439679,4.042851054379914,2.527104224239722
2354,2354,2025-10-27,GUJGASLTD.NS,-0.0078153179086186,4.011254888132741,2.527104224239722
2355,2355,2025-10-28,GUJGASLTD.NS,-0.0164808972611618,3.945145808433092,2.527104224239722
2356,2356,2025-10-29,GUJGASLTD.NS,0.0123213409324962,3.9937552949672046,2.527104224239722
2357,2357,2025-10-30,GUJGASLTD.NS,0.0020691483173653,4.002018967015755,2.527104224239722
2358,2358,2025-10-31,GUJGASLTD.NS,-0.0103243047807957,3.9607009034617593,2.527104224239722
2359,2359,2025-11-03,GUJGASLTD.NS,0.0076092443543416,3.9908388444506615,2.527104224239722
2360,2360,2025-11-04,GUJGASLTD.NS,-0.0080389471205083,3.958756702013652,2.527104224239722
2361,2361,2025-11-06,GUJGASLTD.NS,-0.0153487225261239,3.8979948438460106,2.527104224239722
2362,2362,2025-11-07,GUJGASLTD.NS,-0.0042399604820401,3.8814674997489074,2.527104224239722
2363,2363,2025-11-10,GUJGASLTD.NS,0.0105197550583127,3.9222995871130673,2.527104224239722
2364,2364,2025-11-11,GUJGASLTD.NS,0.0018589663584274,3.929591010093184,2.527104224239722
2365,2365,2025-11-12,GUJGASLTD.NS,0.0095249269412824,3.9670200773734425,2.527104224239722
2366,2366,2025-11-13,GUJGASLTD.NS,0.0047788561827395,3.98597789579725,2.527104224239722
2367,2367,2025-11-14,GUJGASLTD.NS,-0.0160975758622332,3.9218133142344698,2.527104224239722
2368,2368,2025-11-17,GUJGASLTD.NS,0.0158651313666771,3.984033397660383,2.527104224239722
2369,2369,2025-11-18,GUJGASLTD.NS,-0.0109809666521352,3.940284859779681,2.527104224239722
2370,2370,2025-11-19,GUJGASLTD.NS,-0.006908432956576,3.9130636659960816,2.527104224239722
2371,2371,2025-11-20,GUJGASLTD.NS,-0.001118042750388,3.908688693532508,2.527104224239722
2372,2372,2025-11-21,GUJGASLTD.NS,-0.0082079042237606,3.876606551095497,2.527104224239722
2373,2373,2025-11-24,GUJGASLTD.NS,0.0070219129604234,3.903827744879096,2.527104224239722
2374,2374,2025-11-25,GUJGASLTD.NS,-0.0067238993189691,3.877578800163931,2.527104224239722
2375,2375,2025-11-26,GUJGASLTD.NS,0.0047636802492394,3.8960503457091415,2.527104224239722
2376,2376,2025-11-27,GUJGASLTD.NS,0.0031191515907673,3.90820271734267,2.527104224239722
2377,2377,2025-11-28,GUJGASLTD.NS,-0.0145522539888448,3.8513295587600056,2.527104224239722
2378,2378,2025-12-01,GUJGASLTD.NS,0.0011359641902426,3.85570453122358,2.527104224239722
2379,2379,2025-12-02,GUJGASLTD.NS,0.0167675083059597,3.920355088976198,2.527104224239722
2380,2380,2025-12-03,GUJGASLTD.NS,0.0239305490303394,4.014171338649284,2.527104224239722
2381,2381,2025-12-04,GUJGASLTD.NS,-0.0087188330267161,3.979172449006971,2.527104224239722
2382,2382,2025-12-05,GUJGASLTD.NS,-0.006718788375315,3.952437231413209,2.527104224239722
2383,2383,2025-12-08,GUJGASLTD.NS,-0.0151272760574187,3.8926476223140014,2.527104224239722
2384,2384,2025-12-09,GUJGASLTD.NS,-0.0049950050711465,3.873203827700357,2.527104224239722
2385,2385,2025-12-10,GUJGASLTD.NS,-0.0096636700865911,3.835774463731338,2.527104224239722
2386,2386,2025-12-11,GUJGASLTD.NS,-0.007350130493493,3.807581020879304,2.527104224239722
2387,2387,2025-12-12,GUJGASLTD.NS,0.0102132007208897,3.846468610106595,2.527104224239722
2388,2388,2025-12-15,GUJGASLTD.NS,-0.0078352234331807,3.8163306691176935,2.527104224239722
2389,2389,2025-12-16,GUJGASLTD.NS,-0.0155393600194292,3.757027332897085,2.527104224239722
2390,2390,2025-12-17,GUJGASLTD.NS,-0.00219952406952,3.7487636608485326,2.527104224239722
2391,2391,2025-12-18,GUJGASLTD.NS,-0.0063537659965013,3.724944893771313,2.527104224239722
2392,2392,2025-12-19,GUJGASLTD.NS,0.0313193271333889,3.841607661453184,2.527104224239722
2393,2393,2025-12-22,GUJGASLTD.NS,0.0053144530835187,3.862023705135263,2.527104224239722
2394,2394,2025-12-23,GUJGASLTD.NS,-0.0015103992536579,3.856190507413417,2.527104224239722
2395,2395,2025-12-24,GUJGASLTD.NS,-0.0124794699750957,3.8080672937579023,2.527104224239722
2396,2396,2025-12-26,GUJGASLTD.NS,0.0058718093471823,3.8304275388880895,2.527104224239722
2397,2397,2025-12-29,GUJGASLTD.NS,-0.0109136746014434,3.788623499144257,2.527104224239722
2398,2398,2025-12-30,GUJGASLTD.NS,0.0044906336802224,3.805636819431196,2.527104224239722
2399,2399,2025-12-31,GUJGASLTD.NS,0.0530080453517156,4.007366188547763,2.527104224239722
2400,2400,2026-01-01,GUJGASLTD.NS,0.0207423278499914,4.090488291845592,2.527104224239722
2401,2401,2026-01-02,GUJGASLTD.NS,0.0369577844158497,4.241663676291179,2.527104224239722
2402,2402,2026-01-05,GUJGASLTD.NS,0.0107724325888851,4.287356712308748,2.527104224239722
2403,2403,2026-01-06,GUJGASLTD.NS,-0.0073696145124716,4.255760546061575,2.527104224239722
2404,2404,2026-01-07,GUJGASLTD.NS,-0.0105082949252213,4.211039759112439,2.527104224239722
2405,2405,2026-01-08,GUJGASLTD.NS,-0.0118896316958395,4.160972047320056,2.527104224239722
2406,2406,2026-01-09,GUJGASLTD.NS,-0.0073597988235616,4.130348130141317,2.527104224239722
2407,2407,2026-01-12,GUJGASLTD.NS,-0.0188301750854883,4.052572951686736,2.527104224239722
2408,2408,2026-01-13,GUJGASLTD.NS,-0.0196713736043342,3.972853275095287,2.527104224239722
2409,2409,2026-01-14,GUJGASLTD.NS,0.01431544400071,4.029726433677951,2.527104224239722
2410,2410,2026-01-16,GUJGASLTD.NS,-0.0103739150614443,3.9879223939341184,2.527104224239722
2411,2411,2026-01-19,GUJGASLTD.NS,-0.0088981577412052,3.952437231413208,2.527104224239722
2412,2412,2026-01-20,GUJGASLTD.NS,-0.0295166655031628,3.8357744637313367,2.527104224239722
2413,2413,2026-01-21,GUJGASLTD.NS,0.0120390321808663,3.881953475938744,2.527104224239722
2414,2414,2026-01-22,GUJGASLTD.NS,0.0186576820305186,3.954381729550076,2.527104224239722
2415,2415,2026-01-23,GUJGASLTD.NS,-0.0044252926686384,3.9368824330733,2.527104224239722
2416,2416,2026-01-27,GUJGASLTD.NS,-0.0053093575731596,3.915980116512623,2.527104224239722
2417,2417,2026-01-28,GUJGASLTD.NS,0.0192403183586573,3.991324820640498,2.527104224239722
2418,2418,2026-01-29,GUJGASLTD.NS,0.0237486305928638,4.086113319382018,2.527104224239722
2419,2419,2026-01-30,GUJGASLTD.NS,0.0120152711330421,4.135209078794728,2.527104224239722
2420,2420,2026-02-02,GUJGASLTD.NS,-0.023039892253256,4.039934307174611,2.527104224239722
2421,2421,2026-02-03,GUJGASLTD.NS,0.0095055043269527,4.078335920212064,2.527104224239722
2422,2422,2026-02-04,GUJGASLTD.NS,-0.0097735544779872,4.038476081916339,2.527104224239722
2423,2423,2026-02-05,GUJGASLTD.NS,0.0143235731691271,4.096321489567437,2.527104224239722
2424,2424,2026-02-06,GUJGASLTD.NS,0.0097306420888205,4.136181327863162,2.527104224239722
2425,2425,2026-02-09,GUJGASLTD.NS,-0.0021154645392853,4.127431382936013,2.527104224239722
2426,2426,2026-02-10,GUJGASLTD.NS,0.0038865256424578,4.143472750843279,2.527104224239722
2427,2427,2026-02-11,GUJGASLTD.NS,0.0092679060917866,4.181874067191972,2.527104224239722
2428,2428,2026-02-12,GUJGASLTD.NS,-0.0111588698386076,4.135209078794728,2.527104224239722
2429,2429,2026-02-13,GUJGASLTD.NS,-0.0022334834686708,4.125973157677742,2.527104224239722
2430,2430,2026-02-16,GUJGASLTD.NS,-0.015786950484941,4.060836623735288,2.527104224239722
2431,2431,2026-02-17,GUJGASLTD.NS,-0.0069428401467824,4.032642884194494,2.527104224239722
2432,2432,2026-02-18,GUJGASLTD.NS,-0.0077145173182847,4.001532990825917,2.527104224239722
2433,2433,2026-02-19,GUJGASLTD.NS,-0.0088678178871707,3.966048124993768,2.527104224239722
2434,2434,2026-02-20,GUJGASLTD.NS,-0.0068636309027144,3.938826634521408,2.527104224239722
2435,2435,2026-02-23,GUJGASLTD.NS,0.0092558313130768,3.975283749421992,2.527104224239722
2436,2436,2026-02-24,GUJGASLTD.NS,-0.0085595501399935,3.941257108848113,2.527104224239722
2437,2437,2026-02-25,GUJGASLTD.NS,0.0013567299428409,3.9466043303801217,2.527104224239722
2438,2438,2026-02-26,GUJGASLTD.NS,0.0110851086702394,3.990352868260823,2.527104224239722
2439,2439,2026-02-27,GUJGASLTD.NS,-0.0074309129488062,3.9607009034617575,2.527104224239722
2440,2440,2026-03-02,GUJGASLTD.NS,-0.0229504326057778,3.869801104305215,2.527104224239722
2441,2441,2026-03-04,GUJGASLTD.NS,0.0491144803670111,4.059864374666852,2.527104224239722
2442,2442,2026-03-05,GUJGASLTD.NS,-0.048970335029071,3.861051456066826,2.527104224239722
2443,2443,2026-03-06,GUJGASLTD.NS,-0.003776910545266,3.846468610106592,2.527104224239722
2444,2444,2026-03-09,GUJGASLTD.NS,-0.0596486957350747,3.617031774327829,2.527104224239722
2445,2445,2026-03-10,GUJGASLTD.NS,0.0083322300906527,3.6471697153167297,2.527104224239722
2446,2446,2026-03-11,GUJGASLTD.NS,0.0422497837168809,3.80126184696762,2.527104224239722
2447,2447,2026-03-12,GUJGASLTD.NS,-0.0066496319783008,3.775984854632129,2.527104224239722
2448,2448,2026-03-13,GUJGASLTD.NS,-0.0363027969235073,3.63890604326818,2.527104224239722
2449,2449,2026-03-16,GUJGASLTD.NS,-0.0241784346463149,3.55092299131694,2.527104224239722
2450,2450,2026-03-17,GUJGASLTD.NS,-0.0090348741765056,3.51884084887993,2.527104224239722
2451,2451,2026-03-18,GUJGASLTD.NS,-0.0081503304532116,3.4901611331492988,2.527104224239722
2452,2452,2026-03-19,GUJGASLTD.NS,-0.0130919560084435,3.4444680971317285,2.527104224239722
2453,2453,2026-03-20,GUJGASLTD.NS,0.0008467917608909,3.4473848443370314,2.527104224239722
2454,2454,2026-03-23,GUJGASLTD.NS,-0.0544275746710302,3.2597520483021,2.527104224239722
2455,2455,2026-03-24,GUJGASLTD.NS,-0.0198329679051179,3.195101490549482,2.527104224239722
2456,2456,2026-03-25,GUJGASLTD.NS,0.0077590700073162,3.219892506695136,2.527104224239722
2457,2457,2026-03-27,GUJGASLTD.NS,-0.0409118895263712,3.088160620174434,2.527104224239722
2458,2458,2026-03-30,GUJGASLTD.NS,-0.0327404190030411,2.9870529475212315,2.527104224239722
2459,2459,2026-04-01,GUJGASLTD.NS,0.0128560202018916,3.0254545605586847,2.527104224239722
2460,2460,2026-04-02,GUJGASLTD.NS,-0.0099614588107833,2.9953166195697825,2.527104224239722
2461,2461,2026-04-06,GUJGASLTD.NS,0.0300227193013822,3.085244169657891,2.527104224239722
2462,2462,2026-04-07,GUJGASLTD.NS,-0.0140224109703647,3.0419816079670268,2.527104224239722
2463,2463,2026-04-08,GUJGASLTD.NS,0.0265261056965464,3.1226735336269105,2.527104224239722
2464,2464,2026-04-09,GUJGASLTD.NS,-0.0046699873692195,3.1080906876666767,2.527104224239722
2465,2465,2026-04-10,GUJGASLTD.NS,0.0123552753788924,3.1464920040153697,2.527104224239722
2466,2466,2026-04-13,GUJGASLTD.NS,-0.0288892515984601,3.0555922048588267,2.527104224239722
2467,2467,2026-04-15,GUJGASLTD.NS,0.0361120157312635,3.165935798629015,2.527104224239722
2468,2468,2026-04-16,GUJGASLTD.NS,0.0302472172213419,3.26169654643897,2.527104224239722
2469,2469,2026-04-17,GUJGASLTD.NS,0.0813710515438712,3.527104224239722,2.527104224239722
