,Unnamed: 0,Date,Ticker,Returns,Equity,Total_Return
1,1,2019-07-16,SEYAIND.NS,-0.0074989195097959,0.992501080490204,-0.9741901744496864
2,2,2019-07-17,SEYAIND.NS,0.0017777831017495,0.9942655321395676,-0.9741901744496864
3,3,2019-07-18,SEYAIND.NS,0.0031055993460236,0.9973533225259542,-0.9741901744496864
4,4,2019-07-19,SEYAIND.NS,-0.0348297235640111,0.9626157820067271,-0.9741901744496864
5,5,2019-07-22,SEYAIND.NS,-0.0405544541948975,0.9235774243680498,-0.9741901744496864
6,6,2019-07-23,SEYAIND.NS,0.0511044095707866,0.9707763033332868,-0.9741901744496864
7,7,2019-07-24,SEYAIND.NS,-0.0333976672506729,0.9383546393797232,-0.9741901744496864
8,8,2019-07-25,SEYAIND.NS,0.009166791988511,0.9469563411703716,-0.9741901744496864
9,9,2019-07-26,SEYAIND.NS,-0.0237569120679661,0.924459582640984,-0.9741901744496864
10,10,2019-07-29,SEYAIND.NS,-0.0313730023501291,0.895456509982189,-0.9741901744496864
11,11,2019-07-30,SEYAIND.NS,0.0348522087589941,0.9266651472026886,-0.9741901744496864
12,12,2019-07-31,SEYAIND.NS,0.0152326281891281,0.9407806928458508,-0.9741901744496864
13,13,2019-08-01,SEYAIND.NS,-0.0511076653204627,0.8926995880559321,-0.9741901744496864
14,14,2019-08-02,SEYAIND.NS,0.018777003307139,0.90946181117314,-0.9741901744496864
15,15,2019-08-05,SEYAIND.NS,0.011761925315306,0.9201588330732814,-0.9741901744496864
16,16,2019-08-06,SEYAIND.NS,-0.0139022460015533,0.9073665586153944,-0.9741901744496864
17,17,2019-08-07,SEYAIND.NS,-0.0170151211606167,0.8919276066834616,-0.9741901744496864
18,18,2019-08-08,SEYAIND.NS,0.0358556214129155,0.9239082252764316,-0.9741901744496864
19,19,2019-08-09,SEYAIND.NS,0.0045357023052641,0.9280987979436705,-0.9741901744496864
20,20,2019-08-13,SEYAIND.NS,-0.0168726011401492,0.9124393571073148,-0.9741901744496864
21,21,2019-08-14,SEYAIND.NS,0.0091853532154735,0.9208204348900452,-0.9741901744496864
22,22,2019-08-16,SEYAIND.NS,-0.0059880419627309,0.9153065234857836,-0.9741901744496864
23,23,2019-08-19,SEYAIND.NS,0.0040964717397251,0.919056050792429,-0.9741901744496864
24,24,2019-08-20,SEYAIND.NS,-0.0017998980537977,0.9174018435952768,-0.9741901744496864
25,25,2019-08-21,SEYAIND.NS,0.0119004674786555,0.9283193543998408,-0.9741901744496864
26,26,2019-08-22,SEYAIND.NS,-0.0378949908399904,0.893140700968273,-0.9741901744496864
27,27,2019-08-23,SEYAIND.NS,-0.0170391915397694,0.8779223054925107,-0.9741901744496864
28,28,2019-08-26,SEYAIND.NS,-0.0012561274203344,0.8768195232116583,-0.9741901744496864
29,29,2019-08-27,SEYAIND.NS,-0.014966600842159,0.8636965153971372,-0.9741901744496864
30,30,2019-08-28,SEYAIND.NS,0.0259192651291262,0.8860828943708181,-0.9741901744496864
31,31,2019-08-29,SEYAIND.NS,-0.0323583768299969,0.8574106901721528,-0.9741901744496864
32,32,2019-08-30,SEYAIND.NS,0.021221809472411,0.8756064964785947,-0.9741901744496864
33,33,2019-09-03,SEYAIND.NS,-0.0273299413185191,0.8516762223117205,-0.9741901744496864
34,34,2019-09-04,SEYAIND.NS,-0.0037549889909072,0.8484781874731225,-0.9741901744496864
35,35,2019-09-05,SEYAIND.NS,0.0137769300352903,0.8601676120984098,-0.9741901744496864
36,36,2019-09-06,SEYAIND.NS,0.0212820362600523,0.8784737304088107,-0.9741901744496864
37,37,2019-09-09,SEYAIND.NS,0.0274918843202669,0.9026246285836032,-0.9741901744496864
38,38,2019-09-11,SEYAIND.NS,0.0720830673733587,0.967688580498648,-0.9741901744496864
39,39,2019-09-12,SEYAIND.NS,-0.0372649631120662,0.931627701242398,-0.9741901744496864
40,40,2019-09-13,SEYAIND.NS,0.0043797116142407,0.9357079619056778,-0.9741901744496864
41,41,2019-09-16,SEYAIND.NS,-0.0008250238363882,0.9349359805332074,-0.9741901744496864
42,42,2019-09-17,SEYAIND.NS,-0.0134464638862775,0.922364397634986,-0.9741901744496864
43,43,2019-09-18,SEYAIND.NS,-0.0047824147752446,0.9179532685115768,-0.9741901744496864
44,44,2019-09-19,SEYAIND.NS,-0.0241138165074557,0.8958179118322696,-0.9741901744496864
45,45,2019-09-20,SEYAIND.NS,0.0216209531407767,0.9151863489266636,-0.9741901744496864
46,46,2019-09-23,SEYAIND.NS,0.0189865167593867,0.9325625498785216,-0.9741901744496864
47,47,2019-09-24,SEYAIND.NS,-0.0174459430308584,0.9162931167606287,-0.9741901744496864
48,48,2019-09-25,SEYAIND.NS,0.0076095997187914,0.9232657406042613,-0.9741901744496864
49,49,2019-09-26,SEYAIND.NS,-0.0357228330818735,0.8902840726624428,-0.9741901744496864
50,50,2019-09-27,SEYAIND.NS,-0.012804635151059,0.8788843099312014,-0.9741901744496864
51,51,2019-09-30,SEYAIND.NS,0.00289642223755,0.8814299299907199,-0.9741901744496864
52,52,2019-10-01,SEYAIND.NS,-0.032772521121275,0.852543248993175,-0.9741901744496864
53,53,2019-10-03,SEYAIND.NS,-0.0105153520891844,0.8435784565587545,-0.9741901744496864
54,54,2019-10-04,SEYAIND.NS,0.0049855519969954,0.8477841608174733,-0.9741901744496864
55,55,2019-10-07,SEYAIND.NS,-0.0013054830287205,0.846677392983508,-0.9741901744496864
56,56,2019-10-09,SEYAIND.NS,-0.0154248206444036,0.8336175460530661,-0.9741901744496864
57,57,2019-10-10,SEYAIND.NS,-0.0029208871101644,0.8311826433079929,-0.9741901744496864
58,58,2019-10-11,SEYAIND.NS,0.0094540287429263,0.8390406679084481,-0.9741901744496864
59,59,2019-10-14,SEYAIND.NS,0.0526316128466084,0.8832007315043653,-0.9741901744496864
60,60,2019-10-15,SEYAIND.NS,-0.0141603857054746,0.8706942684909061,-0.9741901744496864
61,61,2019-10-16,SEYAIND.NS,-0.066480217340082,0.812810324284867,-0.9741901744496864
62,62,2019-10-17,SEYAIND.NS,-0.0714869257280962,0.7547050130016849,-0.9741901744496864
63,63,2019-10-18,SEYAIND.NS,0.0120251516033027,0.7637804551988028,-0.9741901744496864
64,64,2019-10-22,SEYAIND.NS,-0.1307056286957403,0.6639500506165246,-0.9741901744496864
65,65,2019-10-23,SEYAIND.NS,-0.1890315382547669,0.5384425512241525,-0.9741901744496864
66,66,2019-10-24,SEYAIND.NS,-0.0583761436721158,0.5070103514947107,-0.9741901744496864
67,67,2019-10-25,SEYAIND.NS,-0.0377647196683023,0.4878632477015855,-0.9741901744496864
68,68,2019-10-27,SEYAIND.NS,-0.0038565828868661,0.4859817626493686,-0.9741901744496864
69,69,2019-10-29,SEYAIND.NS,0.0118423630543682,0.4917369351204643,-0.9741901744496864
70,70,2019-10-30,SEYAIND.NS,-0.010578397070862,0.4865351465663513,-0.9741901744496864
71,71,2019-10-31,SEYAIND.NS,0.0093266743553004,0.491072901440784,-0.9741901744496864
72,72,2019-11-01,SEYAIND.NS,-0.0128465450759815,0.4847643112768319,-0.9741901744496864
73,73,2019-11-04,SEYAIND.NS,-0.0086757712168237,0.480558607018113,-0.9741901744496864
74,74,2019-11-05,SEYAIND.NS,-0.0108245326460059,0.4753567846881263,-0.9741901744496864
75,75,2019-11-06,SEYAIND.NS,-0.0754365399219659,0.4394975136228231,-0.9741901744496864
76,76,2019-11-07,SEYAIND.NS,-0.0825988864427177,0.4031955084032347,-0.9741901744496864
77,77,2019-11-08,SEYAIND.NS,-0.0337633494513287,0.3895822775558102,-0.9741901744496864
78,78,2019-11-11,SEYAIND.NS,-0.050000017339533,0.3701031569228449,-0.9741901744496864
79,79,2019-11-13,SEYAIND.NS,-0.0499401375426541,0.3516201543611475,-0.9741901744496864
80,80,2019-11-14,SEYAIND.NS,-0.0497325077225703,0.3341332023189703,-0.9741901744496864
81,81,2019-11-15,SEYAIND.NS,-0.0496853272714645,0.3175316848094898,-0.9741901744496864
82,82,2019-11-18,SEYAIND.NS,-0.0498431094359949,0.3017049182941346,-0.9741901744496864
83,83,2019-11-19,SEYAIND.NS,-0.0498899699156691,0.2866528689970308,-0.9741901744496864
84,84,2019-11-20,SEYAIND.NS,-0.0498069262412524,0.2723755706940522,-0.9741901744496864
85,85,2019-11-21,SEYAIND.NS,-0.0499796942166027,0.2587623229586909,-0.9741901744496864
86,86,2019-11-22,SEYAIND.NS,-0.0496150810611737,0.2459238093295178,-0.9741901744496864
87,87,2019-11-25,SEYAIND.NS,-0.0499549549827949,0.2336386965052643,-0.9741901744496864
88,88,2019-11-26,SEYAIND.NS,-0.0497394585334648,0.2220176342486279,-0.9741901744496864
89,89,2019-11-27,SEYAIND.NS,-0.0498504471372732,0.2109499559089742,-0.9741901744496864
90,90,2019-11-28,SEYAIND.NS,-0.0498426007124077,0.2004356614863032,-0.9741901744496864
91,91,2019-11-29,SEYAIND.NS,0.043622272944424,0.2091791206194549,-0.9741901744496864
92,92,2019-12-02,SEYAIND.NS,-0.0497354174417162,0.1987755097353552,-0.9741901744496864
93,93,2019-12-03,SEYAIND.NS,-0.0495546149934079,0.1889252658803012,-0.9741901744496864
94,94,2019-12-04,SEYAIND.NS,-0.0497949628117291,0.1795177392915956,-0.9741901744496864
95,95,2019-12-05,SEYAIND.NS,-0.0499382922140945,0.1705529299692383,-0.9741901744496864
96,96,2019-12-06,SEYAIND.NS,-0.0499676307725699,0.1620308041373554,-0.9741901744496864
97,97,2019-12-09,SEYAIND.NS,-0.0498633066756162,0.1539514124597577,-0.9741901744496864
98,98,2019-12-10,SEYAIND.NS,0.0496045549512738,0.161588103758944,-0.9741901744496864
99,99,2019-12-11,SEYAIND.NS,0.0500000209024507,0.1696675123244785,-0.9741901744496864
100,100,2019-12-12,SEYAIND.NS,0.0495759340732735,0.1780789377298532,-0.9741901744496864
101,101,2019-12-13,SEYAIND.NS,0.0497203250681714,0.1869330804015762,-0.9741901744496864
102,102,2019-12-16,SEYAIND.NS,0.0497336261623646,0.1962299403396474,-0.9741901744496864
103,103,2019-12-17,SEYAIND.NS,0.0496334060929986,0.20596950065613,-0.9741901744496864
104,104,2019-12-18,SEYAIND.NS,0.0499730654914423,0.2162624280016585,-0.9741901744496864
105,105,2019-12-19,SEYAIND.NS,0.0496418245139245,0.226998089501472,-0.9741901744496864
106,106,2019-12-20,SEYAIND.NS,0.0497318217684215,0.2382871180303314,-0.9741901744496864
107,107,2019-12-23,SEYAIND.NS,0.0496980808015592,0.2501295304761736,-0.9741901744496864
108,108,2019-12-24,SEYAIND.NS,0.0500000135033531,0.2626360103775697,-0.9741901744496864
109,109,2019-12-26,SEYAIND.NS,0.0497260973451569,0.2756958741959484,-0.9741901744496864
110,110,2019-12-27,SEYAIND.NS,-0.0497792406722,0.2619719429220156,-0.9741901744496864
111,111,2019-12-30,SEYAIND.NS,-0.0498521470379994,0.2489120791036369,-0.9741901744496864
112,112,2019-12-31,SEYAIND.NS,-0.0497998988536979,0.2365162827408121,-0.9741901744496864
113,113,2020-01-01,SEYAIND.NS,0.0496022754089366,0.2482480285360198,-0.9741901744496864
114,114,2020-01-02,SEYAIND.NS,0.049933110993573,0.2606438248988446,-0.9741901744496864
115,115,2020-01-03,SEYAIND.NS,-0.0229299103884688,0.2546672853506063,-0.9741901744496864
116,116,2020-01-06,SEYAIND.NS,-0.0499782689915552,0.2419394552600046,-0.9741901744496864
117,117,2020-01-07,SEYAIND.NS,-0.0498628035266925,0.2298756757370199,-0.9741901744496864
118,118,2020-01-08,SEYAIND.NS,-0.0495907713196764,0.2184759636695893,-0.9741901744496864
119,119,2020-01-09,SEYAIND.NS,0.0496454070657006,0.2293222918200372,-0.9741901744496864
120,120,2020-01-10,SEYAIND.NS,0.0043436735932878,0.2303183930033682,-0.9741901744496864
121,121,2020-01-13,SEYAIND.NS,-0.0302739205525249,0.223345752271799,-0.9741901744496864
122,122,2020-01-14,SEYAIND.NS,0.0084241671086902,0.2252272542119527,-0.9741901744496864
123,123,2020-01-15,SEYAIND.NS,-0.0088452238415617,0.2232350687332277,-0.9741901744496864
124,124,2020-01-16,SEYAIND.NS,0.0168567635434613,0.2269980895014721,-0.9741901744496864
125,125,2020-01-17,SEYAIND.NS,0.0497318217684215,0.2382871180303315,-0.9741901744496864
126,126,2020-01-20,SEYAIND.NS,0.0287970128209971,0.2451490752233294,-0.9741901744496864
127,127,2020-01-21,SEYAIND.NS,-0.0018058415191168,0.244706374844918,-0.9741901744496864
128,128,2020-01-22,SEYAIND.NS,-0.0180913608755273,0.2402793035090565,-0.9741901744496864
129,129,2020-01-23,SEYAIND.NS,-0.0446799259987404,0.2295436420092429,-0.9741901744496864
130,130,2020-01-24,SEYAIND.NS,0.0048216009133497,0.2306504098432083,-0.9741901744496864
131,131,2020-01-27,SEYAIND.NS,-0.0071976969478466,0.2289902580922602,-0.9741901744496864
132,132,2020-01-28,SEYAIND.NS,0.0120831323042511,0.2317571776771737,-0.9741901744496864
133,133,2020-01-29,SEYAIND.NS,-0.0038203811666025,0.2308717769203508,-0.9741901744496864
134,134,2020-01-30,SEYAIND.NS,-0.039789083455918,0.2216856005208509,-0.9741901744496864
135,135,2020-01-31,SEYAIND.NS,-0.0014977685830603,0.2213535667930739,-0.9741901744496864
136,136,2020-02-03,SEYAIND.NS,-0.024000015258789,0.2160410778124527,-0.9741901744496864
137,137,2020-02-04,SEYAIND.NS,0.0030738018078695,0.2167051452680067,-0.9741901744496864
138,138,2020-02-05,SEYAIND.NS,-0.0127681305466534,0.2139382256830933,-0.9741901744496864
139,139,2020-02-06,SEYAIND.NS,0.0325918414500536,0.2209108664146625,-0.9741901744496864
140,140,2020-02-07,SEYAIND.NS,-0.0085170949651651,0.2190293475865719,-0.9741901744496864
141,141,2020-02-10,SEYAIND.NS,0.0227387576492488,0.224009802839416,-0.9741901744496864
142,142,2020-02-11,SEYAIND.NS,-0.0474307862362703,0.2133848417661106,-0.9741901744496864
143,143,2020-02-12,SEYAIND.NS,0.006224050462904,0.2147129597892817,-0.9741901744496864
144,144,2020-02-13,SEYAIND.NS,-0.014433005421432,0.2116140064765913,-0.9741901744496864
145,145,2020-02-14,SEYAIND.NS,0.024581574389431,0.2168158119186411,-0.9741901744496864
146,146,2020-02-17,SEYAIND.NS,-0.0495150446679839,0.2060801673067644,-0.9741901744496864
147,147,2020-02-18,SEYAIND.NS,-0.0499463115154772,0.1957872230732991,-0.9741901744496864
148,148,2020-02-19,SEYAIND.NS,-0.04974555170487,0.1860476796447533,-0.9741901744496864
149,149,2020-02-20,SEYAIND.NS,-0.0345032887636315,0.1796284228301668,-0.9741901744496864
150,150,2020-02-24,SEYAIND.NS,-0.0400492906825585,0.1724344319093919,-0.9741901744496864
151,151,2020-02-25,SEYAIND.NS,0.0186135676487821,0.1756440518727167,-0.9741901744496864
152,152,2020-02-26,SEYAIND.NS,-0.0063011973486435,0.1745372840387514,-0.9741901744496864
153,153,2020-02-27,SEYAIND.NS,-0.0279010398327939,0.1696675123244785,-0.9741901744496864
154,154,2020-02-28,SEYAIND.NS,-0.0482714221002005,0.1614774202203726,-0.9741901744496864
155,155,2020-03-02,SEYAIND.NS,-0.0102810148235115,0.1598172684694246,-0.9741901744496864
156,156,2020-03-03,SEYAIND.NS,-0.0221606446225763,0.1562756147783228,-0.9741901744496864
157,157,2020-03-04,SEYAIND.NS,-0.0354107656378547,0.1507417756084959,-0.9741901744496864
158,158,2020-03-05,SEYAIND.NS,0.0491923428661182,0.1581571167184765,-0.9741901744496864
159,159,2020-03-06,SEYAIND.NS,-0.0209937027861119,0.1548368132165804,-0.9741901744496864
160,160,2020-03-09,SEYAIND.NS,-0.0142959262848849,0.1526232775486497,-0.9741901744496864
161,161,2020-03-11,SEYAIND.NS,0.0130529596187582,0.1546154630273748,-0.9741901744496864
162,162,2020-03-12,SEYAIND.NS,-0.0493915107173608,0.1469787717281885,-0.9741901744496864
163,163,2020-03-13,SEYAIND.NS,-0.0240963620083277,0.1434371180370867,-0.9741901744496864
164,164,2020-03-16,SEYAIND.NS,-0.0100308872726398,0.1419983164753443,-0.9741901744496864
165,165,2020-03-17,SEYAIND.NS,-0.0241621670286715,0.1385673294348769,-0.9741901744496864
166,166,2020-03-18,SEYAIND.NS,-0.0175718610372782,0.1361324435777405,-0.9741901744496864
167,167,2020-03-19,SEYAIND.NS,-0.0495934835294398,0.1293811614793454,-0.9741901744496864
168,168,2020-03-20,SEYAIND.NS,-0.0496150810611737,0.1229619046647589,-0.9741901744496864
169,169,2020-03-23,SEYAIND.NS,-0.0495049511749645,0.1168746815779493,-0.9741901744496864
170,170,2020-03-24,SEYAIND.NS,-0.049242396054736,0.1111194922189168,-0.9741901744496864
171,171,2020-03-25,SEYAIND.NS,-0.0498007960558766,0.1055856530490899,-0.9741901744496864
172,172,2020-03-26,SEYAIND.NS,-0.0492662945750769,0.1003838391630716,-0.9741901744496864
173,173,2020-03-27,SEYAIND.NS,-0.0496141141280073,0.0954033839102274,-0.9741901744496864
174,174,2020-03-30,SEYAIND.NS,-0.0498839393804753,0.0906442872905574,-0.9741901744496864
175,175,2020-03-31,SEYAIND.NS,0.0329669950908246,0.0936325570646765,-0.9741901744496864
176,176,2020-04-01,SEYAIND.NS,-0.0094562108367886,0.0927471478638853,-0.9741901744496864
177,177,2020-04-03,SEYAIND.NS,-0.0238663475795427,0.0905336121959546,-0.9741901744496864
178,178,2020-04-07,SEYAIND.NS,0.0354522468006441,0.0937432321592794,-0.9741901744496864
179,179,2020-04-08,SEYAIND.NS,0.0094451367247001,0.0946286498040391,-0.9741901744496864
180,180,2020-04-09,SEYAIND.NS,0.0491227713244699,0.0992770713291062,-0.9741901744496864
181,181,2020-04-13,SEYAIND.NS,-0.0367892478777608,0.0956247425434016,-0.9741901744496864
182,182,2020-04-15,SEYAIND.NS,0.0023147794526634,0.0958460927326073,-0.9741901744496864
183,183,2020-04-16,SEYAIND.NS,0.0150115828483101,0.0972848942943496,-0.9741901744496864
184,184,2020-04-17,SEYAIND.NS,0.0477815344178993,0.1019333158194168,-0.9741901744496864
185,185,2020-04-20,SEYAIND.NS,0.0477741758824812,0.1068030959776581,-0.9741901744496864
186,186,2020-04-21,SEYAIND.NS,-0.0497409642669204,0.101490606997037,-0.9741901744496864
187,187,2020-04-22,SEYAIND.NS,-0.0305343022415109,0.098391662128315,-0.9741901744496864
188,188,2020-04-23,SEYAIND.NS,-0.0213723452561001,0.0962888015549871,-0.9741901744496864
189,189,2020-04-24,SEYAIND.NS,-0.0206896902500899,0.0942966160762621,-0.9741901744496864
190,190,2020-04-27,SEYAIND.NS,0.0058685448111428,0.0948499999932447,-0.9741901744496864
191,191,2020-04-28,SEYAIND.NS,0.0011669324046306,0.0949606835318161,-0.9741901744496864
192,192,2020-04-29,SEYAIND.NS,-0.0221445391410155,0.0928578229584882,-0.9741901744496864
193,193,2020-04-30,SEYAIND.NS,0.0035756307140319,0.0931898482422967,-0.9741901744496864
194,194,2020-05-04,SEYAIND.NS,-0.0296912124775581,0.0904229286573833,-0.9741901744496864
195,195,2020-05-05,SEYAIND.NS,-0.0465115736145083,0.0862172159546959,-0.9741901744496864
196,196,2020-05-06,SEYAIND.NS,0.0462130732170158,0.0902015784681776,-0.9741901744496864
197,197,2020-05-07,SEYAIND.NS,0.0208588582606401,0.0920830804083313,-0.9741901744496864
198,198,2020-05-08,SEYAIND.NS,-0.0396634079736344,0.0884307516226267,-0.9741901744496864
199,199,2020-05-11,SEYAIND.NS,-0.030037565457387,0.0857745071323161,-0.9741901744496864
200,200,2020-05-12,SEYAIND.NS,-0.0219354444934475,0.0838930051921623,-0.9741901744496864
201,201,2020-05-13,SEYAIND.NS,0.0488126226817662,0.0879880428002468,-0.9741901744496864
202,202,2020-05-14,SEYAIND.NS,0.0490566229670301,0.0923044390415055,-0.9741901744496864
203,203,2020-05-15,SEYAIND.NS,0.0491606522674807,0.0968421854719698,-0.9741901744496864
204,204,2020-05-18,SEYAIND.NS,0.0479999651227676,0.1014906069970369,-0.9741901744496864
205,205,2020-05-19,SEYAIND.NS,-0.0490730659733817,0.0965101517441928,-0.9741901744496864
206,206,2020-05-20,SEYAIND.NS,-0.0493118758354491,0.0917510551245228,-0.9741901744496864
207,207,2020-05-21,SEYAIND.NS,-0.0494571580054941,0.0872133086940585,-0.9741901744496864
208,208,2020-05-22,SEYAIND.NS,0.0494923064142871,0.0915296964913486,-0.9741901744496864
209,209,2020-05-26,SEYAIND.NS,0.049576859187572,0.0960674513657814,-0.9741901744496864
210,210,2020-05-27,SEYAIND.NS,0.0495391160274412,0.1008265479854514,-0.9741901744496864
211,211,2020-05-28,SEYAIND.NS,-0.0493962686649036,0.0958460927326073,-0.9741901744496864
212,212,2020-05-29,SEYAIND.NS,0.0069283889687408,0.0965101517441928,-0.9741901744496864
213,213,2020-06-01,SEYAIND.NS,0.0286697257740029,0.0992770713291062,-0.9741901744496864
214,214,2020-06-02,SEYAIND.NS,-0.0078037566561577,0.0985023372229178,-0.9741901744496864
215,215,2020-06-03,SEYAIND.NS,-0.0033708208062677,0.0981703034951408,-0.9741901744496864
216,216,2020-06-04,SEYAIND.NS,-0.0022547571039813,0.0979489533059351,-0.9741901744496864
217,217,2020-06-05,SEYAIND.NS,0.0994350627317266,0.1076885136224178,-0.9741901744496864
218,218,2020-06-08,SEYAIND.NS,0.0996916407400558,0.1184241582342944,-0.9741901744496864
219,219,2020-06-09,SEYAIND.NS,0.0999999714788988,0.1302665706801365,-0.9741901744496864
220,220,2020-06-10,SEYAIND.NS,0.049277852184723,0.136685827494723,-0.9741901744496864
221,221,2020-06-11,SEYAIND.NS,0.0493927619717864,0.1434371180370866,-0.9741901744496864
222,222,2020-06-12,SEYAIND.NS,0.0493826666286767,0.1505204254192902,-0.9741901744496864
223,223,2020-06-15,SEYAIND.NS,0.0500000224393957,0.1580464500678421,-0.9741901744496864
224,224,2020-06-16,SEYAIND.NS,0.0497198227800679,0.165904491556234,-0.9741901744496864
225,225,2020-06-17,SEYAIND.NS,0.0493663072487089,0.1740945836603399,-0.9741901744496864
226,226,2020-06-18,SEYAIND.NS,0.049586795298353,0.1827273761428572,-0.9741901744496864
227,227,2020-06-19,SEYAIND.NS,0.0496668482440934,0.1918028690037859,-0.9741901744496864
228,228,2020-06-22,SEYAIND.NS,0.0496248741678215,0.2013210622431259,-0.9741901744496864
229,229,2020-06-23,SEYAIND.NS,0.049477736679429,0.2112819727488142,-0.9741901744496864
230,230,2020-06-24,SEYAIND.NS,0.0497642760803407,0.2217962671714852,-0.9741901744496864
231,231,2020-06-25,SEYAIND.NS,0.049900201120592,0.2328639455111389,-0.9741901744496864
232,232,2020-06-26,SEYAIND.NS,0.0499049444134771,0.2444850077677753,-0.9741901744496864
233,233,2020-06-29,SEYAIND.NS,0.0497962892889651,0.2566594539413943,-0.9741901744496864
234,234,2020-06-30,SEYAIND.NS,-0.0495903419692773,0.2439316238507926,-0.9741901744496864
235,235,2020-07-01,SEYAIND.NS,-0.0499092572804987,0.2317571776771735,-0.9741901744496864
236,236,2020-07-02,SEYAIND.NS,-0.0496656838568274,0.2202467989591084,-0.9741901744496864
237,237,2020-07-03,SEYAIND.NS,-0.0497487130476602,0.209289804158026,-0.9741901744496864
238,238,2020-07-06,SEYAIND.NS,-0.0497091954091621,0.1988861763859894,-0.9741901744496864
239,239,2020-07-07,SEYAIND.NS,-0.0495269563028861,0.1890359494188724,-0.9741901744496864
240,240,2020-07-08,SEYAIND.NS,0.0497658070733419,0.198443476007578,-0.9741901744496864
241,241,2020-07-09,SEYAIND.NS,0.0117121629056549,0.2007676783261432,-0.9741901744496864
242,242,2020-07-10,SEYAIND.NS,-0.0374861522699343,0.1932416705655282,-0.9741901744496864
243,243,2020-07-13,SEYAIND.NS,-0.0486827016200708,0.1838341439768225,-0.9741901744496864
244,244,2020-07-14,SEYAIND.NS,-0.049969914188836,0.1746479675773226,-0.9741901744496864
245,245,2020-07-15,SEYAIND.NS,-0.0494296761781395,0.1660151750948053,-0.9741901744496864
246,246,2020-07-16,SEYAIND.NS,-0.05,0.157714416340065,-0.9741901744496864
247,247,2020-07-17,SEYAIND.NS,0.0498246042351973,0.1655724747163939,-0.9741901744496864
248,248,2020-07-20,SEYAIND.NS,0.0494651978246842,0.1737625499325629,-0.9741901744496864
249,249,2020-07-21,SEYAIND.NS,0.0496815481003682,0.1823953424150802,-0.9741901744496864
250,250,2020-07-22,SEYAIND.NS,0.0497572621140478,0.1914708352760088,-0.9741901744496864
251,251,2020-07-23,SEYAIND.NS,0.0213872655967757,0.1955658728840933,-0.9741901744496864
252,252,2020-07-24,SEYAIND.NS,-0.0084889644929613,0.1939057211331453,-0.9741901744496864
253,253,2020-07-27,SEYAIND.NS,-0.0485159825802455,0.1844981945444396,-0.9741901744496864
254,254,2020-07-28,SEYAIND.NS,-0.0401919440365823,0.177082853434459,-0.9741901744496864
255,255,2020-07-29,SEYAIND.NS,0.0137499809265135,0.1795177392915954,-0.9741901744496864
256,256,2020-07-30,SEYAIND.NS,-0.0376078357552193,0.1727664656371688,-0.9741901744496864
257,257,2020-07-31,SEYAIND.NS,-0.0435618371933212,0.1652404409886169,-0.9741901744496864
258,258,2020-08-03,SEYAIND.NS,-0.0495646952713596,0.157050348884511,-0.9741901744496864
259,259,2020-08-04,SEYAIND.NS,0.0493305165686368,0.1647977237222686,-0.9741901744496864
260,260,2020-08-05,SEYAIND.NS,0.0295500962769168,0.1696675123244784,-0.9741901744496864
261,261,2020-08-06,SEYAIND.NS,-0.0430528765305197,0.1623628378651322,-0.9741901744496864
262,262,2020-08-07,SEYAIND.NS,0.015678276070921,0.1649084072608399,-0.9741901744496864
263,263,2020-08-10,SEYAIND.NS,0.0456376043742134,0.1724344319093918,-0.9741901744496864
264,264,2020-08-11,SEYAIND.NS,-0.0231065855776632,0.1684500609519417,-0.9741901744496864
265,265,2020-08-12,SEYAIND.NS,0.0085414131263084,0.1698888625136841,-0.9741901744496864
266,266,2020-08-13,SEYAIND.NS,-0.013029315960912,0.1676753268457534,-0.9741901744496864
267,267,2020-08-14,SEYAIND.NS,-0.0125412138381807,0.1655724747163939,-0.9741901744496864
268,268,2020-08-17,SEYAIND.NS,0.0053475117669126,0.1664578754732167,-0.9741901744496864
269,269,2020-08-18,SEYAIND.NS,0.0093085718888858,0.1680073605735303,-0.9741901744496864
270,270,2020-08-19,SEYAIND.NS,-0.0079051180771916,0.1666792425503593,-0.9741901744496864
271,271,2020-08-20,SEYAIND.NS,-0.0086321580283619,0.1652404409886169,-0.9741901744496864
272,272,2020-08-21,SEYAIND.NS,0.0495645930691577,0.1734305162047859,-0.9741901744496864
273,273,2020-08-24,SEYAIND.NS,0.0370134215999604,0.1798497730193724,-0.9741901744496864
274,274,2020-08-25,SEYAIND.NS,-0.033230731670673,0.1738732334711342,-0.9741901744496864
275,275,2020-08-26,SEYAIND.NS,0.028007598507572,0.1787430051854071,-0.9741901744496864
276,276,2020-08-27,SEYAIND.NS,-0.0173374801966428,0.1756440518727166,-0.9741901744496864
277,277,2020-08-28,SEYAIND.NS,-0.022684252765932,0.1716596978032035,-0.9741901744496864
278,278,2020-08-31,SEYAIND.NS,-0.0496454668215303,0.1631375719713206,-0.9741901744496864
279,279,2020-09-01,SEYAIND.NS,-0.0108547551626779,0.1613667535697382,-0.9741901744496864
280,280,2020-09-02,SEYAIND.NS,0.0041151634579428,0.1620308041373552,-0.9741901744496864
281,281,2020-09-03,SEYAIND.NS,0.0013662036568982,0.1622521712144979,-0.9741901744496864
282,282,2020-09-04,SEYAIND.NS,-0.0061392163560889,0.1612560700311669,-0.9741901744496864
283,283,2020-09-07,SEYAIND.NS,-0.0123541735721328,0.1592638845524418,-0.9741901744496864
284,284,2020-09-08,SEYAIND.NS,-0.0194578729098692,0.1561649481276883,-0.9741901744496864
285,285,2020-09-09,SEYAIND.NS,-0.0233876889369999,0.1525126108980152,-0.9741901744496864
286,286,2020-09-10,SEYAIND.NS,0.0159651444087114,0.1549474967551516,-0.9741901744496864
287,287,2020-09-11,SEYAIND.NS,0.0378571646554128,0.1608133696527555,-0.9741901744496864
288,288,2020-09-14,SEYAIND.NS,0.026840976012197,0.1651297574500456,-0.9741901744496864
289,289,2020-09-15,SEYAIND.NS,0.005361950858721,0.1660151750948053,-0.9741901744496864
290,290,2020-09-16,SEYAIND.NS,-0.0486666870117187,0.1579357665292707,-0.9741901744496864
291,291,2020-09-17,SEYAIND.NS,-0.0252276869076057,0.1539514124597576,-0.9741901744496864
292,292,2020-09-18,SEYAIND.NS,0.0452910676961466,0.1609240363033899,-0.9741901744496864
293,293,2020-09-21,SEYAIND.NS,-0.044016466060107,0.1538407289211863,-0.9741901744496864
294,294,2020-09-22,SEYAIND.NS,-0.0158273161744042,0.1514058430640498,-0.9741901744496864
295,295,2020-09-23,SEYAIND.NS,-0.0051169366420068,0.1506311089578615,-0.9741901744496864
296,296,2020-09-24,SEYAIND.NS,-0.0492285959336057,0.143215750959944,-0.9741901744496864
297,297,2020-09-25,SEYAIND.NS,0.0146832244582126,0.1453186199772403,-0.9741901744496864
298,298,2020-09-28,SEYAIND.NS,-0.0045697341170594,0.1446545525216863,-0.9741901744496864
299,299,2020-09-29,SEYAIND.NS,-0.0030603971371382,0.1442118521432749,-0.9741901744496864
300,300,2020-09-30,SEYAIND.NS,-0.036070640579876,0.1390100382572566,-0.9741901744496864
301,301,2020-10-01,SEYAIND.NS,0.0246815168135516,0.1424410168537556,-0.9741901744496864
302,302,2020-10-05,SEYAIND.NS,0.0497281220437577,0.1495243411238961,-0.9741901744496864
303,303,2020-10-06,SEYAIND.NS,0.0495928693231038,0.1569396822338767,-0.9741901744496864
304,304,2020-10-07,SEYAIND.NS,0.0486600405358654,0.1645763735330629,-0.9741901744496864
305,305,2020-10-08,SEYAIND.NS,-0.0235373239531285,0.1607026861141841,-0.9741901744496864
306,306,2020-10-09,SEYAIND.NS,-0.0144627471684805,0.158378483795619,-0.9741901744496864
307,307,2020-10-12,SEYAIND.NS,-0.0384346594368515,0.1522912607088095,-0.9741901744496864
308,308,2020-10-13,SEYAIND.NS,0.0072674415381035,0.1533980285427748,-0.9741901744496864
309,309,2020-10-14,SEYAIND.NS,-0.0115440550725562,0.1516271932532555,-0.9741901744496864
310,310,2020-10-15,SEYAIND.NS,-0.0226277817774863,0.1481962062127881,-0.9741901744496864
311,311,2020-10-16,SEYAIND.NS,0.0007468716062297,0.1483068897513594,-0.9741901744496864
312,312,2020-10-19,SEYAIND.NS,-0.0171642018787896,0.1457613203556516,-0.9741901744496864
313,313,2020-10-20,SEYAIND.NS,0.0068337826585307,0.1467574215389826,-0.9741901744496864
314,314,2020-10-21,SEYAIND.NS,0.0030165450835055,0.147200121917394,-0.9741901744496864
315,315,2020-10-22,SEYAIND.NS,-0.0045113240865836,0.14653605446184,-0.9741901744496864
316,316,2020-10-23,SEYAIND.NS,0.0052871015052957,0.1473108054559653,-0.9741901744496864
317,317,2020-10-26,SEYAIND.NS,0.016528901933567,0.1497456913131017,-0.9741901744496864
318,318,2020-10-27,SEYAIND.NS,-0.0066519522170974,0.1487495901297707,-0.9741901744496864
319,319,2020-10-28,SEYAIND.NS,-0.0044642177974254,0.1480855395621537,-0.9741901744496864
320,320,2020-10-29,SEYAIND.NS,0.0007473157133477,0.1481962062127881,-0.9741901744496864
321,321,2020-10-30,SEYAIND.NS,0.0059746309800154,0.1490816238575477,-0.9741901744496864
322,322,2020-11-02,SEYAIND.NS,-0.0400890424560239,0.1431050843093095,-0.9741901744496864
323,323,2020-11-03,SEYAIND.NS,-0.013147753577053,0.1412235739251873,-0.9741901744496864
324,324,2020-11-04,SEYAIND.NS,0.0023511211233959,0.1415556076529643,-0.9741901744496864
325,325,2020-11-05,SEYAIND.NS,0.0046911529864188,0.1422196666645498,-0.9741901744496864
326,326,2020-11-06,SEYAIND.NS,-0.0023346540992825,0.1418876329367728,-0.9741901744496864
327,327,2020-11-09,SEYAIND.NS,0.0093603508331334,0.1432157509599439,-0.9741901744496864
328,328,2020-11-10,SEYAIND.NS,-0.0378670334436352,0.1377925953286884,-0.9741901744496864
329,329,2020-11-11,SEYAIND.NS,0.0096385297047563,0.1391207133518594,-0.9741901744496864
330,330,2020-11-12,SEYAIND.NS,0.007159916847488,0.1401168060912219,-0.9741901744496864
331,331,2020-11-13,SEYAIND.NS,0.0426540410028737,0.1460933540834286,-0.9741901744496864
332,332,2020-11-14,SEYAIND.NS,-0.051515174634529,0.1385673294348767,-0.9741901744496864
333,333,2020-11-17,SEYAIND.NS,-0.0199680516049334,0.1358004098499633,-0.9741901744496864
334,334,2020-11-18,SEYAIND.NS,-0.0024449505283183,0.1354683845661548,-0.9741901744496864
335,335,2020-11-19,SEYAIND.NS,-0.0073529535511371,0.1344722918267922,-0.9741901744496864
336,336,2020-11-20,SEYAIND.NS,0.0090534853837127,0.1356897347553604,-0.9741901744496864
337,337,2020-11-23,SEYAIND.NS,-0.0089722552023789,0.1344722918267922,-0.9741901744496864
338,338,2020-11-24,SEYAIND.NS,-0.0090534853837127,0.133254848898224,-0.9741901744496864
339,339,2020-11-25,SEYAIND.NS,0.0,0.133254848898224,-0.9741901744496864
340,340,2020-11-26,SEYAIND.NS,0.0083056477352707,0.1343616167321894,-0.9741901744496864
341,341,2020-11-27,SEYAIND.NS,-0.0049423267428311,0.1336975577206039,-0.9741901744496864
342,342,2020-12-01,SEYAIND.NS,-0.0033112708259412,0.133254848898224,-0.9741901744496864
343,343,2020-12-02,SEYAIND.NS,0.0066444801679783,0.1341402580990152,-0.9741901744496864
344,344,2020-12-03,SEYAIND.NS,0.022277266052983,0.1371285363171028,-0.9741901744496864
345,345,2020-12-04,SEYAIND.NS,0.0080710249207796,0.1382353041510682,-0.9741901744496864
346,346,2020-12-07,SEYAIND.NS,0.1152922445953315,0.1541727626489632,-0.9741901744496864
347,347,2020-12-08,SEYAIND.NS,0.0287150029602927,0.1585998339848247,-0.9741901744496864
348,348,2020-12-09,SEYAIND.NS,0.0146545066294805,0.1609240363033898,-0.9741901744496864
349,349,2020-12-10,SEYAIND.NS,-0.0433286661446076,0.1539514124597575,-0.9741901744496864
350,350,2020-12-11,SEYAIND.NS,-0.0179726807354669,0.1511844928748441,-0.9741901744496864
351,351,2020-12-14,SEYAIND.NS,0.0505123981565238,0.1588211841740303,-0.9741901744496864
352,352,2020-12-15,SEYAIND.NS,-0.0020906136010997,0.1584891504462534,-0.9741901744496864
353,353,2020-12-16,SEYAIND.NS,-0.0279329614891384,0.1540620791103919,-0.9741901744496864
354,354,2020-12-17,SEYAIND.NS,-0.0186780955583878,0.1511844928748441,-0.9741901744496864
355,355,2020-12-18,SEYAIND.NS,-0.0292825755583699,0.1467574215389826,-0.9741901744496864
356,356,2020-12-21,SEYAIND.NS,-0.0837104494161959,0.1344722918267922,-0.9741901744496864
357,357,2020-12-22,SEYAIND.NS,0.0098765180925282,0.1358004098499632,-0.9741901744496864
358,358,2020-12-23,SEYAIND.NS,0.0546047034627752,0.1432157509599438,-0.9741901744496864
359,359,2020-12-24,SEYAIND.NS,-0.009273547178079,0.1418876329367728,-0.9741901744496864
360,360,2020-12-28,SEYAIND.NS,-0.0007799598058253,0.1417769662861384,-0.9741901744496864
361,361,2020-12-29,SEYAIND.NS,-0.0054645163488209,0.1410022237359816,-0.9741901744496864
362,362,2020-12-30,SEYAIND.NS,-0.0094191880946954,0.139674097268842,-0.9741901744496864
363,363,2020-12-31,SEYAIND.NS,0.0229794708827355,0.1428837341201037,-0.9741901744496864
364,364,2021-01-01,SEYAIND.NS,0.0836559820478168,0.1548368132165802,-0.9741901744496864
365,365,2021-01-04,SEYAIND.NS,-0.0285918525697699,0.1504097418807187,-0.9741901744496864
366,366,2021-01-05,SEYAIND.NS,-0.0073583520596895,0.1493029740467533,-0.9741901744496864
367,367,2021-01-06,SEYAIND.NS,-0.0163083546907374,0.1468680881896169,-0.9741901744496864
368,368,2021-01-07,SEYAIND.NS,0.0150715903993583,0.1490816238575477,-0.9741901744496864
369,369,2021-01-08,SEYAIND.NS,0.0044543883972483,0.1497456913131017,-0.9741901744496864
370,370,2021-01-11,SEYAIND.NS,0.0,0.1497456913131017,-0.9741901744496864
371,371,2021-01-12,SEYAIND.NS,-0.0140429350511293,0.1476428222958054,-0.9741901744496864
372,372,2021-01-13,SEYAIND.NS,-0.0097450363751704,0.1462040376219999,-0.9741901744496864
373,373,2021-01-14,SEYAIND.NS,-0.0136260633504233,0.1442118521432748,-0.9741901744496864
374,374,2021-01-15,SEYAIND.NS,-0.014581804380455,0.1421089831259785,-0.9741901744496864
375,375,2021-01-18,SEYAIND.NS,-0.0171339334331731,0.139674097268842,-0.9741901744496864
376,376,2021-01-19,SEYAIND.NS,0.0166403023319954,0.1419983164753441,-0.9741901744496864
377,377,2021-01-20,SEYAIND.NS,-0.0070148207675087,0.1410022237359816,-0.9741901744496864
378,378,2021-01-21,SEYAIND.NS,-0.0180533989341484,0.1384566543402739,-0.9741901744496864
379,379,2021-01-22,SEYAIND.NS,-0.0207833613575858,0.1355790596607576,-0.9741901744496864
380,380,2021-01-25,SEYAIND.NS,-0.0065306371572066,0.1346936420159979,-0.9741901744496864
381,381,2021-01-27,SEYAIND.NS,-0.0098602874144073,0.1333655239928269,-0.9741901744496864
382,382,2021-01-28,SEYAIND.NS,-0.0041493775933609,0.1328121400758442,-0.9741901744496864
383,383,2021-01-29,SEYAIND.NS,0.0008333206176758,0.1329228151704471,-0.9741901744496864
384,384,2021-02-01,SEYAIND.NS,0.0074937680042754,0.1339189079098096,-0.9741901744496864
385,385,2021-02-02,SEYAIND.NS,-0.0033057977345364,0.1334761990874297,-0.9741901744496864
386,386,2021-02-03,SEYAIND.NS,0.0439469578674589,0.1393420719850336,-0.9741901744496864
387,387,2021-02-04,SEYAIND.NS,0.004765674875689,0.1400061309966191,-0.9741901744496864
388,388,2021-02-05,SEYAIND.NS,-0.0039525691699604,0.1394527470796364,-0.9741901744496864
389,389,2021-02-08,SEYAIND.NS,-0.0158730158730159,0.1372392114117057,-0.9741901744496864
390,390,2021-02-09,SEYAIND.NS,-0.0177419108729208,0.1348043255545693,-0.9741901744496864
391,391,2021-02-10,SEYAIND.NS,-0.0114942651133103,0.1332548488982241,-0.9741901744496864
392,392,2021-02-11,SEYAIND.NS,0.0074750956351563,0.1342509416375866,-0.9741901744496864
393,393,2021-02-12,SEYAIND.NS,0.0313272491901079,0.1384566543402739,-0.9741901744496864
394,394,2021-02-15,SEYAIND.NS,-0.0751399012033038,0.1280530350122057,-0.9741901744496864
395,395,2021-02-16,SEYAIND.NS,-0.049265316323146,0.1217444617361905,-0.9741901744496864
396,396,2021-02-17,SEYAIND.NS,-0.0354545593261719,0.1174280654949319,-0.9741901744496864
397,397,2021-02-18,SEYAIND.NS,0.035815297892626,0.1216337866415877,-0.9741901744496864
398,398,2021-02-19,SEYAIND.NS,-0.0054594946841726,0.1209697276300021,-0.9741901744496864
399,399,2021-02-22,SEYAIND.NS,-0.0347667241139816,0.1167640064833464,-0.9741901744496864
400,400,2021-02-23,SEYAIND.NS,-0.014218009478673,0.1151038547323983,-0.9741901744496864
401,401,2021-02-24,SEYAIND.NS,-0.0336538461538461,0.1112301673135195,-0.9741901744496864
402,402,2021-02-25,SEYAIND.NS,-0.0009950096927472,0.1111194922189167,-0.9741901744496864
403,403,2021-02-26,SEYAIND.NS,0.0099601592111753,0.112226260052882,-0.9741901744496864
404,404,2021-03-01,SEYAIND.NS,0.0069033228570862,0.1130009941590704,-0.9741901744496864
405,405,2021-03-02,SEYAIND.NS,0.0009794169991728,0.1131116692536732,-0.9741901744496864
406,406,2021-03-03,SEYAIND.NS,0.199608631458279,0.1356897347553605,-0.9741901744496864
407,407,2021-03-04,SEYAIND.NS,0.1998369325801101,0.1628055551314805,-0.9741901744496864
408,408,2021-03-05,SEYAIND.NS,-0.0829368572455802,0.1493029740467534,-0.9741901744496864
409,409,2021-03-08,SEYAIND.NS,-0.069681203274905,0.1388993631626537,-0.9741901744496864
410,410,2021-03-09,SEYAIND.NS,0.0151394543894733,0.1410022237359816,-0.9741901744496864
411,411,2021-03-10,SEYAIND.NS,-0.0109890228344661,0.1394527470796364,-0.9741901744496864
412,412,2021-03-12,SEYAIND.NS,-0.0222222464425224,0.136353793766946,-0.9741901744496864
413,413,2021-03-15,SEYAIND.NS,-0.0016233518928266,0.1361324435777403,-0.9741901744496864
414,414,2021-03-16,SEYAIND.NS,-0.0227642524533157,0.1330334902650499,-0.9741901744496864
415,415,2021-03-17,SEYAIND.NS,-0.0274542055419871,0.1293811614793453,-0.9741901744496864
416,416,2021-03-18,SEYAIND.NS,0.0359281171378975,0.1340295830044124,-0.9741901744496864
417,417,2021-03-19,SEYAIND.NS,-0.0264244177420532,0.1304879293133106,-0.9741901744496864
418,418,2021-03-22,SEYAIND.NS,-0.0161153647267923,0.1283850687399828,-0.9741901744496864
419,419,2021-03-23,SEYAIND.NS,-0.0379310476368871,0.1235152885817414,-0.9741901744496864
420,420,2021-03-24,SEYAIND.NS,-0.0304659639100922,0.1197522762574655,-0.9741901744496864
421,421,2021-03-25,SEYAIND.NS,-0.057301267311569,0.1128903190644676,-0.9741901744496864
422,422,2021-03-26,SEYAIND.NS,0.027451010311351,0.115989272377158,-0.9741901744496864
423,423,2021-03-30,SEYAIND.NS,-0.0181297850243434,0.1138864118038301,-0.9741901744496864
424,424,2021-03-31,SEYAIND.NS,-0.0291545185181121,0.110566108301934,-0.9741901744496864
425,425,2021-04-01,SEYAIND.NS,0.0320320009946468,0.1141077619930358,-0.9741901744496864
426,426,2021-04-05,SEYAIND.NS,-0.0077594125528923,0.1132223527922445,-0.9741901744496864
427,427,2021-04-06,SEYAIND.NS,0.0185727648074758,0.1153252049216039,-0.9741901744496864
428,428,2021-04-07,SEYAIND.NS,0.0009597515013874,0.1154358884601753,-0.9741901744496864
429,429,2021-04-08,SEYAIND.NS,0.006711379940179,0.1162106225663636,-0.9741901744496864
430,430,2021-04-09,SEYAIND.NS,-0.0066666376023065,0.1154358884601753,-0.9741901744496864
431,431,2021-04-12,SEYAIND.NS,-0.0441036046876521,0.1103447496687598,-0.9741901744496864
432,432,2021-04-13,SEYAIND.NS,0.0020060640296766,0.1105661083019339,-0.9741901744496864
433,433,2021-04-15,SEYAIND.NS,-0.0050050049285582,0.1100127243849513,-0.9741901744496864
434,434,2021-04-16,SEYAIND.NS,0.0050301810093014,0.1105661083019339,-0.9741901744496864
435,435,2021-04-19,SEYAIND.NS,0.0480480014919704,0.1158785888385866,-0.9741901744496864
436,436,2021-04-20,SEYAIND.NS,0.0487106614342767,0.1215231115469848,-0.9741901744496864
437,437,2021-04-22,SEYAIND.NS,0.0491802709143722,0.127499651095223,-0.9741901744496864
438,438,2021-04-23,SEYAIND.NS,0.0364583740355803,0.1321480810642586,-0.9741901744496864
439,439,2021-04-26,SEYAIND.NS,0.0058626209321317,0.132922815170447,-0.9741901744496864
440,440,2021-04-27,SEYAIND.NS,-0.0141548457105808,0.1310413132302933,-0.9741901744496864
441,441,2021-04-28,SEYAIND.NS,0.0135135004518676,0.1328121400758442,-0.9741901744496864
442,442,2021-04-29,SEYAIND.NS,-0.0108333587646485,0.1313733385141018,-0.9741901744496864
443,443,2021-04-30,SEYAIND.NS,-0.0202189886957693,0.1287171024677597,-0.9741901744496864
444,444,2021-05-03,SEYAIND.NS,-0.0060189557976639,0.1279423599176029,-0.9741901744496864
445,445,2021-05-04,SEYAIND.NS,-0.0458477118712918,0.1220764954639675,-0.9741901744496864
446,446,2021-05-05,SEYAIND.NS,-0.0172257613174076,0.1199736348906396,-0.9741901744496864
447,447,2021-05-06,SEYAIND.NS,0.0147601333173332,0.1217444617361905,-0.9741901744496864
448,448,2021-05-07,SEYAIND.NS,-0.0327272588556463,0.1177600992227088,-0.9741901744496864
449,449,2021-05-10,SEYAIND.NS,0.0178571569420211,0.1198629597960367,-0.9741901744496864
450,450,2021-05-11,SEYAIND.NS,0.0277008302443562,0.1231832632979328,-0.9741901744496864
451,451,2021-05-12,SEYAIND.NS,-0.0215633554364129,0.1205270188076223,-0.9741901744496864
452,452,2021-05-14,SEYAIND.NS,-0.0036731085424627,0.1200843099852424,-0.9741901744496864
453,453,2021-05-17,SEYAIND.NS,0.0082949449389762,0.121080402724605,-0.9741901744496864
454,454,2021-05-18,SEYAIND.NS,0.0118829561629918,0.1225191958423788,-0.9741901744496864
455,455,2021-05-19,SEYAIND.NS,0.0099368214439061,0.1237366472149155,-0.9741901744496864
456,456,2021-05-20,SEYAIND.NS,-0.0134168153761639,0.1220764954639675,-0.9741901744496864
457,457,2021-05-21,SEYAIND.NS,0.0308249664770083,0.125839499344275,-0.9741901744496864
458,458,2021-05-24,SEYAIND.NS,0.0299032684004965,0.1296025116685509,-0.9741901744496864
459,459,2021-05-25,SEYAIND.NS,0.0034158969350226,0.1300452204909307,-0.9741901744496864
460,460,2021-05-26,SEYAIND.NS,-0.0085106382978723,0.1289384526569654,-0.9741901744496864
461,461,2021-05-27,SEYAIND.NS,0.0,0.1289384526569654,-0.9741901744496864
462,462,2021-05-28,SEYAIND.NS,-0.0317596304570144,0.1248434150488809,-0.9741901744496864
463,463,2021-05-31,SEYAIND.NS,0.0097517592585203,0.1260608579774491,-0.9741901744496864
464,464,2021-06-01,SEYAIND.NS,-0.0368744909690142,0.1214124280084135,-0.9741901744496864
465,465,2021-06-02,SEYAIND.NS,0.0018231958359222,0.1216337866415876,-0.9741901744496864
466,466,2021-06-03,SEYAIND.NS,0.0309372291052998,0.1253967989658636,-0.9741901744496864
467,467,2021-06-04,SEYAIND.NS,0.0044130625466232,0.1259501828828463,-0.9741901744496864
468,468,2021-06-07,SEYAIND.NS,0.0263620379573765,0.1292704863847424,-0.9741901744496864
469,469,2021-06-08,SEYAIND.NS,0.0993149875140519,0.1421089831259785,-0.9741901744496864
470,470,2021-06-09,SEYAIND.NS,-0.0171339334331731,0.1396740972688421,-0.9741901744496864
471,471,2021-06-10,SEYAIND.NS,-0.0087163114161739,0.1384566543402739,-0.9741901744496864
472,472,2021-06-11,SEYAIND.NS,0.0751399012033038,0.1488602736683421,-0.9741901744496864
473,473,2021-06-14,SEYAIND.NS,0.0557620817843866,0.1571610324230823,-0.9741901744496864
474,474,2021-06-15,SEYAIND.NS,0.0028168584259462,0.1576037328014937,-0.9741901744496864
475,475,2021-06-16,SEYAIND.NS,-0.0407302531008882,0.1511844928748441,-0.9741901744496864
476,476,2021-06-17,SEYAIND.NS,-0.0080527529602161,0.1499670415023074,-0.9741901744496864
477,477,2021-06-18,SEYAIND.NS,-0.0435423903799584,0.1434371180370865,-0.9741901744496864
478,478,2021-06-21,SEYAIND.NS,0.0246913333143383,0.1469787717281883,-0.9741901744496864
479,479,2021-06-22,SEYAIND.NS,0.0060241192272112,0.1478641893729479,-0.9741901744496864
480,480,2021-06-23,SEYAIND.NS,-0.0089821268877896,0.14653605446184,-0.9741901744496864
481,481,2021-06-24,SEYAIND.NS,0.0022658841811757,0.146868088189617,-0.9741901744496864
482,482,2021-06-25,SEYAIND.NS,0.0195931135140094,0.1497456913131017,-0.9741901744496864
483,483,2021-06-28,SEYAIND.NS,-0.0125646482623645,0.1478641893729479,-0.9741901744496864
484,484,2021-06-29,SEYAIND.NS,-0.0052396120887066,0.1470894383788226,-0.9741901744496864
485,485,2021-06-30,SEYAIND.NS,-0.0346124232955908,0.1419983164753441,-0.9741901744496864
486,486,2021-07-01,SEYAIND.NS,-0.0514419793182164,0.1346936420159979,-0.9741901744496864
487,487,2021-07-02,SEYAIND.NS,0.0986031249047894,0.1479748560235823,-0.9741901744496864
488,488,2021-07-05,SEYAIND.NS,-0.0269258857658776,0.1439905019540692,-0.9741901744496864
489,489,2021-07-06,SEYAIND.NS,-0.0084550811061483,0.1427730505815325,-0.9741901744496864
490,490,2021-07-07,SEYAIND.NS,0.0387596899224806,0.1483068897513594,-0.9741901744496864
491,491,2021-07-08,SEYAIND.NS,-0.0328357753468983,0.1434371180370865,-0.9741901744496864
492,492,2021-07-09,SEYAIND.NS,-0.0069445147599342,0.1424410168537555,-0.9741901744496864
493,493,2021-07-12,SEYAIND.NS,0.0093239858329194,0.1437691348769266,-0.9741901744496864
494,494,2021-07-13,SEYAIND.NS,-0.0107774746902606,0.1422196666645498,-0.9741901744496864
495,495,2021-07-14,SEYAIND.NS,0.001556396484375,0.1424410168537555,-0.9741901744496864
496,496,2021-07-15,SEYAIND.NS,0.0062160300755838,0.1433264344985152,-0.9741901744496864
497,497,2021-07-16,SEYAIND.NS,0.0756756992413729,0.1541727626489632,-0.9741901744496864
498,498,2021-07-19,SEYAIND.NS,0.097630944341569,0.16922479505813,-0.9741901744496864
499,499,2021-07-20,SEYAIND.NS,0.0608240904054846,0.1795177392915953,-0.9741901744496864
500,500,2021-07-22,SEYAIND.NS,0.0271270606538758,0.1843875278938051,-0.9741901744496864
501,501,2021-07-23,SEYAIND.NS,-0.0498199444638716,0.1752013514943051,-0.9741901744496864
502,502,2021-07-26,SEYAIND.NS,-0.0486417991143347,0.1666792425503592,-0.9741901744496864
503,503,2021-07-27,SEYAIND.NS,-0.0265604238903588,0.1622521712144977,-0.9741901744496864
504,504,2021-07-28,SEYAIND.NS,0.0218280819578045,0.1657938249055995,-0.9741901744496864
505,505,2021-07-29,SEYAIND.NS,-0.0186916087764722,0.1626948715929091,-0.9741901744496864
506,506,2021-07-30,SEYAIND.NS,-0.009523768003295,0.1611454033805323,-0.9741901744496864
507,507,2021-08-02,SEYAIND.NS,-0.0247253156085458,0.1571610324230822,-0.9741901744496864
508,508,2021-08-03,SEYAIND.NS,0.0197183313504072,0.1602599857357727,-0.9741901744496864
509,509,2021-08-04,SEYAIND.NS,-0.0497237347824405,0.1522912607088094,-0.9741901744496864
510,510,2021-08-05,SEYAIND.NS,-0.0181686038452589,0.149524341123896,-0.9741901744496864
511,511,2021-08-06,SEYAIND.NS,-0.0347891339355679,0.1443225187939092,-0.9741901744496864
512,512,2021-08-09,SEYAIND.NS,0.033742403076846,0.149192307396119,-0.9741901744496864
513,513,2021-08-10,SEYAIND.NS,-0.0467359266256015,0.1422196666645498,-0.9741901744496864
514,514,2021-08-11,SEYAIND.NS,-0.0070039029251276,0.1412235739251873,-0.9741901744496864
515,515,2021-08-12,SEYAIND.NS,0.0493730054678722,0.148196206212788,-0.9741901744496864
516,516,2021-08-13,SEYAIND.NS,0.0,0.148196206212788,-0.9741901744496864
517,517,2021-08-16,SEYAIND.NS,-0.0418221889468928,0.1419983164753441,-0.9741901744496864
518,518,2021-08-17,SEYAIND.NS,0.0210444028372545,0.1449865862494632,-0.9741901744496864
519,519,2021-08-18,SEYAIND.NS,-0.0488549734799916,0.1379032704232911,-0.9741901744496864
520,520,2021-08-20,SEYAIND.NS,-0.0473515377057113,0.1313733385141017,-0.9741901744496864
521,521,2021-08-23,SEYAIND.NS,-0.0488626417142393,0.1249540901434837,-0.9741901744496864
522,522,2021-08-24,SEYAIND.NS,0.0159432719046568,0.1269462671782402,-0.9741901744496864
523,523,2021-08-25,SEYAIND.NS,0.0008718928175801,0.1270569507168116,-0.9741901744496864
524,524,2021-08-26,SEYAIND.NS,-0.0426829389862448,0.1216337866415876,-0.9741901744496864
525,525,2021-08-27,SEYAIND.NS,0.0482256173683057,0.1274996510952229,-0.9741901744496864
526,526,2021-08-30,SEYAIND.NS,0.0347222231420469,0.1319267224310844,-0.9741901744496864
527,527,2021-08-31,SEYAIND.NS,-0.0352348746289469,0.1272783009060172,-0.9741901744496864
528,528,2021-09-01,SEYAIND.NS,0.0243478526239808,0.1303772542187076,-0.9741901744496864
529,529,2021-09-02,SEYAIND.NS,0.0016977669190239,0.1305986044079133,-0.9741901744496864
530,530,2021-09-03,SEYAIND.NS,-0.0101694656630694,0.1292704863847422,-0.9741901744496864
531,531,2021-09-06,SEYAIND.NS,-0.0171232872238344,0.1270569507168115,-0.9741901744496864
532,532,2021-09-07,SEYAIND.NS,-0.0304878040675836,0.1231832632979327,-0.9741901744496864
533,533,2021-09-08,SEYAIND.NS,0.0161724651662968,0.1251754403326893,-0.9741901744496864
534,534,2021-09-09,SEYAIND.NS,0.0035367067309945,0.1256181491550692,-0.9741901744496864
535,535,2021-09-13,SEYAIND.NS,-0.0317180482301417,0.1216337866415875,-0.9741901744496864
536,536,2021-09-14,SEYAIND.NS,-0.0009099042104885,0.1215231115469847,-0.9741901744496864
537,537,2021-09-15,SEYAIND.NS,0.0,0.1215231115469847,-0.9741901744496864
538,538,2021-09-16,SEYAIND.NS,-0.0009108023746456,0.1214124280084134,-0.9741901744496864
539,539,2021-09-17,SEYAIND.NS,-0.0337283231647479,0.1173173904003289,-0.9741901744496864
540,540,2021-09-20,SEYAIND.NS,-0.0066037447947375,0.1165426562941405,-0.9741901744496864
541,541,2021-09-21,SEYAIND.NS,-0.0075973696920463,0.1156572386493809,-0.9741901744496864
542,542,2021-09-22,SEYAIND.NS,0.0497607363468151,0.1214124280084134,-0.9741901744496864
543,543,2021-09-23,SEYAIND.NS,0.0492251748049428,0.1273889760006201,-0.9741901744496864
544,544,2021-09-24,SEYAIND.NS,-0.0443092835945412,0.1217444617361904,-0.9741901744496864
545,545,2021-09-27,SEYAIND.NS,-0.0227272727272727,0.118977542151277,-0.9741901744496864
546,546,2021-09-28,SEYAIND.NS,-0.0139534883720929,0.1173173904003289,-0.9741901744496864
547,547,2021-09-29,SEYAIND.NS,0.0141509433962263,0.118977542151277,-0.9741901744496864
548,548,2021-09-30,SEYAIND.NS,0.0,0.118977542151277,-0.9741901744496864
549,549,2021-10-01,SEYAIND.NS,-0.0037209444267805,0.1185348333288971,-0.9741901744496864
550,550,2021-10-04,SEYAIND.NS,0.0130719098583105,0.1200843099852423,-0.9741901744496864
551,551,2021-10-05,SEYAIND.NS,0.0092165898617511,0.1211910778192077,-0.9741901744496864
552,552,2021-10-06,SEYAIND.NS,0.0054794381198273,0.1218551368307932,-0.9741901744496864
553,553,2021-10-07,SEYAIND.NS,0.0081744008932975,0.1228512295701558,-0.9741901744496864
554,554,2021-10-08,SEYAIND.NS,0.0090090090090089,0.1239579974041211,-0.9741901744496864
555,555,2021-10-11,SEYAIND.NS,0.0098214149475097,0.1251754403326893,-0.9741901744496864
556,556,2021-10-12,SEYAIND.NS,-0.0114942125543948,0.1237366472149154,-0.9741901744496864
557,557,2021-10-13,SEYAIND.NS,0.0196779685884596,0.1261715330720518,-0.9741901744496864
558,558,2021-10-14,SEYAIND.NS,-0.0052631445098341,0.1255074740604663,-0.9741901744496864
559,559,2021-10-18,SEYAIND.NS,-0.0326279058893341,0.1214124280084133,-0.9741901744496864
560,560,2021-10-19,SEYAIND.NS,0.0929809011977387,0.1327014649812412,-0.9741901744496864
561,561,2021-10-20,SEYAIND.NS,0.0250208503905022,0.1360217684831373,-0.9741901744496864
562,562,2021-10-21,SEYAIND.NS,0.020341741000496,0.1387886880680507,-0.9741901744496864
563,563,2021-10-22,SEYAIND.NS,-0.0430622126010461,0.132812140075844,-0.9741901744496864
564,564,2021-10-25,SEYAIND.NS,-0.0491666793823242,0.1262822081666547,-0.9741901744496864
565,565,2021-10-26,SEYAIND.NS,-0.0008764108278561,0.1261715330720519,-0.9741901744496864
566,566,2021-10-27,SEYAIND.NS,-0.0140350743343955,0.124400706226501,-0.9741901744496864
567,567,2021-10-28,SEYAIND.NS,-0.0222419925806175,0.1216337866415875,-0.9741901744496864
568,568,2021-10-29,SEYAIND.NS,0.0072793031051494,0.1225191958423787,-0.9741901744496864
569,569,2021-11-01,SEYAIND.NS,-0.0099367525243508,0.1213017529138105,-0.9741901744496864
570,570,2021-11-02,SEYAIND.NS,-0.0109488774174164,0.1199736348906395,-0.9741901744496864
571,571,2021-11-03,SEYAIND.NS,0.0046125460605332,0.1205270188076222,-0.9741901744496864
572,572,2021-11-04,SEYAIND.NS,0.0275482089803926,0.1238473223095183,-0.9741901744496864
573,573,2021-11-08,SEYAIND.NS,0.0437891104473817,0.1292704863847422,-0.9741901744496864
574,574,2021-11-09,SEYAIND.NS,0.0017123025943206,0.1294918365739479,-0.9741901744496864
575,575,2021-11-10,SEYAIND.NS,-0.0256410256410256,0.1261715330720518,-0.9741901744496864
576,576,2021-11-11,SEYAIND.NS,-0.0201754653662967,0.1236259636763441,-0.9741901744496864
577,577,2021-11-12,SEYAIND.NS,0.0035810343492155,0.1240686724987239,-0.9741901744496864
578,578,2021-11-15,SEYAIND.NS,-0.0410347773125352,0.1189775421512769,-0.9741901744496864
579,579,2021-11-16,SEYAIND.NS,0.0102325439453125,0.1201949850798451,-0.9741901744496864
580,580,2021-11-17,SEYAIND.NS,0.05248623073411,0.1265035667998288,-0.9741901744496864
581,581,2021-11-18,SEYAIND.NS,-0.001749821279936,0.1262822081666547,-0.9741901744496864
582,582,2021-11-22,SEYAIND.NS,-0.0429447992235537,0.1208590440914307,-0.9741901744496864
583,583,2021-11-23,SEYAIND.NS,0.0119047901839592,0.122297845653173,-0.9741901744496864
584,584,2021-11-24,SEYAIND.NS,-0.0027149597444147,0.121965811925396,-0.9741901744496864
585,585,2021-11-25,SEYAIND.NS,0.0072595560246118,0.1228512295701557,-0.9741901744496864
586,586,2021-11-26,SEYAIND.NS,-0.0225225225225225,0.1200843099852423,-0.9741901744496864
587,587,2021-11-29,SEYAIND.NS,-0.0488479543940814,0.1142184370876384,-0.9741901744496864
588,588,2021-11-30,SEYAIND.NS,0.0261628358282883,0.117206715305726,-0.9741901744496864
589,589,2021-12-01,SEYAIND.NS,0.002832817922953,0.1175387405895345,-0.9741901744496864
590,590,2021-12-02,SEYAIND.NS,0.007532985637916,0.1184241582342942,-0.9741901744496864
591,591,2021-12-03,SEYAIND.NS,0.016822458427643,0.1204163437130192,-0.9741901744496864
592,592,2021-12-06,SEYAIND.NS,-0.003676484509735,0.1199736348906394,-0.9741901744496864
593,593,2021-12-07,SEYAIND.NS,0.0332103175594664,0.123957997404121,-0.9741901744496864
594,594,2021-12-08,SEYAIND.NS,0.0232142720903669,0.1268355920836373,-0.9741901744496864
595,595,2021-12-09,SEYAIND.NS,-0.025305423773926,0.123625963676344,-0.9741901744496864
596,596,2021-12-10,SEYAIND.NS,-0.0017904830233329,0.1234046134871384,-0.9741901744496864
597,597,2021-12-13,SEYAIND.NS,-0.0026906103296665,0.1230725797593614,-0.9741901744496864
598,598,2021-12-14,SEYAIND.NS,-0.006294936757669,0.122297845653173,-0.9741901744496864
599,599,2021-12-15,SEYAIND.NS,0.0371040585893311,0.1268355920836373,-0.9741901744496864
600,600,2021-12-16,SEYAIND.NS,0.0261780108197597,0.1301558955855334,-0.9741901744496864
601,601,2021-12-17,SEYAIND.NS,-0.0136054293782426,0.1283850687399826,-0.9741901744496864
602,602,2021-12-20,SEYAIND.NS,-0.0793103185193292,0.1182028080450885,-0.9741901744496864
603,603,2021-12-21,SEYAIND.NS,0.0299625173858038,0.1217444617361903,-0.9741901744496864
604,604,2021-12-22,SEYAIND.NS,0.0045454545454546,0.122297845653173,-0.9741901744496864
605,605,2021-12-23,SEYAIND.NS,0.0633484162895927,0.1300452204909306,-0.9741901744496864
606,606,2021-12-24,SEYAIND.NS,0.0034042683053523,0.1304879293133105,-0.9741901744496864
607,607,2021-12-27,SEYAIND.NS,-0.0110263192106274,0.1290491277515681,-0.9741901744496864
608,608,2021-12-28,SEYAIND.NS,0.0068610897275043,0.1299345453963278,-0.9741901744496864
609,609,2021-12-29,SEYAIND.NS,-0.0093696632012275,0.1287171024677596,-0.9741901744496864
610,610,2021-12-30,SEYAIND.NS,0.0154771743347437,0.1307092795025162,-0.9741901744496864
611,611,2021-12-31,SEYAIND.NS,0.0491109494216357,0.1371285363171027,-0.9741901744496864
612,612,2022-01-03,SEYAIND.NS,-0.0371267023201795,0.1320374059696557,-0.9741901744496864
613,613,2022-01-04,SEYAIND.NS,-0.0251466883760134,0.1287171024677596,-0.9741901744496864
614,614,2022-01-05,SEYAIND.NS,0.0137575101645444,0.1304879293133105,-0.9741901744496864
615,615,2022-01-06,SEYAIND.NS,-0.0016963916458714,0.1302665706801363,-0.9741901744496864
616,616,2022-01-07,SEYAIND.NS,-0.0093457816707064,0.1290491277515681,-0.9741901744496864
617,617,2022-01-10,SEYAIND.NS,0.0060034698696165,0.129823870301725,-0.9741901744496864
618,618,2022-01-11,SEYAIND.NS,0.0903665660557904,0.1415556076529641,-0.9741901744496864
619,619,2022-01-12,SEYAIND.NS,-0.0117279122916702,0.1398954559020161,-0.9741901744496864
620,620,2022-01-13,SEYAIND.NS,-0.0174050992965083,0.1374605616009112,-0.9741901744496864
621,621,2022-01-14,SEYAIND.NS,-0.0048309057074382,0.1367965025893257,-0.9741901744496864
622,622,2022-01-17,SEYAIND.NS,0.0040453074933062,0.1373498865063084,-0.9741901744496864
623,623,2022-01-18,SEYAIND.NS,0.0080580178267168,0.1384566543402738,-0.9741901744496864
624,624,2022-01-19,SEYAIND.NS,-0.0255795122883567,0.134915000649172,-0.9741901744496864
625,625,2022-01-20,SEYAIND.NS,-0.0180476173100758,0.1324801063480671,-0.9741901744496864
626,626,2022-01-21,SEYAIND.NS,-0.0066833370322405,0.1315946971472759,-0.9741901744496864
627,627,2022-01-24,SEYAIND.NS,-0.0496215428945537,0.1250647652380865,-0.9741901744496864
628,628,2022-01-25,SEYAIND.NS,-0.041592893347276,0.1198629597960367,-0.9741901744496864
629,629,2022-01-27,SEYAIND.NS,0.0083101927158233,0.1208590440914307,-0.9741901744496864
630,630,2022-01-28,SEYAIND.NS,0.0119047901839592,0.1222978456531731,-0.9741901744496864
631,631,2022-01-31,SEYAIND.NS,-0.0117647335000707,0.1208590440914307,-0.9741901744496864
632,632,2022-02-01,SEYAIND.NS,0.0045787547067146,0.1214124280084134,-0.9741901744496864
633,633,2022-02-02,SEYAIND.NS,-0.0091157705361816,0.120305660174448,-0.9741901744496864
634,634,2022-02-03,SEYAIND.NS,0.0045998161364997,0.1208590440914307,-0.9741901744496864
635,635,2022-02-04,SEYAIND.NS,0.0,0.1208590440914307,-0.9741901744496864
636,636,2022-02-07,SEYAIND.NS,-0.0293040021764733,0.1173173904003289,-0.9741901744496864
637,637,2022-02-08,SEYAIND.NS,-0.0245282874917084,0.1144397957208126,-0.9741901744496864
638,638,2022-02-09,SEYAIND.NS,-0.0338491290942971,0.1105661083019339,-0.9741901744496864
639,639,2022-02-10,SEYAIND.NS,-0.0140140290740259,0.1090166316455887,-0.9741901744496864
640,640,2022-02-11,SEYAIND.NS,-0.0152284263959391,0.1073564798946406,-0.9741901744496864
641,641,2022-02-14,SEYAIND.NS,-0.049484567543895,0.1020439909140194,-0.9741901744496864
642,642,2022-02-15,SEYAIND.NS,-0.0498915252318648,0.0969528605665725,-0.9741901744496864
643,643,2022-02-16,SEYAIND.NS,-0.00684929776909,0.0962888015549869,-0.9741901744496864
644,644,2022-02-17,SEYAIND.NS,0.0379310695604346,0.09994113878466,-0.9741901744496864
645,645,2022-02-18,SEYAIND.NS,0.0033222083302846,0.1002731640684686,-0.9741901744496864
646,646,2022-02-21,SEYAIND.NS,-0.0121412637157526,0.0990557211399004,-0.9741901744496864
647,647,2022-02-22,SEYAIND.NS,-0.036871542477741,0.0954033839102273,-0.9741901744496864
648,648,2022-02-23,SEYAIND.NS,-0.0023201502937669,0.0951820337210216,-0.9741901744496864
649,649,2022-02-24,SEYAIND.NS,-0.0476744008618731,0.0906442872905573,-0.9741901744496864
650,650,2022-02-25,SEYAIND.NS,0.0439560245060992,0.0946286498040389,-0.9741901744496864
651,651,2022-02-28,SEYAIND.NS,0.0479531985277321,0.0991663962345032,-0.9741901744496864
652,652,2022-03-02,SEYAIND.NS,0.0491071607233313,0.1040361763927446,-0.9741901744496864
653,653,2022-03-03,SEYAIND.NS,-0.0010638135544797,0.1039255012981417,-0.9741901744496864
654,654,2022-03-04,SEYAIND.NS,-0.0362087483560036,0.1001624889738658,-0.9741901744496864
655,655,2022-03-07,SEYAIND.NS,-0.037569077634021,0.0963994766495898,-0.9741901744496864
656,656,2022-03-08,SEYAIND.NS,0.0045924401020254,0.0968421854719697,-0.9741901744496864
657,657,2022-03-09,SEYAIND.NS,0.0251428222656249,0.0992770713291061,-0.9741901744496864
658,658,2022-03-10,SEYAIND.NS,0.0033445157409641,0.0996091050568831,-0.9741901744496864
659,659,2022-03-11,SEYAIND.NS,-0.0211111280653212,0.0975062444835552,-0.9741901744496864
660,660,2022-03-14,SEYAIND.NS,-0.0011350564796033,0.0973955693889523,-0.9741901744496864
661,661,2022-03-15,SEYAIND.NS,0.0011363462968305,0.0975062444835552,-0.9741901744496864
662,662,2022-03-16,SEYAIND.NS,-0.0465380084578032,0.0929684980530909,-0.9741901744496864
663,663,2022-03-17,SEYAIND.NS,0.0,0.0929684980530909,-0.9741901744496864
664,664,2022-03-21,SEYAIND.NS,-0.0119047619047618,0.0918617302191255,-0.9741901744496864
665,665,2022-03-22,SEYAIND.NS,-0.0168674882636012,0.0903122535627803,-0.9741901744496864
666,666,2022-03-23,SEYAIND.NS,-0.0294117839553644,0.0876560090724697,-0.9741901744496864
667,667,2022-03-24,SEYAIND.NS,0.0025253104210021,0.0878773677056439,-0.9741901744496864
668,668,2022-03-25,SEYAIND.NS,-0.0075566557001328,0.0872133086940584,-0.9741901744496864
669,669,2022-03-28,SEYAIND.NS,-0.0253807096769571,0.0849997730261276,-0.9741901744496864
670,670,2022-03-29,SEYAIND.NS,-0.0494792044369696,0.0807940518794718,-0.9741901744496864
671,671,2022-03-30,SEYAIND.NS,-0.0356164174537135,0.0779164571999556,-0.9741901744496864
672,672,2022-03-31,SEYAIND.NS,0.0028408656805023,0.0781378073891613,-0.9741901744496864
673,673,2022-04-01,SEYAIND.NS,0.0481586628804984,0.0819008197134372,-0.9741901744496864
674,674,2022-04-04,SEYAIND.NS,0.0013513307313661,0.08201149480804,-0.9741901744496864
675,675,2022-04-05,SEYAIND.NS,0.0499325864214277,0.086106540860093,-0.9741901744496864
676,676,2022-04-06,SEYAIND.NS,0.0462724721453562,0.0900909033735746,-0.9741901744496864
677,677,2022-04-07,SEYAIND.NS,-0.013513494514756,0.0888734604450064,-0.9741901744496864
678,678,2022-04-08,SEYAIND.NS,0.0448318597422803,0.092857822958488,-0.9741901744496864
679,679,2022-04-11,SEYAIND.NS,-0.0226460249263863,0.0907549623851601,-0.9741901744496864
680,680,2022-04-12,SEYAIND.NS,-0.0182926829268292,0.0890948106342121,-0.9741901744496864
681,681,2022-04-13,SEYAIND.NS,0.0,0.0890948106342121,-0.9741901744496864
682,682,2022-04-18,SEYAIND.NS,-0.0149067943881017,0.087766692611041,-0.9741901744496864
683,683,2022-04-19,SEYAIND.NS,-0.0037831404818736,0.087434658883264,-0.9741901744496864
684,684,2022-04-20,SEYAIND.NS,-0.0151898347878758,0.086106540860093,-0.9741901744496864
685,685,2022-04-21,SEYAIND.NS,0.0257069398656637,0.0883200765280237,-0.9741901744496864
686,686,2022-04-22,SEYAIND.NS,0.0025062273257367,0.0885414267172294,-0.9741901744496864
687,687,2022-04-25,SEYAIND.NS,-0.0399999618530273,0.0849997730261276,-0.9741901744496864
688,688,2022-04-26,SEYAIND.NS,-0.0078125791624158,0.0843357055705736,-0.9741901744496864
689,689,2022-04-27,SEYAIND.NS,-0.022309672130261,0.0824542036304199,-0.9741901744496864
690,690,2022-04-28,SEYAIND.NS,-0.0187919667903209,0.0809047269740747,-0.9741901744496864
691,691,2022-04-29,SEYAIND.NS,-0.0437756089608545,0.0773630732829729,-0.9741901744496864
692,692,2022-05-02,SEYAIND.NS,-0.0486409363613551,0.0736000609586969,-0.9741901744496864
693,693,2022-05-04,SEYAIND.NS,-0.019548918071546,0.0721612593969546,-0.9741901744496864
694,694,2022-05-05,SEYAIND.NS,0.0,0.0721612593969546,-0.9741901744496864
695,695,2022-05-06,SEYAIND.NS,-0.0322085670615619,0.069837048634421,-0.9741901744496864
696,696,2022-05-09,SEYAIND.NS,-0.004754346185659,0.0695050191286282,-0.9741901744496864
697,697,2022-05-10,SEYAIND.NS,-0.0493630336271037,0.0660740405321293,-0.9741901744496864
698,698,2022-05-11,SEYAIND.NS,-0.0251256278196091,0.0644138887811812,-0.9741901744496864
699,699,2022-05-12,SEYAIND.NS,0.0085910651794764,0.0649672726981639,-0.9741901744496864
700,700,2022-05-13,SEYAIND.NS,0.0494037082366201,0.0681768968834729,-0.9741901744496864
701,701,2022-05-16,SEYAIND.NS,-0.0454545341951079,0.0650779477927668,-0.9741901744496864
702,702,2022-05-17,SEYAIND.NS,0.0187075221614123,0.0662953949433192,-0.9741901744496864
703,703,2022-05-18,SEYAIND.NS,0.0,0.0662953949433192,-0.9741901744496864
704,704,2022-05-19,SEYAIND.NS,-0.0317195572200117,0.0641925343699913,-0.9741901744496864
705,705,2022-05-20,SEYAIND.NS,0.0327586469979122,0.0662953949433192,-0.9741901744496864
706,706,2022-05-23,SEYAIND.NS,-0.0217028884581274,0.0648565933815768,-0.9741901744496864
707,707,2022-05-24,SEYAIND.NS,-0.0392491347602381,0.0623110282078533,-0.9741901744496864
708,708,2022-05-25,SEYAIND.NS,-0.0213144010515287,0.060982905962698,-0.9741901744496864
709,709,2022-05-26,SEYAIND.NS,-0.0254083076216269,0.059433433528337,-0.9741901744496864
710,710,2022-05-27,SEYAIND.NS,-0.0074488178807429,0.0589907247059572,-0.9741901744496864
711,711,2022-05-30,SEYAIND.NS,0.01313322275721,0.0597654630341298,-0.9741901744496864
712,712,2022-05-31,SEYAIND.NS,-0.0425925784640841,0.0572198978604063,-0.9741901744496864
713,713,2022-06-01,SEYAIND.NS,0.0019342064341474,0.0573305729550092,-0.9741901744496864
714,714,2022-06-02,SEYAIND.NS,0.0038610186464316,0.0575519273661991,-0.9741901744496864
715,715,2022-06-03,SEYAIND.NS,0.0173077216515173,0.0585480201055616,-0.9741901744496864
716,716,2022-06-06,SEYAIND.NS,0.0056710629188505,0.0588800496113544,-0.9741901744496864
717,717,2022-06-07,SEYAIND.NS,-0.016917321672406,0.0578839568719919,-0.9741901744496864
718,718,2022-06-08,SEYAIND.NS,-0.0210324759114266,0.0566665139434236,-0.9741901744496864
719,719,2022-06-09,SEYAIND.NS,0.0156249848660083,0.0575519273661991,-0.9741901744496864
720,720,2022-06-10,SEYAIND.NS,-0.0019230475792517,0.0574412522715962,-0.9741901744496864
721,721,2022-06-13,SEYAIND.NS,-0.0423892234731914,0.0550063621924756,-0.9741901744496864
722,722,2022-06-14,SEYAIND.NS,-0.0100603620186027,0.0544529782754929,-0.9741901744496864
723,723,2022-06-15,SEYAIND.NS,-0.0243902590311211,0.0531248560303376,-0.9741901744496864
724,724,2022-06-16,SEYAIND.NS,-0.0083333651224771,0.0526821472079578,-0.9741901744496864
725,725,2022-06-17,SEYAIND.NS,-0.0126050103645969,0.0520180881963722,-0.9741901744496864
726,726,2022-06-20,SEYAIND.NS,-0.0234042228536403,0.050800645267804,-0.9741901744496864
727,727,2022-06-21,SEYAIND.NS,0.023965107571966,0.0520180881963722,-0.9741901744496864
728,728,2022-06-22,SEYAIND.NS,-0.0234042228536403,0.050800645267804,-0.9741901744496864
729,729,2022-06-23,SEYAIND.NS,0.0021786159214987,0.0509113203624069,-0.9741901744496864
730,730,2022-06-24,SEYAIND.NS,0.0,0.0509113203624069,-0.9741901744496864
731,731,2022-06-27,SEYAIND.NS,0.0,0.0509113203624069,-0.9741901744496864
732,732,2022-06-28,SEYAIND.NS,0.0,0.0509113203624069,-0.9741901744496864
733,733,2022-06-29,SEYAIND.NS,0.0,0.0509113203624069,-0.9741901744496864
734,734,2022-06-30,SEYAIND.NS,-0.0152174078899878,0.0501365820342343,-0.9741901744496864
735,735,2022-07-01,SEYAIND.NS,-0.0066224998258967,0.0498045525284415,-0.9741901744496864
736,736,2022-07-04,SEYAIND.NS,0.0333333333333334,0.0514647042793895,-0.9741901744496864
737,737,2022-07-05,SEYAIND.NS,-0.0172042846679687,0.0505792908566141,-0.9741901744496864
738,738,2022-07-06,SEYAIND.NS,0.0021881503818748,0.050689965951217,-0.9741901744496864
739,739,2022-07-07,SEYAIND.NS,0.0043668289578835,0.0509113203624069,-0.9741901744496864
740,740,2022-07-08,SEYAIND.NS,-0.0021738798721976,0.050800645267804,-0.9741901744496864
741,741,2022-07-11,SEYAIND.NS,0.0,0.050800645267804,-0.9741901744496864
742,742,2022-07-12,SEYAIND.NS,0.0021786159214987,0.0509113203624069,-0.9741901744496864
743,743,2022-07-13,SEYAIND.NS,0.0021738798721977,0.0510219954570097,-0.9741901744496864
744,744,2022-07-14,SEYAIND.NS,-0.0021691643694354,0.0509113203624069,-0.9741901744496864
745,745,2022-07-15,SEYAIND.NS,0.0043478426725969,0.0511326747735968,-0.9741901744496864
746,746,2022-07-18,SEYAIND.NS,0.0497835324475914,0.0536782399473203,-0.9741901744496864
747,747,2022-07-19,SEYAIND.NS,0.049484567543895,0.0563344844376309,-0.9741901744496864
748,748,2022-07-20,SEYAIND.NS,0.0491159120835966,0.0591014040225443,-0.9741901744496864
749,749,2022-07-21,SEYAIND.NS,0.0486891086110001,0.0619789987020606,-0.9741901744496864
750,750,2022-07-22,SEYAIND.NS,0.0499999863760813,0.0650779477927668,-0.9741901744496864
751,751,2022-07-25,SEYAIND.NS,0.0493197544814094,0.06828757620006,-0.9741901744496864
752,752,2022-07-26,SEYAIND.NS,0.0,0.06828757620006,-0.9741901744496864
753,753,2022-07-27,SEYAIND.NS,0.0,0.06828757620006,-0.9741901744496864
754,754,2022-07-28,SEYAIND.NS,0.0,0.06828757620006,-0.9741901744496864
755,755,2022-07-29,SEYAIND.NS,0.0,0.06828757620006,-0.9741901744496864
756,756,2022-08-01,SEYAIND.NS,-0.0486223656872621,0.0649672726981639,-0.9741901744496864
757,757,2022-08-02,SEYAIND.NS,0.0,0.0649672726981639,-0.9741901744496864
758,758,2022-08-03,SEYAIND.NS,0.0,0.0649672726981639,-0.9741901744496864
759,759,2022-08-04,SEYAIND.NS,0.0,0.0649672726981639,-0.9741901744496864
760,760,2022-08-05,SEYAIND.NS,0.0,0.0649672726981639,-0.9741901744496864
761,761,2022-08-08,SEYAIND.NS,-0.0494037732229438,0.0617576442908706,-0.9741901744496864
762,762,2022-08-10,SEYAIND.NS,0.0,0.0617576442908706,-0.9741901744496864
763,763,2022-08-11,SEYAIND.NS,0.0,0.0617576442908706,-0.9741901744496864
764,764,2022-08-12,SEYAIND.NS,0.0,0.0617576442908706,-0.9741901744496864
765,765,2022-08-16,SEYAIND.NS,-0.0483871111085286,0.0587693702947673,-0.9741901744496864
766,766,2022-08-17,SEYAIND.NS,0.0,0.0587693702947673,-0.9741901744496864
767,767,2022-08-18,SEYAIND.NS,0.0,0.0587693702947673,-0.9741901744496864
768,768,2022-08-19,SEYAIND.NS,0.0,0.0587693702947673,-0.9741901744496864
769,769,2022-08-22,SEYAIND.NS,-0.0489641911268271,0.055891775615251,-0.9741901744496864
770,770,2022-08-23,SEYAIND.NS,0.0,0.055891775615251,-0.9741901744496864
771,771,2022-08-24,SEYAIND.NS,0.0,0.055891775615251,-0.9741901744496864
772,772,2022-08-25,SEYAIND.NS,0.0,0.055891775615251,-0.9741901744496864
773,773,2022-08-26,SEYAIND.NS,0.0,0.055891775615251,-0.9741901744496864
774,774,2022-08-29,SEYAIND.NS,-0.0495049504950495,0.0531248560303376,-0.9741901744496864
775,775,2022-08-30,SEYAIND.NS,0.0,0.0531248560303376,-0.9741901744496864
776,776,2022-09-01,SEYAIND.NS,0.0500000317891438,0.0557811005206482,-0.9741901744496864
777,777,2022-09-02,SEYAIND.NS,0.0496031731014199,0.0585480201055616,-0.9741901744496864
778,778,2022-09-05,SEYAIND.NS,0.0491493081120075,0.0614256147850778,-0.9741901744496864
779,779,2022-09-06,SEYAIND.NS,0.0486486623953055,0.0644138887811812,-0.9741901744496864
780,780,2022-09-07,SEYAIND.NS,0.0498281387141887,0.0676235129664902,-0.9741901744496864
781,781,2022-09-08,SEYAIND.NS,0.0490998375600721,0.0709438164683863,-0.9741901744496864
782,782,2022-09-09,SEYAIND.NS,0.0,0.0709438164683863,-0.9741901744496864
783,783,2022-09-12,SEYAIND.NS,0.0343214450859139,0.0733787107694912,-0.9741901744496864
784,784,2022-09-13,SEYAIND.NS,0.0,0.0733787107694912,-0.9741901744496864
785,785,2022-09-14,SEYAIND.NS,0.0,0.0733787107694912,-0.9741901744496864
786,786,2022-09-15,SEYAIND.NS,0.0,0.0733787107694912,-0.9741901744496864
787,787,2022-09-16,SEYAIND.NS,0.0,0.0733787107694912,-0.9741901744496864
788,788,2022-09-19,SEYAIND.NS,-0.0286576385885781,0.0712758501961633,-0.9741901744496864
789,789,2022-09-20,SEYAIND.NS,0.0,0.0712758501961633,-0.9741901744496864
790,790,2022-09-21,SEYAIND.NS,0.0,0.0712758501961633,-0.9741901744496864
791,791,2022-09-22,SEYAIND.NS,0.0,0.0712758501961633,-0.9741901744496864
792,792,2022-09-23,SEYAIND.NS,0.0,0.0712758501961633,-0.9741901744496864
793,793,2022-09-26,SEYAIND.NS,-0.0496894516633441,0.0677341922830773,-0.9741901744496864
794,794,2022-09-27,SEYAIND.NS,0.0,0.0677341922830773,-0.9741901744496864
795,795,2022-09-28,SEYAIND.NS,0.0,0.0677341922830773,-0.9741901744496864
796,796,2022-09-29,SEYAIND.NS,0.0,0.0677341922830773,-0.9741901744496864
797,797,2022-09-30,SEYAIND.NS,0.0,0.0677341922830773,-0.9741901744496864
798,798,2022-10-03,SEYAIND.NS,-0.0490196072320425,0.0644138887811812,-0.9741901744496864
799,799,2022-10-04,SEYAIND.NS,0.0,0.0644138887811812,-0.9741901744496864
800,800,2022-10-06,SEYAIND.NS,0.0,0.0644138887811812,-0.9741901744496864
801,801,2022-10-07,SEYAIND.NS,0.0,0.0644138887811812,-0.9741901744496864
802,802,2022-10-10,SEYAIND.NS,-0.0395188867166671,0.0618683236074577,-0.9741901744496864
803,803,2022-10-11,SEYAIND.NS,0.0,0.0618683236074577,-0.9741901744496864
804,804,2022-10-12,SEYAIND.NS,0.0,0.0618683236074577,-0.9741901744496864
805,805,2022-10-13,SEYAIND.NS,0.0,0.0618683236074577,-0.9741901744496864
806,806,2022-10-14,SEYAIND.NS,0.0,0.0618683236074577,-0.9741901744496864
807,807,2022-10-17,SEYAIND.NS,-0.0483005490024806,0.0588800496113544,-0.9741901744496864
808,808,2022-10-18,SEYAIND.NS,0.0,0.0588800496113544,-0.9741901744496864
809,809,2022-10-19,SEYAIND.NS,0.0,0.0588800496113544,-0.9741901744496864
810,810,2022-10-20,SEYAIND.NS,0.0,0.0588800496113544,-0.9741901744496864
811,811,2022-10-21,SEYAIND.NS,0.0,0.0588800496113544,-0.9741901744496864
812,812,2022-10-24,SEYAIND.NS,-0.0432330677457957,0.0563344844376309,-0.9741901744496864
813,813,2022-10-25,SEYAIND.NS,0.0,0.0563344844376309,-0.9741901744496864
814,814,2022-10-27,SEYAIND.NS,0.0,0.0563344844376309,-0.9741901744496864
815,815,2022-10-28,SEYAIND.NS,0.0,0.0563344844376309,-0.9741901744496864
816,816,2022-10-31,SEYAIND.NS,0.0058938944610447,0.0566665139434236,-0.9741901744496864
817,817,2022-11-01,SEYAIND.NS,0.0488281242724042,0.059433433528337,-0.9741901744496864
818,818,2022-11-02,SEYAIND.NS,0.0484171031132549,0.0623110282078533,-0.9741901744496864
819,819,2022-11-03,SEYAIND.NS,0.0497335572824906,0.0654099772985595,-0.9741901744496864
820,820,2022-11-04,SEYAIND.NS,0.0490694010279673,0.0686196057058528,-0.9741901744496864
821,821,2022-11-07,SEYAIND.NS,0.0467742181593371,0.071829234113146,-0.9741901744496864
822,822,2022-11-09,SEYAIND.NS,0.0493065773960912,0.0753708878042478,-0.9741901744496864
823,823,2022-11-10,SEYAIND.NS,0.0,0.0753708878042478,-0.9741901744496864
824,824,2022-11-11,SEYAIND.NS,0.0,0.0753708878042478,-0.9741901744496864
825,825,2022-11-14,SEYAIND.NS,-0.0499266020860624,0.0716078754799719,-0.9741901744496864
826,826,2022-11-15,SEYAIND.NS,0.0,0.0716078754799719,-0.9741901744496864
827,827,2022-11-16,SEYAIND.NS,0.0,0.0716078754799719,-0.9741901744496864
828,828,2022-11-17,SEYAIND.NS,0.0,0.0716078754799719,-0.9741901744496864
829,829,2022-11-18,SEYAIND.NS,0.0,0.0716078754799719,-0.9741901744496864
830,830,2022-11-21,SEYAIND.NS,-0.0494589968961216,0.0680662217888701,-0.9741901744496864
831,831,2022-11-22,SEYAIND.NS,0.0,0.0680662217888701,-0.9741901744496864
832,832,2022-11-23,SEYAIND.NS,0.0,0.0680662217888701,-0.9741901744496864
833,833,2022-11-24,SEYAIND.NS,0.0,0.0680662217888701,-0.9741901744496864
834,834,2022-11-25,SEYAIND.NS,0.0,0.0680662217888701,-0.9741901744496864
835,835,2022-11-28,SEYAIND.NS,-0.048780487804878,0.064745918286974,-0.9741901744496864
836,836,2022-11-29,SEYAIND.NS,0.0,0.064745918286974,-0.9741901744496864
837,837,2022-11-30,SEYAIND.NS,0.0,0.064745918286974,-0.9741901744496864
838,838,2022-12-01,SEYAIND.NS,0.0,0.064745918286974,-0.9741901744496864
839,839,2022-12-02,SEYAIND.NS,0.0,0.064745918286974,-0.9741901744496864
840,840,2022-12-05,SEYAIND.NS,-0.0495726756560497,0.0615362898796807,-0.9741901744496864
841,841,2022-12-06,SEYAIND.NS,0.0,0.0615362898796807,-0.9741901744496864
842,842,2022-12-07,SEYAIND.NS,0.0,0.0615362898796807,-0.9741901744496864
843,843,2022-12-08,SEYAIND.NS,0.0,0.0615362898796807,-0.9741901744496864
844,844,2022-12-09,SEYAIND.NS,0.0,0.0615362898796807,-0.9741901744496864
845,845,2022-12-12,SEYAIND.NS,-0.0485610975241104,0.0585480201055616,-0.9741901744496864
846,846,2022-12-13,SEYAIND.NS,0.0,0.0585480201055616,-0.9741901744496864
847,847,2022-12-14,SEYAIND.NS,0.0,0.0585480201055616,-0.9741901744496864
848,848,2022-12-15,SEYAIND.NS,0.0,0.0585480201055616,-0.9741901744496864
849,849,2022-12-16,SEYAIND.NS,0.0,0.0585480201055616,-0.9741901744496864
850,850,2022-12-19,SEYAIND.NS,0.0491493081120075,0.0614256147850778,-0.9741901744496864
851,851,2022-12-20,SEYAIND.NS,0.0,0.0614256147850778,-0.9741901744496864
852,852,2022-12-21,SEYAIND.NS,0.0,0.0614256147850778,-0.9741901744496864
853,853,2022-12-22,SEYAIND.NS,0.0,0.0614256147850778,-0.9741901744496864
854,854,2022-12-23,SEYAIND.NS,0.0,0.0614256147850778,-0.9741901744496864
855,855,2022-12-26,SEYAIND.NS,-0.0486486623953051,0.0584373407889745,-0.9741901744496864
856,856,2022-12-27,SEYAIND.NS,0.0,0.0584373407889745,-0.9741901744496864
857,857,2022-12-28,SEYAIND.NS,0.0,0.0584373407889745,-0.9741901744496864
858,858,2022-12-29,SEYAIND.NS,0.0,0.0584373407889745,-0.9741901744496864
859,859,2022-12-30,SEYAIND.NS,0.0,0.0584373407889745,-0.9741901744496864
860,860,2023-01-02,SEYAIND.NS,0.049242468302791,0.061314939690475,-0.9741901744496864
861,861,2023-01-03,SEYAIND.NS,0.0487364056656378,0.0643032094645941,-0.9741901744496864
862,862,2023-01-04,SEYAIND.NS,0.0499139690540719,0.0675128378718874,-0.9741901744496864
863,863,2023-01-05,SEYAIND.NS,0.0491803278688525,0.0708331413737835,-0.9741901744496864
864,864,2023-01-06,SEYAIND.NS,0.048437476158142,0.0742641199702824,-0.9741901744496864
865,865,2023-01-09,SEYAIND.NS,-0.022354694994196,0.0726039682193344,-0.9741901744496864
866,866,2023-01-10,SEYAIND.NS,0.0,0.0726039682193344,-0.9741901744496864
867,867,2023-01-11,SEYAIND.NS,0.0,0.0726039682193344,-0.9741901744496864
868,868,2023-01-12,SEYAIND.NS,0.0,0.0726039682193344,-0.9741901744496864
869,869,2023-01-13,SEYAIND.NS,0.0,0.0726039682193344,-0.9741901744496864
870,870,2023-01-16,SEYAIND.NS,-0.0487804424188298,0.0690623145282326,-0.9741901744496864
871,871,2023-01-17,SEYAIND.NS,0.0,0.0690623145282326,-0.9741901744496864
872,872,2023-01-18,SEYAIND.NS,0.0,0.0690623145282326,-0.9741901744496864
873,873,2023-01-19,SEYAIND.NS,0.0,0.0690623145282326,-0.9741901744496864
874,874,2023-01-20,SEYAIND.NS,0.0,0.0690623145282326,-0.9741901744496864
875,875,2023-01-23,SEYAIND.NS,-0.0496795226444456,0.0656313317097494,-0.9741901744496864
876,876,2023-01-24,SEYAIND.NS,0.0,0.0656313317097494,-0.9741901744496864
877,877,2023-01-25,SEYAIND.NS,0.0,0.0656313317097494,-0.9741901744496864
878,878,2023-01-27,SEYAIND.NS,0.0,0.0656313317097494,-0.9741901744496864
879,879,2023-01-30,SEYAIND.NS,-0.0489038406153848,0.0624217075244404,-0.9741901744496864
880,880,2023-01-31,SEYAIND.NS,0.0,0.0624217075244404,-0.9741901744496864
881,881,2023-02-01,SEYAIND.NS,0.0,0.0624217075244404,-0.9741901744496864
882,882,2023-02-02,SEYAIND.NS,0.0,0.0624217075244404,-0.9741901744496864
883,883,2023-02-03,SEYAIND.NS,0.0,0.0624217075244404,-0.9741901744496864
884,884,2023-02-06,SEYAIND.NS,0.0336879017691134,0.064524563875784,-0.9741901744496864
885,885,2023-02-07,SEYAIND.NS,0.0,0.064524563875784,-0.9741901744496864
886,886,2023-02-08,SEYAIND.NS,0.0,0.064524563875784,-0.9741901744496864
887,887,2023-02-09,SEYAIND.NS,0.0,0.064524563875784,-0.9741901744496864
888,888,2023-02-10,SEYAIND.NS,0.0,0.064524563875784,-0.9741901744496864
889,889,2023-02-13,SEYAIND.NS,-0.0497426715117033,0.061314939690475,-0.9741901744496864
890,890,2023-02-14,SEYAIND.NS,0.0,0.061314939690475,-0.9741901744496864
891,891,2023-02-15,SEYAIND.NS,0.0,0.061314939690475,-0.9741901744496864
892,892,2023-02-16,SEYAIND.NS,0.0,0.061314939690475,-0.9741901744496864
893,893,2023-02-17,SEYAIND.NS,0.0,0.061314939690475,-0.9741901744496864
894,894,2023-02-20,SEYAIND.NS,-0.0487364745229872,0.0583266656943717,-0.9741901744496864
895,895,2023-02-21,SEYAIND.NS,0.0,0.0583266656943717,-0.9741901744496864
896,896,2023-02-22,SEYAIND.NS,0.0,0.0583266656943717,-0.9741901744496864
897,897,2023-02-23,SEYAIND.NS,0.0,0.0583266656943717,-0.9741901744496864
898,898,2023-02-24,SEYAIND.NS,0.0,0.0583266656943717,-0.9741901744496864
899,899,2023-02-27,SEYAIND.NS,-0.0493359060944601,0.0554490667928712,-0.9741901744496864
900,900,2023-02-28,SEYAIND.NS,0.0,0.0554490667928712,-0.9741901744496864
901,901,2023-03-01,SEYAIND.NS,0.049900201120592,0.0582159863777846,-0.9741901744496864
902,902,2023-03-02,SEYAIND.NS,0.0266159993629599,0.0597654630341298,-0.9741901744496864
903,903,2023-03-03,SEYAIND.NS,-0.0203703421133535,0.0585480201055616,-0.9741901744496864
904,904,2023-03-06,SEYAIND.NS,-0.0075614652994522,0.0581053112831817,-0.9741901744496864
905,905,2023-03-08,SEYAIND.NS,-0.0095238095238094,0.0575519273661991,-0.9741901744496864
906,906,2023-03-09,SEYAIND.NS,0.0019230475792517,0.0576626024608019,-0.9741901744496864
907,907,2023-03-10,SEYAIND.NS,0.0345490039246718,0.0596547879395269,-0.9741901744496864
908,908,2023-03-13,SEYAIND.NS,-0.0408163395298453,0.0572198978604063,-0.9741901744496864
909,909,2023-03-14,SEYAIND.NS,0.0483558987061387,0.0599868174453197,-0.9741901744496864
910,910,2023-03-15,SEYAIND.NS,0.0332103175594664,0.0619789987020605,-0.9741901744496864
911,911,2023-03-16,SEYAIND.NS,0.0071428843906946,0.0624217075244403,-0.9741901744496864
912,912,2023-03-17,SEYAIND.NS,0.0070921578077993,0.062864412124836,-0.9741901744496864
913,913,2023-03-20,SEYAIND.NS,0.0123239572595399,0.0636391504530086,-0.9741901744496864
914,914,2023-03-21,SEYAIND.NS,-0.0156522004500679,0.062643057713646,-0.9741901744496864
915,915,2023-03-22,SEYAIND.NS,-0.0247349425604976,0.0610935852792851,-0.9741901744496864
916,916,2023-03-23,SEYAIND.NS,0.0090579708892992,0.0616469691962677,-0.9741901744496864
917,917,2023-03-24,SEYAIND.NS,-0.0502692854346162,0.0585480201055616,-0.9741901744496864
918,918,2023-03-27,SEYAIND.NS,-0.0491493802234846,0.0556704212040611,-0.9741901744496864
919,919,2023-03-28,SEYAIND.NS,-0.0497017900182794,0.0529035016191477,-0.9741901744496864
920,920,2023-03-29,SEYAIND.NS,-0.0502091579390837,0.0502472613508213,-0.9741901744496864
921,921,2023-03-31,SEYAIND.NS,-0.0484581649559066,0.0478123712717007,-0.9741901744496864
922,922,2023-04-03,SEYAIND.NS,-0.0486111632345135,0.0454881562871829,-0.9741901744496864
923,923,2023-04-05,SEYAIND.NS,-0.0486618022932364,0.0432746206192521,-0.9741901744496864
924,924,2023-04-06,SEYAIND.NS,-0.0485932937424328,0.0411717642679085,-0.9741901744496864
925,925,2023-04-10,SEYAIND.NS,-0.0483870752726919,0.0391795830111676,-0.9741901744496864
926,926,2023-04-11,SEYAIND.NS,-0.0112994776451206,0.0387368741887878,-0.9741901744496864
927,927,2023-04-12,SEYAIND.NS,-0.0457142421177455,0.0369660473432369,-0.9741901744496864
928,928,2023-04-13,SEYAIND.NS,-0.0479042579557564,0.0351952162757018,-0.9741901744496864
929,929,2023-04-17,SEYAIND.NS,0.0157232708174812,0.0357486001926845,-0.9741901744496864
930,930,2023-04-18,SEYAIND.NS,0.0185759226932094,0.0364126634262542,-0.9741901744496864
931,931,2023-04-19,SEYAIND.NS,0.0182370348417504,0.0370767224378398,-0.9741901744496864
932,932,2023-04-20,SEYAIND.NS,0.01791040221257,0.0377407814494253,-0.9741901744496864
933,933,2023-04-21,SEYAIND.NS,0.017595375826005,0.038404844682995,-0.9741901744496864
934,934,2023-04-24,SEYAIND.NS,0.0172910219287922,0.0390689036945806,-0.9741901744496864
935,935,2023-04-25,SEYAIND.NS,0.0198300503702146,0.0398436420227532,-0.9741901744496864
936,936,2023-04-26,SEYAIND.NS,0.019444465637207,0.0406183803509258,-0.9741901744496864
937,937,2023-04-27,SEYAIND.NS,0.0190735898743177,0.0413931186790984,-0.9741901744496864
938,938,2023-04-28,SEYAIND.NS,0.018716495178692,0.0421678527852868,-0.9741901744496864
939,939,2023-05-02,SEYAIND.NS,0.0183727241725464,0.0429425911134594,-0.9741901744496864
940,940,2023-05-03,SEYAIND.NS,0.0180412571315418,0.043717329441632,-0.9741901744496864
941,941,2023-05-04,SEYAIND.NS,0.0177215383022646,0.0444920677698046,-0.9741901744496864
942,942,2023-05-05,SEYAIND.NS,0.0199004781561613,0.04537748119258,-0.9741901744496864
943,943,2023-05-08,SEYAIND.NS,0.0195121765136723,0.0462628946153555,-0.9741901744496864
944,944,2023-05-09,SEYAIND.NS,0.0191387380780438,0.0471483080381309,-0.9741901744496864
945,945,2023-05-10,SEYAIND.NS,0.0187794150331672,0.0480337256828906,-0.9741901744496864
946,946,2023-05-11,SEYAIND.NS,0.0184331614961699,0.048919139105666,-0.9741901744496864
947,947,2023-05-12,SEYAIND.NS,0.0180995299378212,0.0498045525284415,-0.9741901744496864
948,948,2023-05-15,SEYAIND.NS,0.02000003390842,0.050800645267804,-0.9741901744496864
949,949,2023-05-16,SEYAIND.NS,0.0196077926200988,0.0517967337851823,-0.9741901744496864
950,950,2023-05-17,SEYAIND.NS,0.0192308021485219,0.0527928265245448,-0.9741901744496864
951,951,2023-05-18,SEYAIND.NS,0.0188678762429055,0.0537889150419231,-0.9741901744496864
952,952,2023-05-19,SEYAIND.NS,0.0185185504966249,0.0547850077812856,-0.9741901744496864
953,953,2023-05-22,SEYAIND.NS,0.0181818490076546,0.0557811005206481,-0.9741901744496864
954,954,2023-05-23,SEYAIND.NS,0.019841269240568,0.0568878683546135,-0.9741901744496864
955,955,2023-05-24,SEYAIND.NS,0.0194552523407323,0.0579946361885789,-0.9741901744496864
956,956,2023-05-25,SEYAIND.NS,0.0190839689099269,0.0591014040225442,-0.9741901744496864
957,957,2023-05-26,SEYAIND.NS,0.0187265912251963,0.0602081718565096,-0.9741901744496864
958,958,2023-05-29,SEYAIND.NS,0.0183823524255652,0.061314939690475,-0.9741901744496864
959,959,2023-05-30,SEYAIND.NS,-0.019855636435398,0.0600974925399225,-0.9741901744496864
960,960,2023-05-31,SEYAIND.NS,-0.0202577990713919,0.0588800496113543,-0.9741901744496864
961,961,2023-06-01,SEYAIND.NS,-0.018796992211636,0.0577732817773889,-0.9741901744496864
962,962,2023-06-02,SEYAIND.NS,-0.0191570878426111,0.0566665139434236,-0.9741901744496864
963,963,2023-06-05,SEYAIND.NS,-0.0195312497089616,0.0555597461094582,-0.9741901744496864
964,964,2023-06-06,SEYAIND.NS,-0.0199203184223506,0.0544529782754928,-0.9741901744496864
965,965,2023-06-07,SEYAIND.NS,0.0487804405277463,0.0571092185438192,-0.9741901744496864
966,966,2023-06-08,SEYAIND.NS,0.015503935570057,0.0579946361885789,-0.9741901744496864
967,967,2023-06-09,SEYAIND.NS,-0.0057252489126292,0.0576626024608019,-0.9741901744496864
968,968,2023-06-12,SEYAIND.NS,-0.0479846463189781,0.0548956828758885,-0.9741901744496864
969,969,2023-06-13,SEYAIND.NS,-0.002016098330593,0.0547850077812856,-0.9741901744496864
970,970,2023-06-14,SEYAIND.NS,-0.01010101010101,0.0542316238643029,-0.9741901744496864
971,971,2023-06-15,SEYAIND.NS,0.0,0.0542316238643029,-0.9741901744496864
972,972,2023-06-16,SEYAIND.NS,-0.0040816482232538,0.054010269453113,-0.9741901744496864
973,973,2023-06-19,SEYAIND.NS,-0.0450819835519321,0.0515753793739924,-0.9741901744496864
974,974,2023-06-20,SEYAIND.NS,0.0150214760914253,0.052350117702165,-0.9741901744496864
975,975,2023-06-21,SEYAIND.NS,0.0,0.052350117702165,-0.9741901744496864
976,976,2023-06-22,SEYAIND.NS,-0.0190274360612777,0.0513540291847867,-0.9741901744496864
977,977,2023-06-23,SEYAIND.NS,0.0,0.0513540291847867,-0.9741901744496864
978,978,2023-06-26,SEYAIND.NS,-0.0172414445139968,0.050468611540027,-0.9741901744496864
979,979,2023-06-27,SEYAIND.NS,0.0482456323806241,0.0529035016191477,-0.9741901744496864
980,980,2023-06-28,SEYAIND.NS,-0.0083681530871558,0.052460797018752,-0.9741901744496864
981,981,2023-06-30,SEYAIND.NS,0.004219344763797,0.0526821472079577,-0.9741901744496864
982,982,2023-07-03,SEYAIND.NS,-0.0084033135294974,0.0522394426075621,-0.9741901744496864
983,983,2023-07-04,SEYAIND.NS,0.0338982722088725,0.054010269453113,-0.9741901744496864
984,984,2023-07-05,SEYAIND.NS,0.026639329044769,0.0554490667928712,-0.9741901744496864
985,985,2023-07-06,SEYAIND.NS,0.0339321519903357,0.0573305729550091,-0.9741901744496864
986,986,2023-07-07,SEYAIND.NS,0.0193050195893544,0.0584373407889745,-0.9741901744496864
987,987,2023-07-10,SEYAIND.NS,0.0454545750105677,0.0610935852792851,-0.9741901744496864
988,988,2023-07-11,SEYAIND.NS,0.0489130566235824,0.0640818592753884,-0.9741901744496864
989,989,2023-07-12,SEYAIND.NS,0.0034541786350867,0.0643032094645941,-0.9741901744496864
990,990,2023-07-13,SEYAIND.NS,-0.0240963467805463,0.0627537370302331,-0.9741901744496864
991,991,2023-07-14,SEYAIND.NS,0.0,0.0627537370302331,-0.9741901744496864
992,992,2023-07-17,SEYAIND.NS,-0.0194003928398065,0.0615362898796807,-0.9741901744496864
993,993,2023-07-18,SEYAIND.NS,0.0,0.0615362898796807,-0.9741901744496864
994,994,2023-07-19,SEYAIND.NS,0.0,0.0615362898796807,-0.9741901744496864
995,995,2023-07-20,SEYAIND.NS,0.0,0.0615362898796807,-0.9741901744496864
996,996,2023-07-21,SEYAIND.NS,0.0,0.0615362898796807,-0.9741901744496864
997,997,2023-07-24,SEYAIND.NS,-0.0197841457609586,0.0603188469511125,-0.9741901744496864
998,998,2023-07-25,SEYAIND.NS,-0.0201834582407539,0.0591014040225443,-0.9741901744496864
999,999,2023-07-26,SEYAIND.NS,-0.0187265912251964,0.0579946361885789,-0.9741901744496864
1000,1000,2023-07-27,SEYAIND.NS,-0.019083968909927,0.0568878683546135,-0.9741901744496864
1001,1001,2023-07-28,SEYAIND.NS,-0.0194552523407323,0.0557811005206482,-0.9741901744496864
1002,1002,2023-07-31,SEYAIND.NS,-0.0198412692405679,0.0546743326866828,-0.9741901744496864
1003,1003,2023-08-01,SEYAIND.NS,-0.0202429143544891,0.0535675648527174,-0.9741901744496864
1004,1004,2023-08-02,SEYAIND.NS,-0.0082644940757911,0.0531248560303376,-0.9741901744496864
1005,1005,2023-08-03,SEYAIND.NS,-0.0166666507720947,0.0522394426075621,-0.9741901744496864
1006,1006,2023-08-04,SEYAIND.NS,-0.0190678286299003,0.0512433498681996,-0.9741901744496864
1007,1007,2023-08-07,SEYAIND.NS,-0.0194383958101937,0.0502472613508213,-0.9741901744496864
1008,1008,2023-08-08,SEYAIND.NS,0.0198237374654852,0.0512433498681996,-0.9741901744496864
1009,1009,2023-08-09,SEYAIND.NS,-0.0064794652700648,0.0509113203624069,-0.9741901744496864
1010,1010,2023-08-10,SEYAIND.NS,0.0195652505625849,0.0519074131017694,-0.9741901744496864
1011,1011,2023-08-11,SEYAIND.NS,-0.0085288169054363,0.0514647042793895,-0.9741901744496864
1012,1012,2023-08-14,SEYAIND.NS,0.0021505048198084,0.0515753793739924,-0.9741901744496864
1013,1013,2023-08-16,SEYAIND.NS,-0.0171673661642887,0.050689965951217,-0.9741901744496864
1014,1014,2023-08-17,SEYAIND.NS,0.0043668289578835,0.0509113203624069,-0.9741901744496864
1015,1015,2023-08-18,SEYAIND.NS,-0.0195652505625849,0.0499152276230443,-0.9741901744496864
1016,1016,2023-08-21,SEYAIND.NS,0.0177384274683924,0.050800645267804,-0.9741901744496864
1017,1017,2023-08-22,SEYAIND.NS,-0.0392157514579373,0.048808459789079,-0.9741901744496864
1018,1018,2023-08-23,SEYAIND.NS,-0.0045350783483484,0.0485871095998733,-0.9741901744496864
1019,1019,2023-08-24,SEYAIND.NS,-0.0501139108535693,0.0461522195207526,-0.9741901744496864
1020,1020,2023-08-25,SEYAIND.NS,0.0071942261767814,0.0464842490265454,-0.9741901744496864
1021,1021,2023-08-28,SEYAIND.NS,0.042857124691918,0.0484764302832862,-0.9741901744496864
1022,1022,2023-08-29,SEYAIND.NS,0.0479452585707231,0.050800645267804,-0.9741901744496864
1023,1023,2023-08-30,SEYAIND.NS,0.047930215143932,0.0532355311249404,-0.9741901744496864
1024,1024,2023-08-31,SEYAIND.NS,0.0498960832019601,0.055891775615251,-0.9741901744496864
1025,1025,2023-09-01,SEYAIND.NS,0.0079208222946318,0.0563344844376308,-0.9741901744496864
1026,1026,2023-09-04,SEYAIND.NS,-0.0196463648334386,0.0552277166036655,-0.9741901744496864
1027,1027,2023-09-05,SEYAIND.NS,-0.0200400795475202,0.0541209487697001,-0.9741901744496864
1028,1028,2023-09-06,SEYAIND.NS,-0.0102249485561956,0.0535675648527174,-0.9741901744496864
1029,1029,2023-09-07,SEYAIND.NS,-0.014462825224606,0.0527928265245448,-0.9741901744496864
1030,1030,2023-09-08,SEYAIND.NS,-0.0020964840087813,0.0526821472079577,-0.9741901744496864
1031,1031,2023-09-11,SEYAIND.NS,-0.0189075155468954,0.0516860586905794,-0.9741901744496864
1032,1032,2023-09-12,SEYAIND.NS,-0.0149893094540367,0.0509113203624068,-0.9741901744496864
1033,1033,2023-09-13,SEYAIND.NS,-0.0021738798721976,0.050800645267804,-0.9741901744496864
1034,1034,2023-09-14,SEYAIND.NS,-0.0021786990303684,0.0506899659512169,-0.9741901744496864
1035,1035,2023-09-15,SEYAIND.NS,-0.004366828957884,0.050468611540027,-0.9741901744496864
1036,1036,2023-09-18,SEYAIND.NS,0.0,0.050468611540027,-0.9741901744496864
1037,1037,2023-09-20,SEYAIND.NS,0.0197368762279603,0.0514647042793895,-0.9741901744496864
1038,1038,2023-09-21,SEYAIND.NS,-0.0193548715242775,0.050468611540027,-0.9741901744496864
1039,1039,2023-09-22,SEYAIND.NS,-0.0197367925723157,0.0494725230226487,-0.9741901744496864
1040,1040,2023-09-25,SEYAIND.NS,-0.020134261980261,0.0484764302832862,-0.9741901744496864
1041,1041,2023-09-26,SEYAIND.NS,-0.0136985955381805,0.0478123712717007,-0.9741901744496864
1042,1042,2023-09-27,SEYAIND.NS,0.0,0.0478123712717007,-0.9741901744496864
1043,1043,2023-09-28,SEYAIND.NS,-0.0185185005308345,0.0469269578489252,-0.9741901744496864
1044,1044,2023-09-29,SEYAIND.NS,-0.0188679958247059,0.0460415402041655,-0.9741901744496864
1045,1045,2023-10-03,SEYAIND.NS,0.0,0.0460415402041655,-0.9741901744496864
1046,1046,2023-10-04,SEYAIND.NS,-0.0192307515962579,0.0451561267813901,-0.9741901744496864
1047,1047,2023-10-05,SEYAIND.NS,-0.0196078248044152,0.0442707133586147,-0.9741901744496864
1048,1048,2023-10-06,SEYAIND.NS,0.0199999809265141,0.0451561267813901,-0.9741901744496864
1049,1049,2023-10-09,SEYAIND.NS,0.0490196087597791,0.0473696624493209,-0.9741901744496864
1050,1050,2023-10-10,SEYAIND.NS,0.0303738144914464,0.048808459789079,-0.9741901744496864
1051,1051,2023-10-11,SEYAIND.NS,-0.0022675391741742,0.0486977846944761,-0.9741901744496864
1052,1052,2023-10-12,SEYAIND.NS,-0.0113636363636363,0.0481444007774934,-0.9741901744496864
1053,1053,2023-10-13,SEYAIND.NS,0.0482758269912895,0.050468611540027,-0.9741901744496864
1054,1054,2023-10-16,SEYAIND.NS,0.0482456323806241,0.0529035016191477,-0.9741901744496864
1055,1055,2023-10-17,SEYAIND.NS,0.0481171396186401,0.0554490667928712,-0.9741901744496864
1056,1056,2023-10-18,SEYAIND.NS,0.049900201120592,0.0582159863777846,-0.9741901744496864
1057,1057,2023-10-19,SEYAIND.NS,0.0494297027422452,0.0610935852792851,-0.9741901744496864
1058,1058,2023-10-20,SEYAIND.NS,0.0199275083137251,0.0623110282078533,-0.9741901744496864
1059,1059,2023-10-23,SEYAIND.NS,0.0035524114680234,0.0625323826190432,-0.9741901744496864
1060,1060,2023-10-25,SEYAIND.NS,-0.0176991150442478,0.0614256147850779,-0.9741901744496864
1061,1061,2023-10-26,SEYAIND.NS,-0.0198197923265062,0.0602081718565096,-0.9741901744496864
1062,1062,2023-10-27,SEYAIND.NS,0.0183823524255652,0.061314939690475,-0.9741901744496864
1063,1063,2023-10-30,SEYAIND.NS,-0.0036101219752859,0.0610935852792851,-0.9741901744496864
1064,1064,2023-10-31,SEYAIND.NS,-0.0163043752434717,0.0600974925399226,-0.9741901744496864
1065,1065,2023-11-01,SEYAIND.NS,0.0147329511657621,0.060982905962698,-0.9741901744496864
1066,1066,2023-11-02,SEYAIND.NS,0.0072595560246118,0.0614256147850779,-0.9741901744496864
1067,1067,2023-11-03,SEYAIND.NS,-0.0198197923265062,0.0602081718565096,-0.9741901744496864
1068,1068,2023-11-06,SEYAIND.NS,-0.0202206297419873,0.0589907247059572,-0.9741901744496864
1069,1069,2023-11-07,SEYAIND.NS,-0.0187617263473557,0.0578839568719918,-0.9741901744496864
1070,1070,2023-11-08,SEYAIND.NS,-0.0191204591699378,0.0567771890380265,-0.9741901744496864
1071,1071,2023-11-09,SEYAIND.NS,-0.0194931776778189,0.0556704212040611,-0.9741901744496864
1072,1072,2023-11-10,SEYAIND.NS,-0.0198807160073117,0.0545636533700957,-0.9741901744496864
1073,1073,2023-11-13,SEYAIND.NS,-0.0385395079226159,0.0524607970187521,-0.9741901744496864
1074,1074,2023-11-15,SEYAIND.NS,-0.0168777009705587,0.0515753793739924,-0.9741901744496864
1075,1075,2023-11-16,SEYAIND.NS,-0.021459228170476,0.050468611540027,-0.9741901744496864
1076,1076,2023-11-17,SEYAIND.NS,-0.0197367925723157,0.0494725230226487,-0.9741901744496864
1077,1077,2023-11-20,SEYAIND.NS,-0.020134261980261,0.0484764302832862,-0.9741901744496864
1078,1078,2023-11-21,SEYAIND.NS,-0.0182648230820894,0.0475910168605107,-0.9741901744496864
1079,1079,2023-11-22,SEYAIND.NS,-0.0186046334200127,0.0467056034377353,-0.9741901744496864
1080,1080,2023-11-23,SEYAIND.NS,-0.0189573275496979,0.0458201900149599,-0.9741901744496864
1081,1081,2023-11-24,SEYAIND.NS,-0.0193237444993265,0.0449347723702002,-0.9741901744496864
1082,1082,2023-11-28,SEYAIND.NS,-0.0443349582440962,0.0429425911134594,-0.9741901744496864
1083,1083,2023-11-29,SEYAIND.NS,-0.0386597945746155,0.0412824393625113,-0.9741901744496864
1084,1084,2023-11-30,SEYAIND.NS,0.0482573531870769,0.0432746206192521,-0.9741901744496864
1085,1085,2023-12-01,SEYAIND.NS,0.0485933913050264,0.04537748119258,-0.9741901744496864
1086,1086,2023-12-04,SEYAIND.NS,0.0414634332424257,0.047258987354718,-0.9741901744496864
1087,1087,2023-12-05,SEYAIND.NS,-0.0093677170663206,0.0468162785323382,-0.9741901744496864
1088,1088,2023-12-06,SEYAIND.NS,0.0496454450755274,0.049140493516856,-0.9741901744496864
1089,1089,2023-12-07,SEYAIND.NS,0.0495494791134163,0.0515753793739924,-0.9741901744496864
1090,1090,2023-12-08,SEYAIND.NS,0.019313338097612,0.0525714721133549,-0.9741901744496864
1091,1091,2023-12-11,SEYAIND.NS,0.0189474005448191,0.0535675648527174,-0.9741901744496864
1092,1092,2023-12-12,SEYAIND.NS,-0.0185950722625015,0.0525714721133549,-0.9741901744496864
1093,1093,2023-12-13,SEYAIND.NS,-0.018947400544819,0.0515753793739924,-0.9741901744496864
1094,1094,2023-12-14,SEYAIND.NS,-0.019313256237153,0.0505792908566141,-0.9741901744496864
1095,1095,2023-12-15,SEYAIND.NS,0.0,0.0505792908566141,-0.9741901744496864
1096,1096,2023-12-18,SEYAIND.NS,-0.0196936873272166,0.0495831981172516,-0.9741901744496864
1097,1097,2023-12-19,SEYAIND.NS,-0.0178571261313497,0.0486977846944761,-0.9741901744496864
1098,1098,2023-12-20,SEYAIND.NS,-0.0181818008422851,0.0478123712717007,-0.9741901744496864
1099,1099,2023-12-21,SEYAIND.NS,-0.0185185005308345,0.0469269578489252,-0.9741901744496864
1100,1100,2023-12-22,SEYAIND.NS,-0.0188679958247059,0.0460415402041656,-0.9741901744496864
1101,1101,2023-12-26,SEYAIND.NS,0.0168269420340225,0.0468162785323382,-0.9741901744496864
1102,1102,2023-12-27,SEYAIND.NS,-0.0118203311824632,0.0462628946153555,-0.9741901744496864
1103,1103,2023-12-28,SEYAIND.NS,-0.0191387380780444,0.04537748119258,-0.9741901744496864
1104,1104,2023-12-29,SEYAIND.NS,-0.0048780673887668,0.0451561267813901,-0.9741901744496864
1105,1105,2024-01-01,SEYAIND.NS,0.0196078248044146,0.0460415402041656,-0.9741901744496864
1106,1106,2024-01-02,SEYAIND.NS,0.004807710823929,0.0462628946153555,-0.9741901744496864
1107,1107,2024-01-03,SEYAIND.NS,-0.0143540307433579,0.0455988356037699,-0.9741901744496864
1108,1108,2024-01-04,SEYAIND.NS,0.019417456850636,0.0464842490265454,-0.9741901744496864
1109,1109,2024-01-05,SEYAIND.NS,0.0190476008823943,0.0473696624493209,-0.9741901744496864
1110,1110,2024-01-08,SEYAIND.NS,0.0186915712925483,0.0482550758720963,-0.9741901744496864
1111,1111,2024-01-09,SEYAIND.NS,0.0183486944898096,0.049140493516856,-0.9741901744496864
1112,1112,2024-01-10,SEYAIND.NS,0.0180180002154788,0.0500259069396314,-0.9741901744496864
1113,1113,2024-01-11,SEYAIND.NS,0.0199114534511151,0.0510219954570097,-0.9741901744496864
1114,1114,2024-01-12,SEYAIND.NS,0.0195228103181854,0.0520180881963722,-0.9741901744496864
1115,1115,2024-01-15,SEYAIND.NS,0.0489361539800119,0.0545636533700957,-0.9741901744496864
1116,1116,2024-01-16,SEYAIND.NS,0.0486815732864094,0.0572198978604063,-0.9741901744496864
1117,1117,2024-01-17,SEYAIND.NS,0.0270792590042903,0.0587693702947673,-0.9741901744496864
1118,1118,2024-01-18,SEYAIND.NS,-0.0169491099254976,0.057773281777389,-0.9741901744496864
1119,1119,2024-01-19,SEYAIND.NS,0.032567063948137,0.059654787939527,-0.9741901744496864
1120,1120,2024-01-23,SEYAIND.NS,0.0834879382673008,0.0646352431923711,-0.9741901744496864
1121,1121,2024-01-24,SEYAIND.NS,0.0256849308357518,0.0662953949433192,-0.9741901744496864
1122,1122,2024-01-25,SEYAIND.NS,0.0484139839283435,0.0695050191286282,-0.9741901744496864
1123,1123,2024-01-29,SEYAIND.NS,0.0031847255632035,0.0697263735398181,-0.9741901744496864
1124,1124,2024-01-30,SEYAIND.NS,-0.0190476311577688,0.0683982512946628,-0.9741901744496864
1125,1125,2024-01-31,SEYAIND.NS,-0.0194174883131688,0.0670701290495075,-0.9741901744496864
1126,1126,2024-02-01,SEYAIND.NS,-0.019801930337583,0.0657420110263365,-0.9741901744496864
1127,1127,2024-02-02,SEYAIND.NS,-0.0016835401725499,0.0656313317097494,-0.9741901744496864
1128,1128,2024-02-05,SEYAIND.NS,-0.0202361008158243,0.0643032094645941,-0.9741901744496864
1129,1129,2024-02-06,SEYAIND.NS,-0.018932848588818,0.0630857665360259,-0.9741901744496864
1130,1130,2024-02-07,SEYAIND.NS,-0.0192982188442296,0.0618683236074577,-0.9741901744496864
1131,1131,2024-02-08,SEYAIND.NS,-0.0196780368299113,0.0606508764569053,-0.9741901744496864
1132,1132,2024-02-09,SEYAIND.NS,-0.0145985264269772,0.0597654630341298,-0.9741901744496864
1133,1133,2024-02-12,SEYAIND.NS,-0.0185185185185184,0.0586586952001645,-0.9741901744496864
1134,1134,2024-02-13,SEYAIND.NS,-0.0188679245283018,0.0575519273661991,-0.9741901744496864
1135,1135,2024-02-14,SEYAIND.NS,-0.0192307692307692,0.0564451595322337,-0.9741901744496864
1136,1136,2024-02-15,SEYAIND.NS,-0.0196078431372549,0.0553383916982683,-0.9741901744496864
1137,1137,2024-02-16,SEYAIND.NS,-0.02,0.054231623864303,-0.9741901744496864
1138,1138,2024-02-19,SEYAIND.NS,0.0,0.054231623864303,-0.9741901744496864
1139,1139,2024-02-20,SEYAIND.NS,0.0,0.054231623864303,-0.9741901744496864
1140,1140,2024-02-21,SEYAIND.NS,0.0183673780791613,0.0552277166036655,-0.9741901744496864
1141,1141,2024-02-22,SEYAIND.NS,0.0020039773760174,0.0553383916982683,-0.9741901744496864
1142,1142,2024-02-23,SEYAIND.NS,0.02,0.0564451595322337,-0.9741901744496864
1143,1143,2024-02-26,SEYAIND.NS,-0.0098039215686274,0.055891775615251,-0.9741901744496864
1144,1144,2024-02-27,SEYAIND.NS,-0.0198019801980198,0.0547850077812857,-0.9741901744496864
1145,1145,2024-02-28,SEYAIND.NS,-0.0202020202020202,0.0536782399473203,-0.9741901744496864
1146,1146,2024-02-29,SEYAIND.NS,-0.0185567324923485,0.0526821472079578,-0.9741901744496864
1147,1147,2024-03-01,SEYAIND.NS,-0.0126050103645969,0.0520180881963722,-0.9741901744496864
1148,1148,2024-03-04,SEYAIND.NS,0.0765957122153424,0.0560024507098539,-0.9741901744496864
1149,1149,2024-03-05,SEYAIND.NS,0.0494071161144125,0.0587693702947673,-0.9741901744496864
1150,1150,2024-03-06,SEYAIND.NS,-0.0489641911268271,0.055891775615251,-0.9741901744496864
1151,1151,2024-03-07,SEYAIND.NS,-0.0257425591497137,0.0544529782754929,-0.9741901744496864
1152,1152,2024-03-11,SEYAIND.NS,-0.048780518062242,0.0517967337851823,-0.9741901744496864
1153,1153,2024-03-12,SEYAIND.NS,-0.0491452836443468,0.0492511686114588,-0.9741901744496864
1154,1154,2024-03-13,SEYAIND.NS,-0.0494382193918975,0.0468162785323382,-0.9741901744496864
1155,1155,2024-03-14,SEYAIND.NS,-0.0401891440567695,0.0449347723702002,-0.9741901744496864
1156,1156,2024-03-15,SEYAIND.NS,0.0467980688986968,0.0470376329435281,-0.9741901744496864
1157,1157,2024-03-18,SEYAIND.NS,0.0376470229204963,0.048808459789079,-0.9741901744496864
1158,1158,2024-03-19,SEYAIND.NS,0.0113378688730207,0.0493618437060617,-0.9741901744496864
1159,1159,2024-03-20,SEYAIND.NS,-0.0336322881461613,0.0477016919551136,-0.9741901744496864
1160,1160,2024-03-21,SEYAIND.NS,-0.0348027854548685,0.0460415402041656,-0.9741901744496864
1161,1161,2024-03-22,SEYAIND.NS,0.004807710823929,0.0462628946153555,-0.9741901744496864
1162,1162,2024-03-26,SEYAIND.NS,0.0071770153716785,0.0465949241211482,-0.9741901744496864
1163,1163,2024-03-27,SEYAIND.NS,-0.0261282307360952,0.04537748119258,-0.9741901744496864
1164,1164,2024-03-28,SEYAIND.NS,-0.0463415006311928,0.0432746206192521,-0.9741901744496864
1165,1165,2024-04-01,SEYAIND.NS,0.0485933913050264,0.04537748119258,-0.9741901744496864
1166,1166,2024-04-02,SEYAIND.NS,0.048780487804878,0.0475910168605108,-0.9741901744496864
1167,1167,2024-04-03,SEYAIND.NS,0.0488371738167696,0.0499152276230443,-0.9741901744496864
1168,1168,2024-04-04,SEYAIND.NS,0.0376940314956983,0.0517967337851823,-0.9741901744496864
1169,1169,2024-04-05,SEYAIND.NS,0.0405983238643794,0.0538995943585102,-0.9741901744496864
1170,1170,2024-04-08,SEYAIND.NS,-0.0492813447285463,0.0512433498681996,-0.9741901744496864
1171,1171,2024-04-09,SEYAIND.NS,0.0151188072240642,0.0520180881963722,-0.9741901744496864
1172,1172,2024-04-10,SEYAIND.NS,-0.0212765957446808,0.0509113203624069,-0.9741901744496864
1173,1173,2024-04-12,SEYAIND.NS,0.0,0.0509113203624069,-0.9741901744496864
1174,1174,2024-04-15,SEYAIND.NS,-0.0217391304347825,0.0498045525284415,-0.9741901744496864
1175,1175,2024-04-16,SEYAIND.NS,-0.0244444105360243,0.0485871095998733,-0.9741901744496864
1176,1176,2024-04-18,SEYAIND.NS,0.0022778694907823,0.0486977846944761,-0.9741901744496864
1177,1177,2024-04-19,SEYAIND.NS,-0.0272727446122599,0.0473696624493209,-0.9741901744496864
1178,1178,2024-04-22,SEYAIND.NS,-0.002336412988403,0.047258987354718,-0.9741901744496864
1179,1179,2024-04-23,SEYAIND.NS,0.0023418845979952,0.0473696624493209,-0.9741901744496864
1180,1180,2024-04-24,SEYAIND.NS,0.0,0.0473696624493209,-0.9741901744496864
1181,1181,2024-04-25,SEYAIND.NS,0.0490654749124377,0.0496938774338387,-0.9741901744496864
1182,1182,2024-04-26,SEYAIND.NS,0.0267259890303244,0.0510219954570097,-0.9741901744496864
1183,1183,2024-04-29,SEYAIND.NS,0.023861221805373,0.0522394426075622,-0.9741901744496864
1184,1184,2024-04-30,SEYAIND.NS,-0.0190678286299003,0.0512433498681997,-0.9741901744496864
1185,1185,2024-05-02,SEYAIND.NS,0.0021598766839352,0.0513540291847867,-0.9741901744496864
1186,1186,2024-05-03,SEYAIND.NS,0.0043102789151987,0.0515753793739924,-0.9741901744496864
1187,1187,2024-05-06,SEYAIND.NS,0.0,0.0515753793739924,-0.9741901744496864
1188,1188,2024-05-07,SEYAIND.NS,-0.0064377520790507,0.0512433498681997,-0.9741901744496864
1189,1189,2024-05-08,SEYAIND.NS,-0.0323974087411935,0.0495831981172516,-0.9741901744496864
1190,1190,2024-05-09,SEYAIND.NS,-0.0044643028202111,0.0493618437060617,-0.9741901744496864
1191,1191,2024-05-10,SEYAIND.NS,0.0313901698156167,0.0509113203624069,-0.9741901744496864
1192,1192,2024-05-13,SEYAIND.NS,-0.0326086956521739,0.0492511686114588,-0.9741901744496864
1193,1193,2024-05-14,SEYAIND.NS,0.0157303542233584,0.0500259069396314,-0.9741901744496864
1194,1194,2024-05-15,SEYAIND.NS,0.0199114534511151,0.0510219954570097,-0.9741901744496864
1195,1195,2024-05-16,SEYAIND.NS,-0.0021691643694354,0.0509113203624069,-0.9741901744496864
1196,1196,2024-05-17,SEYAIND.NS,0.04999998341436,0.0534568855361304,-0.9741901744496864
1197,1197,2024-05-21,SEYAIND.NS,0.0724637692605687,0.0573305729550092,-0.9741901744496864
1198,1198,2024-05-22,SEYAIND.NS,-0.021235492091168,0.056113130026441,-0.9741901744496864
1199,1199,2024-05-23,SEYAIND.NS,-0.0098619327904525,0.0555597461094583,-0.9741901744496864
1200,1200,2024-05-24,SEYAIND.NS,-0.0498007960558766,0.0527928265245449,-0.9741901744496864
1201,1201,2024-05-27,SEYAIND.NS,-0.0503144965931232,0.0501365820342343,-0.9741901744496864
1202,1202,2024-05-28,SEYAIND.NS,0.0286975553853208,0.0515753793739924,-0.9741901744496864
1203,1203,2024-05-29,SEYAIND.NS,0.0042918620061873,0.0517967337851824,-0.9741901744496864
1204,1204,2024-05-30,SEYAIND.NS,-0.0213675217158573,0.050689965951217,-0.9741901744496864
1205,1205,2024-05-31,SEYAIND.NS,-0.0262008904569686,0.0493618437060617,-0.9741901744496864
1206,1206,2024-06-03,SEYAIND.NS,-0.0067264405229655,0.0490298142002689,-0.9741901744496864
1207,1207,2024-06-04,SEYAIND.NS,0.0090293799721843,0.0494725230226488,-0.9741901744496864
1208,1208,2024-06-05,SEYAIND.NS,-0.0447427285428189,0.047258987354718,-0.9741901744496864
1209,1209,2024-06-06,SEYAIND.NS,0.0093676277291501,0.0477016919551137,-0.9741901744496864
1210,1210,2024-06-07,SEYAIND.NS,-0.0046403005875341,0.047480341765908,-0.9741901744496864
1211,1211,2024-06-10,SEYAIND.NS,0.0484848005215732,0.0497824166651241,-0.9741901744496864
1212,1212,2024-06-11,SEYAIND.NS,0.0275678455110348,0.0511548106369143,-0.9741901744496864
1213,1213,2024-06-12,SEYAIND.NS,0.0268281659675533,0.0525272003867202,-0.9741901744496864
1214,1214,2024-06-13,SEYAIND.NS,-0.0016855882406368,0.0524386611554347,-0.9741901744496864
1215,1215,2024-06-14,SEYAIND.NS,-0.0033769490039077,0.0522615784708796,-0.9741901744496864
1216,1216,2024-06-18,SEYAIND.NS,0.0228716219491313,0.0534568855361305,-0.9741901744496864
1217,1217,2024-06-19,SEYAIND.NS,-0.0376811536971567,0.0514425684160722,-0.9741901744496864
1218,1218,2024-06-20,SEYAIND.NS,0.0361445852349711,0.0533019387148928,-0.9741901744496864
1219,1219,2024-06-21,SEYAIND.NS,-0.0253322513407084,0.0519516806064201,-0.9741901744496864
1220,1220,2024-06-24,SEYAIND.NS,0.0481466170078779,0.054452978275493,-0.9741901744496864
1221,1221,2024-06-25,SEYAIND.NS,0.016260146842582,0.0553383916982684,-0.9741901744496864
1222,1222,2024-06-26,SEYAIND.NS,0.0495999908447266,0.0580831754198644,-0.9741901744496864
1223,1223,2024-06-27,SEYAIND.NS,-0.0358231913969853,0.0560024507098539,-0.9741901744496864
1224,1224,2024-06-28,SEYAIND.NS,-0.0090908912716256,0.0554933385195061,-0.9741901744496864
1225,1225,2024-07-01,SEYAIND.NS,0.003191062013558,0.0556704212040612,-0.9741901744496864
1226,1226,2024-07-02,SEYAIND.NS,-0.0119283992688221,0.0550063621924757,-0.9741901744496864
1227,1227,2024-07-03,SEYAIND.NS,0.0060362018602673,0.0553383916982684,-0.9741901744496864
1228,1228,2024-07-04,SEYAIND.NS,-0.0240000152587888,0.0540102694531131,-0.9741901744496864
1229,1229,2024-07-05,SEYAIND.NS,-0.0065573708980964,0.0536561040840029,-0.9741901744496864
1230,1230,2024-07-08,SEYAIND.NS,-0.0218647150020604,0.0524829286600853,-0.9741901744496864
1231,1231,2024-07-09,SEYAIND.NS,0.0109658472763123,0.0530584484403854,-0.9741901744496864
1232,1232,2024-07-10,SEYAIND.NS,0.0300375987204135,0.0546521968233655,-0.9741901744496864
1233,1233,2024-07-11,SEYAIND.NS,0.0498177203576668,0.0573748446816441,-0.9741901744496864
1234,1234,2024-07-12,SEYAIND.NS,0.0497684801073177,0.0602303034978429,-0.9741901744496864
1235,1235,2024-07-15,SEYAIND.NS,-0.0066151563352997,0.0598318706240821,-0.9741901744496864
1236,1236,2024-07-16,SEYAIND.NS,0.0492045834228613,0.0627758728935506,-0.9741901744496864
1237,1237,2024-07-18,SEYAIND.NS,0.0433709279183645,0.0654985207518292,-0.9741901744496864
1238,1238,2024-07-19,SEYAIND.NS,0.0,0.0654985207518292,-0.9741901744496864
1239,1239,2024-07-22,SEYAIND.NS,0.017235560197766,0.066627424449112,-0.9741901744496864
1240,1240,2024-07-23,SEYAIND.NS,-0.0063123100215835,0.0662068514900496,-0.9741901744496864
1241,1241,2024-07-24,SEYAIND.NS,0.0364426666047676,0.0686196057058528,-0.9741901744496864
1242,1242,2024-07-25,SEYAIND.NS,0.020967729630009,0.070058403045611,-0.9741901744496864
1243,1243,2024-07-26,SEYAIND.NS,0.0088467832549852,0.0706781945525459,-0.9741901744496864
1244,1244,2024-07-29,SEYAIND.NS,0.0497964339928351,0.0741977166023145,-0.9741901744496864
1245,1245,2024-07-30,SEYAIND.NS,0.0498209470805217,0.077894317114654,-0.9741901744496864
1246,1246,2024-07-31,SEYAIND.NS,0.0497300388830295,0.0817680045335328,-0.9741901744496864
1247,1247,2024-08-01,SEYAIND.NS,0.0492690785729563,0.0857966387736492,-0.9741901744496864
1248,1248,2024-08-02,SEYAIND.NS,0.0,0.0857966387736492,-0.9741901744496864
1249,1249,2024-08-05,SEYAIND.NS,-0.0500515663240164,0.0815023826176923,-0.9741901744496864
1250,1250,2024-08-06,SEYAIND.NS,0.0,0.0815023826176923,-0.9741901744496864
1251,1251,2024-08-07,SEYAIND.NS,0.0,0.0815023826176923,-0.9741901744496864
1252,1252,2024-08-08,SEYAIND.NS,0.0,0.0815023826176923,-0.9741901744496864
1253,1253,2024-08-09,SEYAIND.NS,0.0,0.0815023826176923,-0.9741901744496864
1254,1254,2024-08-12,SEYAIND.NS,-0.0502443913485731,0.0774073450096078,-0.9741901744496864
1255,1255,2024-08-13,SEYAIND.NS,0.0,0.0774073450096078,-0.9741901744496864
1256,1256,2024-08-14,SEYAIND.NS,0.0,0.0774073450096078,-0.9741901744496864
1257,1257,2024-08-16,SEYAIND.NS,0.0,0.0774073450096078,-0.9741901744496864
1258,1258,2024-08-19,SEYAIND.NS,-0.05004289216221,0.073533657590729,-0.9741901744496864
1259,1259,2024-08-20,SEYAIND.NS,0.0,0.073533657590729,-0.9741901744496864
1260,1260,2024-08-21,SEYAIND.NS,0.0,0.073533657590729,-0.9741901744496864
1261,1261,2024-08-22,SEYAIND.NS,0.0,0.073533657590729,-0.9741901744496864
1262,1262,2024-08-23,SEYAIND.NS,0.0,0.073533657590729,-0.9741901744496864
1263,1263,2024-08-26,SEYAIND.NS,-0.0502709789968884,0.0698370486344211,-0.9741901744496864
1264,1264,2024-08-27,SEYAIND.NS,0.0,0.0698370486344211,-0.9741901744496864
1265,1265,2024-08-28,SEYAIND.NS,0.0,0.0698370486344211,-0.9741901744496864
1266,1266,2024-08-29,SEYAIND.NS,0.0,0.0698370486344211,-0.9741901744496864
1267,1267,2024-08-30,SEYAIND.NS,0.0,0.0698370486344211,-0.9741901744496864
1268,1268,2024-09-02,SEYAIND.NS,-0.0500792380955146,0.0663396624479699,-0.9741901744496864
1269,1269,2024-09-03,SEYAIND.NS,0.0,0.0663396624479699,-0.9741901744496864
1270,1270,2024-09-04,SEYAIND.NS,0.0,0.0663396624479699,-0.9741901744496864
1271,1271,2024-09-05,SEYAIND.NS,0.0,0.0663396624479699,-0.9741901744496864
1272,1272,2024-09-06,SEYAIND.NS,0.0,0.0663396624479699,-0.9741901744496864
1273,1273,2024-09-09,SEYAIND.NS,-0.0500500511967515,0.0630193589460738,-0.9741901744496864
1274,1274,2024-09-10,SEYAIND.NS,0.0,0.0630193589460738,-0.9741901744496864
1275,1275,2024-09-11,SEYAIND.NS,0.0,0.0630193589460738,-0.9741901744496864
1276,1276,2024-09-12,SEYAIND.NS,0.0,0.0630193589460738,-0.9741901744496864
1277,1277,2024-09-13,SEYAIND.NS,0.0,0.0630193589460738,-0.9741901744496864
1278,1278,2024-09-16,SEYAIND.NS,-0.0502282554378696,0.0598540064873996,-0.9741901744496864
1279,1279,2024-09-17,SEYAIND.NS,0.0,0.0598540064873996,-0.9741901744496864
1280,1280,2024-09-18,SEYAIND.NS,0.0,0.0598540064873996,-0.9741901744496864
1281,1281,2024-09-19,SEYAIND.NS,0.0,0.0598540064873996,-0.9741901744496864
1282,1282,2024-09-20,SEYAIND.NS,0.0,0.0598540064873996,-0.9741901744496864
1283,1283,2024-09-23,SEYAIND.NS,-0.0502958788574079,0.0568435966279788,-0.9741901744496864
1284,1284,2024-09-24,SEYAIND.NS,0.0,0.0568435966279788,-0.9741901744496864
1285,1285,2024-09-25,SEYAIND.NS,0.0,0.0568435966279788,-0.9741901744496864
1286,1286,2024-09-26,SEYAIND.NS,0.0,0.0568435966279788,-0.9741901744496864
1287,1287,2024-09-27,SEYAIND.NS,0.0,0.0568435966279788,-0.9741901744496864
1288,1288,2024-09-30,SEYAIND.NS,0.0070093575948866,0.0572420337237238,-0.9741901744496864
1289,1289,2024-10-01,SEYAIND.NS,0.0498839511883981,0.0600974925399227,-0.9741901744496864
1290,1290,2024-10-03,SEYAIND.NS,0.0497237716551688,0.063085766536026,-0.9741901744496864
1291,1291,2024-10-04,SEYAIND.NS,0.0498245640804893,0.066228987353367,-0.9741901744496864
1292,1292,2024-10-07,SEYAIND.NS,-0.0501336897117347,0.0629086838514709,-0.9741901744496864
1293,1293,2024-10-08,SEYAIND.NS,-0.0182969900199758,0.0617576442908707,-0.9741901744496864
1294,1294,2024-10-09,SEYAIND.NS,-0.0448028679960909,0.0589907247059573,-0.9741901744496864
1295,1295,2024-10-10,SEYAIND.NS,-0.0221388428155044,0.0576847383241194,-0.9741901744496864
1296,1296,2024-10-11,SEYAIND.NS,0.0042210519035243,0.0579282285986268,-0.9741901744496864
1297,1297,2024-10-14,SEYAIND.NS,-0.0500572969859884,0.0550284980557931,-0.9741901744496864
1298,1298,2024-10-15,SEYAIND.NS,-0.0502815755957587,0.0522615784708796,-0.9741901744496864
1299,1299,2024-10-16,SEYAIND.NS,0.0499788341665026,0.0548735512345554,-0.9741901744496864
1300,1300,2024-10-17,SEYAIND.NS,0.0258168360634294,0.0562902127109961,-0.9741901744496864
1301,1301,2024-10-18,SEYAIND.NS,0.0043256236347419,0.0565337029855035,-0.9741901744496864
1302,1302,2024-10-21,SEYAIND.NS,-0.0031324130065339,0.0563566160789641,-0.9741901744496864
1303,1303,2024-10-22,SEYAIND.NS,-0.0494893309835836,0.0535675648527175,-0.9741901744496864
1304,1304,2024-10-23,SEYAIND.NS,0.0066115637342101,0.0539217302218277,-0.9741901744496864
1305,1305,2024-10-24,SEYAIND.NS,-0.0102627255228295,0.053368346304845,-0.9741901744496864
1306,1306,2024-10-25,SEYAIND.NS,-0.0286188517872274,0.0518410055118172,-0.9741901744496864
1307,1307,2024-10-28,SEYAIND.NS,0.0499573045466483,0.0544308424121756,-0.9741901744496864
1308,1308,2024-10-29,SEYAIND.NS,0.0427002533771863,0.0567550531747092,-0.9741901744496864
1309,1309,2024-10-30,SEYAIND.NS,0.0499220248484979,0.0595883803495748,-0.9741901744496864
1310,1310,2024-10-31,SEYAIND.NS,0.0497771229119687,0.0625545184823608,-0.9741901744496864
1311,1311,2024-11-01,SEYAIND.NS,0.0498938370839459,0.0656756034363843,-0.9741901744496864
1312,1312,2024-11-04,SEYAIND.NS,0.0498820201695531,0.0689516352116456,-0.9741901744496864
1313,1313,2024-11-05,SEYAIND.NS,0.0,0.0689516352116456,-0.9741901744496864
1314,1314,2024-11-06,SEYAIND.NS,0.0,0.0689516352116456,-0.9741901744496864
1315,1315,2024-11-07,SEYAIND.NS,0.0,0.0689516352116456,-0.9741901744496864
1316,1316,2024-11-08,SEYAIND.NS,0.0,0.0689516352116456,-0.9741901744496864
1317,1317,2024-11-11,SEYAIND.NS,-0.0500802402904169,0.0654985207518293,-0.9741901744496864
1318,1318,2024-11-12,SEYAIND.NS,0.0,0.0654985207518293,-0.9741901744496864
1319,1319,2024-11-13,SEYAIND.NS,0.0,0.0654985207518293,-0.9741901744496864
1320,1320,2024-11-14,SEYAIND.NS,0.0,0.0654985207518293,-0.9741901744496864
1321,1321,2024-11-18,SEYAIND.NS,-0.0500168818724015,0.062222488976568,-0.9741901744496864
1322,1322,2024-11-19,SEYAIND.NS,0.0,0.062222488976568,-0.9741901744496864
1323,1323,2024-11-21,SEYAIND.NS,0.0,0.062222488976568,-0.9741901744496864
1324,1324,2024-11-22,SEYAIND.NS,0.0,0.062222488976568,-0.9741901744496864
1325,1325,2024-11-25,SEYAIND.NS,-0.050160078861502,0.0591014040225444,-0.9741901744496864
1326,1326,2024-11-26,SEYAIND.NS,0.0,0.0591014040225444,-0.9741901744496864
1327,1327,2024-11-27,SEYAIND.NS,0.0,0.0591014040225444,-0.9741901744496864
1328,1328,2024-11-28,SEYAIND.NS,0.0,0.0591014040225444,-0.9741901744496864
1329,1329,2024-11-29,SEYAIND.NS,0.0,0.0591014040225444,-0.9741901744496864
1330,1330,2024-12-02,SEYAIND.NS,-0.0501872701984287,0.0561352658897584,-0.9741901744496864
1331,1331,2024-12-03,SEYAIND.NS,0.0,0.0561352658897584,-0.9741901744496864
1332,1332,2024-12-04,SEYAIND.NS,0.0,0.0561352658897584,-0.9741901744496864
1333,1333,2024-12-05,SEYAIND.NS,0.0,0.0561352658897584,-0.9741901744496864
1334,1334,2024-12-06,SEYAIND.NS,0.0,0.0561352658897584,-0.9741901744496864
1335,1335,2024-12-09,SEYAIND.NS,-0.0331230336108514,0.0542758955909379,-0.9741901744496864
1336,1336,2024-12-10,SEYAIND.NS,0.0,0.0542758955909379,-0.9741901744496864
1337,1337,2024-12-11,SEYAIND.NS,0.0,0.0542758955909379,-0.9741901744496864
1338,1338,2024-12-12,SEYAIND.NS,0.0,0.0542758955909379,-0.9741901744496864
1339,1339,2024-12-13,SEYAIND.NS,0.0,0.0542758955909379,-0.9741901744496864
1340,1340,2024-12-16,SEYAIND.NS,-0.0012235190083779,0.0542094880009856,-0.9741901744496864
1341,1341,2024-12-17,SEYAIND.NS,0.0,0.0542094880009856,-0.9741901744496864
1342,1342,2024-12-18,SEYAIND.NS,0.0,0.0542094880009856,-0.9741901744496864
1343,1343,2024-12-19,SEYAIND.NS,0.0,0.0542094880009856,-0.9741901744496864
1344,1344,2024-12-20,SEYAIND.NS,0.0,0.0542094880009856,-0.9741901744496864
1345,1345,2024-12-23,SEYAIND.NS,-0.0502245632393554,0.051486840142707,-0.9741901744496864
1346,1346,2024-12-24,SEYAIND.NS,0.0,0.051486840142707,-0.9741901744496864
1347,1347,2024-12-26,SEYAIND.NS,0.0,0.051486840142707,-0.9741901744496864
1348,1348,2024-12-27,SEYAIND.NS,0.0,0.051486840142707,-0.9741901744496864
1349,1349,2024-12-30,SEYAIND.NS,-0.0503009486148312,0.0488970032423487,-0.9741901744496864
1350,1350,2024-12-31,SEYAIND.NS,0.0,0.0488970032423487,-0.9741901744496864
1351,1351,2025-01-01,SEYAIND.NS,0.0497963048379996,0.0513318933214694,-0.9741901744496864
1352,1352,2025-01-02,SEYAIND.NS,0.0495903230722805,0.0538774584951929,-0.9741901744496864
1353,1353,2025-01-03,SEYAIND.NS,0.0497123696338188,0.0565558346268366,-0.9741901744496864
1354,1354,2025-01-06,SEYAIND.NS,0.0497064773262898,0.0593670259383849,-0.9741901744496864
1355,1355,2025-01-07,SEYAIND.NS,0.0499627206500858,0.0623331640711708,-0.9741901744496864
1356,1356,2025-01-08,SEYAIND.NS,0.0493607740475956,0.0654099772985596,-0.9741901744496864
1357,1357,2025-01-09,SEYAIND.NS,0.0,0.0654099772985596,-0.9741901744496864
1358,1358,2025-01-10,SEYAIND.NS,0.0,0.0654099772985596,-0.9741901744496864
1359,1359,2025-01-13,SEYAIND.NS,-0.0500845881708236,0.0621339455232983,-0.9741901744496864
1360,1360,2025-01-14,SEYAIND.NS,0.0,0.0621339455232983,-0.9741901744496864
1361,1361,2025-01-15,SEYAIND.NS,0.0,0.0621339455232983,-0.9741901744496864
1362,1362,2025-01-16,SEYAIND.NS,0.0,0.0621339455232983,-0.9741901744496864
1363,1363,2025-01-17,SEYAIND.NS,0.0,0.0621339455232983,-0.9741901744496864
1364,1364,2025-01-20,SEYAIND.NS,-0.0502315590574123,0.0590128605692747,-0.9741901744496864
1365,1365,2025-01-21,SEYAIND.NS,0.0,0.0590128605692747,-0.9741901744496864
1366,1366,2025-01-22,SEYAIND.NS,0.0,0.0590128605692747,-0.9741901744496864
1367,1367,2025-01-23,SEYAIND.NS,0.0,0.0590128605692747,-0.9741901744496864
1368,1368,2025-01-24,SEYAIND.NS,0.0,0.0590128605692747,-0.9741901744496864
1369,1369,2025-01-27,SEYAIND.NS,-0.0502625716525637,0.0560467224364888,-0.9741901744496864
1370,1370,2025-01-28,SEYAIND.NS,0.0,0.0560467224364888,-0.9741901744496864
1371,1371,2025-01-29,SEYAIND.NS,0.0,0.0560467224364888,-0.9741901744496864
1372,1372,2025-01-30,SEYAIND.NS,0.0,0.0560467224364888,-0.9741901744496864
1373,1373,2025-01-31,SEYAIND.NS,0.0,0.0560467224364888,-0.9741901744496864
1374,1374,2025-02-01,SEYAIND.NS,0.0,0.0560467224364888,-0.9741901744496864
1375,1375,2025-02-03,SEYAIND.NS,-0.0485781815584996,0.0533240745782102,-0.9741901744496864
1376,1376,2025-02-04,SEYAIND.NS,0.0,0.0533240745782102,-0.9741901744496864
1377,1377,2025-02-05,SEYAIND.NS,0.0,0.0533240745782102,-0.9741901744496864
1378,1378,2025-02-06,SEYAIND.NS,0.0,0.0533240745782102,-0.9741901744496864
1379,1379,2025-02-07,SEYAIND.NS,0.0,0.0533240745782102,-0.9741901744496864
1380,1380,2025-02-10,SEYAIND.NS,-0.0502283513556268,0.0506456942245822,-0.9741901744496864
1381,1381,2025-02-11,SEYAIND.NS,0.0,0.0506456942245822,-0.9741901744496864
1382,1382,2025-02-12,SEYAIND.NS,0.0,0.0506456942245822,-0.9741901744496864
1383,1383,2025-02-13,SEYAIND.NS,0.0,0.0506456942245822,-0.9741901744496864
1384,1384,2025-02-14,SEYAIND.NS,0.0,0.0506456942245822,-0.9741901744496864
1385,1385,2025-02-17,SEYAIND.NS,-0.0502622229332172,0.0481001290508587,-0.9741901744496864
1386,1386,2025-02-18,SEYAIND.NS,0.0,0.0481001290508587,-0.9741901744496864
1387,1387,2025-02-19,SEYAIND.NS,0.0,0.0481001290508587,-0.9741901744496864
1388,1388,2025-02-20,SEYAIND.NS,0.0,0.0481001290508587,-0.9741901744496864
1389,1389,2025-02-21,SEYAIND.NS,0.0,0.0481001290508587,-0.9741901744496864
1390,1390,2025-02-24,SEYAIND.NS,-0.0501610757270963,0.0456873748350554,-0.9741901744496864
1391,1391,2025-02-25,SEYAIND.NS,0.0,0.0456873748350554,-0.9741901744496864
1392,1392,2025-02-27,SEYAIND.NS,0.0,0.0456873748350554,-0.9741901744496864
1393,1393,2025-02-28,SEYAIND.NS,0.0,0.0456873748350554,-0.9741901744496864
1394,1394,2025-03-03,SEYAIND.NS,-0.0503875503358931,0.0433852999358393,-0.9741901744496864
1395,1395,2025-03-04,SEYAIND.NS,-0.0020408629973885,0.0432967564825696,-0.9741901744496864
1396,1396,2025-03-05,SEYAIND.NS,0.0102249881595188,0.0437394653049494,-0.9741901744496864
1397,1397,2025-03-06,SEYAIND.NS,-0.0187247386107107,0.042920455250142,-0.9741901744496864
1398,1398,2025-03-07,SEYAIND.NS,-0.0479628847060343,0.0408618664034489,-0.9741901744496864
1399,1399,2025-03-10,SEYAIND.NS,-0.0503791139734889,0.0388032817787401,-0.9741901744496864
1400,1400,2025-03-11,SEYAIND.NS,-0.0501997166940002,0.0368553680266499,-0.9741901744496864
1401,1401,2025-03-12,SEYAIND.NS,-0.0072071432212655,0.0365897461108094,-0.9741901744496864
1402,1402,2025-03-13,SEYAIND.NS,-0.0072595785994338,0.0363241199729846,-0.9741901744496864
1403,1403,2025-03-17,SEYAIND.NS,0.0140158162324783,0.0368332321633325,-0.9741901744496864
1404,1404,2025-03-18,SEYAIND.NS,0.0,0.0368332321633325,-0.9741901744496864
1405,1405,2025-03-19,SEYAIND.NS,-0.0228364888644764,0.0359920904671919,-0.9741901744496864
1406,1406,2025-03-20,SEYAIND.NS,-0.009840088878222,0.0356379250980817,-0.9741901744496864
1407,1407,2025-03-21,SEYAIND.NS,0.0198757569715664,0.036346255836302,-0.9741901744496864
1408,1408,2025-03-24,SEYAIND.NS,-0.043848980735895,0.0347525095643141,-0.9741901744496864
1409,1409,2025-03-25,SEYAIND.NS,-0.0503184695191409,0.0330038164710885,-0.9741901744496864
1410,1410,2025-03-26,SEYAIND.NS,-0.0315224863741622,0.0319634541160833,-0.9741901744496864
1411,1411,2025-03-27,SEYAIND.NS,-0.0505539863884781,0.0303475740917701,-0.9741901744496864
1412,1412,2025-03-28,SEYAIND.NS,-0.0299051674887904,0.0294400248056772,-0.9741901744496864
1413,1413,2025-04-01,SEYAIND.NS,0.0488721510683196,0.0308788221454353,-0.9741901744496864
1414,1414,2025-04-02,SEYAIND.NS,0.0164874909717118,0.0313879364467753,-0.9741901744496864
1415,1415,2025-04-03,SEYAIND.NS,0.0493652887306099,0.0329374109921284,-0.9741901744496864
1416,1416,2025-04-04,SEYAIND.NS,0.0067203916012312,0.0331587632923262,-0.9741901744496864
1417,1417,2025-04-07,SEYAIND.NS,-0.0213617960349047,0.0324504325541058,-0.9741901744496864
1418,1418,2025-04-08,SEYAIND.NS,0.0225102269536727,0.0331808991556436,-0.9741901744496864
1419,1419,2025-04-09,SEYAIND.NS,0.0493662296475783,0.0348189150432743,-0.9741901744496864
1420,1420,2025-04-11,SEYAIND.NS,0.049586821954517,0.0365454743841745,-0.9741901744496864
1421,1421,2025-04-15,SEYAIND.NS,0.0496668493916643,0.0383605729563603,-0.9741901744496864
1422,1422,2025-04-16,SEYAIND.NS,0.0496249633085774,0.0402642149818157,-0.9741901744496864
1423,1423,2025-04-17,SEYAIND.NS,0.0494777125951799,0.0422563962385565,-0.9741901744496864
1424,1424,2025-04-21,SEYAIND.NS,0.0497643140568895,0.0443592568118844,-0.9741901744496864
1425,1425,2025-04-22,SEYAIND.NS,0.0,0.0443592568118844,-0.9741901744496864
1426,1426,2025-04-23,SEYAIND.NS,0.0,0.0443592568118844,-0.9741901744496864
1427,1427,2025-04-24,SEYAIND.NS,0.0,0.0443592568118844,-0.9741901744496864
1428,1428,2025-04-25,SEYAIND.NS,0.0,0.0443592568118844,-0.9741901744496864
1429,1429,2025-04-28,SEYAIND.NS,-0.0503992107155678,0.0421235852806362,-0.9741901744496864
1430,1430,2025-04-29,SEYAIND.NS,0.0,0.0421235852806362,-0.9741901744496864
1431,1431,2025-04-30,SEYAIND.NS,0.0,0.0421235852806362,-0.9741901744496864
1432,1432,2025-05-02,SEYAIND.NS,0.0,0.0421235852806362,-0.9741901744496864
1433,1433,2025-05-05,SEYAIND.NS,0.0,0.0421235852806362,-0.9741901744496864
1434,1434,2025-05-06,SEYAIND.NS,0.0,0.0421235852806362,-0.9741901744496864
1435,1435,2025-05-07,SEYAIND.NS,0.0,0.0421235852806362,-0.9741901744496864
1436,1436,2025-05-08,SEYAIND.NS,0.0,0.0421235852806362,-0.9741901744496864
1437,1437,2025-05-09,SEYAIND.NS,0.0,0.0421235852806362,-0.9741901744496864
1438,1438,2025-05-12,SEYAIND.NS,-0.098265936508646,0.0379842717239327,-0.9741901744496864
1439,1439,2025-05-13,SEYAIND.NS,0.0,0.0379842717239327,-0.9741901744496864
1440,1440,2025-05-14,SEYAIND.NS,0.0,0.0379842717239327,-0.9741901744496864
1441,1441,2025-05-15,SEYAIND.NS,0.0,0.0379842717239327,-0.9741901744496864
1442,1442,2025-05-16,SEYAIND.NS,0.0,0.0379842717239327,-0.9741901744496864
1443,1443,2025-05-19,SEYAIND.NS,-0.0477855304263235,0.036169173151747,-0.9741901744496864
1444,1444,2025-05-20,SEYAIND.NS,0.0,0.036169173151747,-0.9741901744496864
1445,1445,2025-05-21,SEYAIND.NS,0.0,0.036169173151747,-0.9741901744496864
1446,1446,2025-05-22,SEYAIND.NS,0.0,0.036169173151747,-0.9741901744496864
1447,1447,2025-05-23,SEYAIND.NS,0.0,0.036169173151747,-0.9741901744496864
1448,1448,2025-05-26,SEYAIND.NS,-0.0324357238691488,0.0349959998388215,-0.9741901744496864
1449,1449,2025-05-27,SEYAIND.NS,0.0,0.0349959998388215,-0.9741901744496864
1450,1450,2025-05-28,SEYAIND.NS,0.0,0.0349959998388215,-0.9741901744496864
1451,1451,2025-05-29,SEYAIND.NS,0.0,0.0349959998388215,-0.9741901744496864
1452,1452,2025-05-30,SEYAIND.NS,0.0,0.0349959998388215,-0.9741901744496864
1453,1453,2025-06-02,SEYAIND.NS,0.0050600835915723,0.0351730825233766,-0.9741901744496864
1454,1454,2025-06-03,SEYAIND.NS,0.0497167995458853,0.0369217756166022,-0.9741901744496864
1455,1455,2025-06-04,SEYAIND.NS,0.0497601863621373,0.0387590100521053,-0.9741901744496864
1456,1456,2025-06-05,SEYAIND.NS,0.0496858321252187,0.0406847837188939,-0.9741901744496864
1457,1457,2025-06-06,SEYAIND.NS,0.0446137997613842,0.0424998865130638,-0.9741901744496864
1458,1458,2025-06-09,SEYAIND.NS,-0.0500000496705352,0.0403748900764185,-0.9741901744496864
1459,1459,2025-06-10,SEYAIND.NS,0.0169955849688796,0.0410610849513215,-0.9741901744496864
1460,1460,2025-06-11,SEYAIND.NS,-0.0032344726905708,0.0409282739934012,-0.9741901744496864
1461,1461,2025-06-12,SEYAIND.NS,0.0210924496742086,0.0417915515528592,-0.9741901744496864
1462,1462,2025-06-13,SEYAIND.NS,-0.0503177382319462,0.0396886952015156,-0.9741901744496864
1463,1463,2025-06-16,SEYAIND.NS,0.0496374441996816,0.041658740594939,-0.9741901744496864
1464,1464,2025-06-17,SEYAIND.NS,0.0499468942242402,0.0437394653049495,-0.9741901744496864
1465,1465,2025-06-18,SEYAIND.NS,0.0495951179597622,0.0459087292462454,-0.9741901744496864
1466,1466,2025-06-19,SEYAIND.NS,0.0496625216013673,0.0481886725041283,-0.9741901744496864
1467,1467,2025-06-20,SEYAIND.NS,0.0496095498850071,0.0505792908566142,-0.9741901744496864
1468,1468,2025-06-23,SEYAIND.NS,0.0498905632655009,0.0531027201670203,-0.9741901744496864
1469,1469,2025-06-24,SEYAIND.NS,0.0,0.0531027201670203,-0.9741901744496864
1470,1470,2025-06-25,SEYAIND.NS,0.0,0.0531027201670203,-0.9741901744496864
1471,1471,2025-06-26,SEYAIND.NS,0.0,0.0531027201670203,-0.9741901744496864
1472,1472,2025-06-27,SEYAIND.NS,0.0,0.0531027201670203,-0.9741901744496864
1473,1473,2025-06-30,SEYAIND.NS,-0.0500207947911492,0.0504464798986939,-0.9741901744496864
1474,1474,2025-07-01,SEYAIND.NS,0.0,0.0504464798986939,-0.9741901744496864
1475,1475,2025-07-02,SEYAIND.NS,0.0,0.0504464798986939,-0.9741901744496864
1476,1476,2025-07-03,SEYAIND.NS,0.0,0.0504464798986939,-0.9741901744496864
1477,1477,2025-07-04,SEYAIND.NS,0.0,0.0504464798986939,-0.9741901744496864
1478,1478,2025-07-07,SEYAIND.NS,-0.050021994348423,0.0479230463663036,-0.9741901744496864
1479,1479,2025-07-08,SEYAIND.NS,0.0,0.0479230463663036,-0.9741901744496864
1480,1480,2025-07-09,SEYAIND.NS,0.0,0.0479230463663036,-0.9741901744496864
1481,1481,2025-07-10,SEYAIND.NS,0.0,0.0479230463663036,-0.9741901744496864
1482,1482,2025-07-11,SEYAIND.NS,0.0,0.0479230463663036,-0.9741901744496864
1483,1483,2025-07-14,SEYAIND.NS,-0.0503464282583618,0.0455102921505003,-0.9741901744496864
1484,1484,2025-07-15,SEYAIND.NS,0.0,0.0455102921505003,-0.9741901744496864
1485,1485,2025-07-16,SEYAIND.NS,0.0,0.0455102921505003,-0.9741901744496864
1486,1486,2025-07-17,SEYAIND.NS,0.0,0.0455102921505003,-0.9741901744496864
1487,1487,2025-07-18,SEYAIND.NS,0.0,0.0455102921505003,-0.9741901744496864
1488,1488,2025-07-21,SEYAIND.NS,-0.0500972181931749,0.0432303531146016,-0.9741901744496864
1489,1489,2025-07-22,SEYAIND.NS,0.0,0.0432303531146016,-0.9741901744496864
1490,1490,2025-07-23,SEYAIND.NS,0.0,0.0432303531146016,-0.9741901744496864
1491,1491,2025-07-24,SEYAIND.NS,0.0,0.0432303531146016,-0.9741901744496864
1492,1492,2025-07-25,SEYAIND.NS,0.0,0.0432303531146016,-0.9741901744496864
1493,1493,2025-07-28,SEYAIND.NS,-0.0501792839288059,0.0410610849513215,-0.9741901744496864
1494,1494,2025-07-29,SEYAIND.NS,0.0,0.0410610849513215,-0.9741901744496864
1495,1495,2025-07-30,SEYAIND.NS,0.0,0.0410610849513215,-0.9741901744496864
1496,1496,2025-07-31,SEYAIND.NS,0.0,0.0410610849513215,-0.9741901744496864
1497,1497,2025-08-01,SEYAIND.NS,-0.0156333703561197,0.0404191618030533,-0.9741901744496864
1498,1498,2025-08-04,SEYAIND.NS,0.0262869406473011,0.0414816579103839,-0.9741901744496864
1499,1499,2025-08-05,SEYAIND.NS,0.0266808968039899,0.0425884257443492,-0.9741901744496864
1500,1500,2025-08-06,SEYAIND.NS,-0.0348232892029295,0.0411053566779563,-0.9741901744496864
1501,1501,2025-08-07,SEYAIND.NS,0.0376952490276321,0.0426548333343015,-0.9741901744496864
1502,1502,2025-08-08,SEYAIND.NS,0.0108977207827751,0.0431196737980145,-0.9741901744496864
1503,1503,2025-08-11,SEYAIND.NS,-0.0297741240932012,0.0418358232794941,-0.9741901744496864
1504,1504,2025-08-12,SEYAIND.NS,0.0116402764626206,0.0423228038285087,-0.9741901744496864
1505,1505,2025-08-13,SEYAIND.NS,-0.0235356037232001,0.0413267110891462,-0.9741901744496864
1506,1506,2025-08-14,SEYAIND.NS,0.0166041491524149,0.0420129059640491,-0.9741901744496864
1507,1507,2025-08-18,SEYAIND.NS,-0.0047418416627255,0.0418136874161766,-0.9741901744496864
1508,1508,2025-08-19,SEYAIND.NS,-0.007411296674004,0.0415037937737013,-0.9741901744496864
1509,1509,2025-08-20,SEYAIND.NS,-0.0133333333333333,0.0409504098567186,-0.9741901744496864
1510,1510,2025-08-21,SEYAIND.NS,0.020540495176573,0.0417915515528592,-0.9741901744496864
1511,1511,2025-08-22,SEYAIND.NS,0.0005296731634722,0.0418136874161766,-0.9741901744496864
1512,1512,2025-08-25,SEYAIND.NS,-0.0312334659423657,0.0405077010343388,-0.9741901744496864
1513,1513,2025-08-26,SEYAIND.NS,-0.0005463563907125,0.0404855693930056,-0.9741901744496864
1514,1514,2025-08-28,SEYAIND.NS,0.0278839965010739,0.0416144688683041,-0.9741901744496864
1515,1515,2025-08-29,SEYAIND.NS,-0.0058509950780257,0.041370982815781,-0.9741901744496864
1516,1516,2025-09-01,SEYAIND.NS,-0.0502943021507523,0.0392902581057705,-0.9741901744496864
1517,1517,2025-09-02,SEYAIND.NS,-0.02084511770329,0.0384712480509631,-0.9741901744496864
1518,1518,2025-09-03,SEYAIND.NS,-0.0327963016310685,0.0372095333957601,-0.9741901744496864
1519,1519,2025-09-04,SEYAIND.NS,0.0089232375547767,0.0375415629015528,-0.9741901744496864
1520,1520,2025-09-05,SEYAIND.NS,-0.0165093628780452,0.0369217756166021,-0.9741901744496864
1521,1521,2025-09-08,SEYAIND.NS,0.0491606522674807,0.0387368741887879,-0.9741901744496864
1522,1522,2025-09-09,SEYAIND.NS,0.0359999520438059,0.0401313998019112,-0.9741901744496864
1523,1523,2025-09-10,SEYAIND.NS,-0.0501930441001537,0.0381170826818529,-0.9741901744496864
1524,1524,2025-09-11,SEYAIND.NS,0.0278746497517401,0.0391795830111677,-0.9741901744496864
1525,1525,2025-09-12,SEYAIND.NS,-0.0163842318094444,0.0385376556409154,-0.9741901744496864
1526,1526,2025-09-15,SEYAIND.NS,0.0040206602778702,0.038692602462153,-0.9741901744496864
1527,1527,2025-09-16,SEYAIND.NS,-0.0068649276331396,0.0384269805463125,-0.9741901744496864
1528,1528,2025-09-17,SEYAIND.NS,-0.0397465731450595,0.0368996397532847,-0.9741901744496864
1529,1529,2025-09-18,SEYAIND.NS,-0.0011997875028275,0.0368553680266499,-0.9741901744496864
1530,1530,2025-09-19,SEYAIND.NS,-0.0384384026613527,0.0354387065502092,-0.9741901744496864
1531,1531,2025-09-22,SEYAIND.NS,0.0393503530143672,0.0368332321633325,-0.9741901744496864
1532,1532,2025-09-23,SEYAIND.NS,-0.0258413654415924,0.0358814111506048,-0.9741901744496864
1533,1533,2025-09-24,SEYAIND.NS,0.0283776075139892,0.0368996397532847,-0.9741901744496864
1534,1534,2025-09-25,SEYAIND.NS,-0.0053989293446902,0.0367004212054122,-0.9741901744496864
1535,1535,2025-09-26,SEYAIND.NS,0.0072376863561876,0.036966047343237,-0.9741901744496864
1536,1536,2025-09-29,SEYAIND.NS,0.0053892304476785,0.0371652658911095,-0.9741901744496864
1537,1537,2025-09-30,SEYAIND.NS,-0.0428827386207746,0.0355715175081294,-0.9741901744496864
1538,1538,2025-10-01,SEYAIND.NS,0.001866875371203,0.0356379250980817,-0.9741901744496864
1539,1539,2025-10-03,SEYAIND.NS,0.0434781887580875,0.0371873975324427,-0.9741901744496864
1540,1540,2025-10-06,SEYAIND.NS,-0.0226189986918766,0.036346255836302,-0.9741901744496864
1541,1541,2025-10-07,SEYAIND.NS,0.0261875945906107,0.0372980768490297,-0.9741901744496864
1542,1542,2025-10-08,SEYAIND.NS,0.0492581545943953,0.0391353112845329,-0.9741901744496864
1543,1543,2025-10-09,SEYAIND.NS,0.0124433998618251,0.0396222876115633,-0.9741901744496864
1544,1544,2025-10-10,SEYAIND.NS,0.0150838247775249,0.0402199432551808,-0.9741901744496864
1545,1545,2025-10-13,SEYAIND.NS,-0.0049532279697299,0.0400207247073083,-0.9741901744496864
1546,1546,2025-10-14,SEYAIND.NS,0.0176990982397435,0.0407290554455287,-0.9741901744496864
1547,1547,2025-10-15,SEYAIND.NS,-0.0097826254841069,0.0403306183497837,-0.9741901744496864
1548,1548,2025-10-16,SEYAIND.NS,-0.0329307627185977,0.0390025003266126,-0.9741901744496864
1549,1549,2025-10-17,SEYAIND.NS,0.0204312534538217,0.0397993702961184,-0.9741901744496864
1550,1550,2025-10-20,SEYAIND.NS,0.0011123725402044,0.0398436420227533,-0.9741901744496864
1551,1551,2025-10-21,SEYAIND.NS,0.0227777693006727,0.0407511913088461,-0.9741901744496864
1552,1552,2025-10-23,SEYAIND.NS,-0.0038022648237043,0.0405962444876084,-0.9741901744496864
1553,1553,2025-10-24,SEYAIND.NS,-0.0288986195330386,0.0394230690636908,-0.9741901744496864
1554,1554,2025-10-27,SEYAIND.NS,0.0162830389794175,0.0400649964339432,-0.9741901744496864
1555,1555,2025-10-28,SEYAIND.NS,-0.0093922692105568,0.0396886952015156,-0.9741901744496864
1556,1556,2025-10-29,SEYAIND.NS,0.0496374441996816,0.041658740594939,-0.9741901744496864
1557,1557,2025-10-30,SEYAIND.NS,0.0499468942242402,0.0437394653049495,-0.9741901744496864
1558,1558,2025-10-31,SEYAIND.NS,0.0495951179597622,0.0459087292462454,-0.9741901744496864
1559,1559,2025-11-03,SEYAIND.NS,0.0496625216013673,0.0481886725041284,-0.9741901744496864
1560,1560,2025-11-04,SEYAIND.NS,0.0496095498850071,0.0505792908566142,-0.9741901744496864
1561,1561,2025-11-06,SEYAIND.NS,0.0498905632655009,0.0531027201670203,-0.9741901744496864
1562,1562,2025-11-07,SEYAIND.NS,0.0,0.0531027201670203,-0.9741901744496864
1563,1563,2025-11-10,SEYAIND.NS,-0.0500207947911492,0.0504464798986939,-0.9741901744496864
1564,1564,2025-11-11,SEYAIND.NS,0.0,0.0504464798986939,-0.9741901744496864
1565,1565,2025-11-12,SEYAIND.NS,0.0,0.0504464798986939,-0.9741901744496864
1566,1566,2025-11-13,SEYAIND.NS,0.0,0.0504464798986939,-0.9741901744496864
1567,1567,2025-11-14,SEYAIND.NS,0.0,0.0504464798986939,-0.9741901744496864
1568,1568,2025-11-17,SEYAIND.NS,-0.050021994348423,0.0479230463663036,-0.9741901744496864
1569,1569,2025-11-18,SEYAIND.NS,0.0,0.0479230463663036,-0.9741901744496864
1570,1570,2025-11-19,SEYAIND.NS,0.0,0.0479230463663036,-0.9741901744496864
1571,1571,2025-11-20,SEYAIND.NS,0.0,0.0479230463663036,-0.9741901744496864
1572,1572,2025-11-21,SEYAIND.NS,0.0,0.0479230463663036,-0.9741901744496864
1573,1573,2025-11-24,SEYAIND.NS,0.0,0.0479230463663036,-0.9741901744496864
1574,1574,2025-11-25,SEYAIND.NS,0.0,0.0479230463663036,-0.9741901744496864
1575,1575,2025-11-26,SEYAIND.NS,0.0,0.0479230463663036,-0.9741901744496864
1576,1576,2025-11-27,SEYAIND.NS,0.0,0.0479230463663036,-0.9741901744496864
1577,1577,2025-11-28,SEYAIND.NS,0.0,0.0479230463663036,-0.9741901744496864
1578,1578,2025-12-01,SEYAIND.NS,-0.0979214304498306,0.0432303531146016,-0.9741901744496864
1579,1579,2025-12-02,SEYAIND.NS,0.0,0.0432303531146016,-0.9741901744496864
1580,1580,2025-12-03,SEYAIND.NS,0.0,0.0432303531146016,-0.9741901744496864
1581,1581,2025-12-04,SEYAIND.NS,0.0,0.0432303531146016,-0.9741901744496864
1582,1582,2025-12-05,SEYAIND.NS,0.0,0.0432303531146016,-0.9741901744496864
1583,1583,2025-12-08,SEYAIND.NS,-0.0501792839288059,0.0410610849513215,-0.9741901744496864
1584,1584,2025-12-09,SEYAIND.NS,0.0,0.0410610849513215,-0.9741901744496864
1585,1585,2025-12-10,SEYAIND.NS,0.0,0.0410610849513215,-0.9741901744496864
1586,1586,2025-12-11,SEYAIND.NS,0.0,0.0410610849513215,-0.9741901744496864
1587,1587,2025-12-12,SEYAIND.NS,0.0,0.0410610849513215,-0.9741901744496864
1588,1588,2025-12-15,SEYAIND.NS,-0.0495956934842294,0.0390246319679458,-0.9741901744496864
1589,1589,2025-12-16,SEYAIND.NS,0.0,0.0390246319679458,-0.9741901744496864
1590,1590,2025-12-17,SEYAIND.NS,0.0,0.0390246319679458,-0.9741901744496864
1591,1591,2025-12-18,SEYAIND.NS,0.0,0.0390246319679458,-0.9741901744496864
1592,1592,2025-12-19,SEYAIND.NS,0.0,0.0390246319679458,-0.9741901744496864
1593,1593,2025-12-22,SEYAIND.NS,-0.019852438501527,0.0382498978617575,-0.9741901744496864
1594,1594,2025-12-23,SEYAIND.NS,0.0,0.0382498978617575,-0.9741901744496864
1595,1595,2025-12-24,SEYAIND.NS,0.0,0.0382498978617575,-0.9741901744496864
1596,1596,2025-12-26,SEYAIND.NS,0.0,0.0382498978617575,-0.9741901744496864
1597,1597,2025-12-29,SEYAIND.NS,-0.0364583936968311,0.0368553680266499,-0.9741901744496864
1598,1598,2025-12-30,SEYAIND.NS,0.0,0.0368553680266499,-0.9741901744496864
1599,1599,2025-12-31,SEYAIND.NS,0.0,0.0368553680266499,-0.9741901744496864
1600,1600,2026-01-01,SEYAIND.NS,0.0498498464097454,0.0386926024621531,-0.9741901744496864
1601,1601,2026-01-02,SEYAIND.NS,0.0497712163625201,0.0406183803509259,-0.9741901744496864
1602,1602,2026-01-05,SEYAIND.NS,0.0474113849481609,0.0425441540177144,-0.9741901744496864
1603,1603,2026-01-06,SEYAIND.NS,-0.0473465078003315,0.0405298368976562,-0.9741901744496864
1604,1604,2026-01-07,SEYAIND.NS,-0.0496996108112814,0.038515519777598,-0.9741901744496864
1605,1605,2026-01-08,SEYAIND.NS,0.0298850844347084,0.0396665593381982,-0.9741901744496864
1606,1606,2026-01-09,SEYAIND.NS,-0.0128347958290798,0.0391574471478503,-0.9741901744496864
1607,1607,2026-01-12,SEYAIND.NS,0.026003339207766,0.040175671528546,-0.9741901744496864
1608,1608,2026-01-13,SEYAIND.NS,-0.049586756884084,0.0381834902718052,-0.9741901744496864
1609,1609,2026-01-14,SEYAIND.NS,-0.0081159066462862,0.0378735966293299,-0.9741901744496864
1610,1610,2026-01-16,SEYAIND.NS,0.0239625852008478,0.0387811459154227,-0.9741901744496864
1611,1611,2026-01-19,SEYAIND.NS,-0.0468036343264391,0.036966047343237,-0.9741901744496864
1612,1612,2026-01-20,SEYAIND.NS,0.0059879323085427,0.0371873975324427,-0.9741901744496864
1613,1613,2026-01-21,SEYAIND.NS,-0.0363094482562404,0.0358371436459542,-0.9741901744496864
1614,1614,2026-01-22,SEYAIND.NS,0.0401482147676846,0.0372759409857123,-0.9741901744496864
1615,1615,2026-01-23,SEYAIND.NS,-0.0148456055661959,0.0367225570687297,-0.9741901744496864
1616,1616,2026-01-27,SEYAIND.NS,-0.0403857787903294,0.0352394880023367,-0.9741901744496864
1617,1617,2026-01-28,SEYAIND.NS,0.0043969657342184,0.0353944348235744,-0.9741901744496864
1618,1618,2026-01-29,SEYAIND.NS,-0.0081300885742181,0.0351066749334243,-0.9741901744496864
1619,1619,2026-01-30,SEYAIND.NS,0.0378309861780359,0.0364347950675875,-0.9741901744496864
1620,1620,2026-02-02,SEYAIND.NS,0.0127582626671827,0.0368996397532847,-0.9741901744496864
1621,1621,2026-02-03,SEYAIND.NS,-0.0137972130284154,0.0363905275629369,-0.9741901744496864
1622,1622,2026-02-04,SEYAIND.NS,0.0109489233168142,0.0367889646586819,-0.9741901744496864
1623,1623,2026-02-05,SEYAIND.NS,-0.0204572885330596,0.0360363621938267,-0.9741901744496864
1624,1624,2026-02-06,SEYAIND.NS,0.0423832062412006,0.0375636987648703,-0.9741901744496864
1625,1625,2026-02-09,SEYAIND.NS,-0.0011784650102667,0.0375194312602197,-0.9741901744496864
1626,1626,2026-02-10,SEYAIND.NS,-0.0312684756807996,0.0363462558363021,-0.9741901744496864
1627,1627,2026-02-11,SEYAIND.NS,-0.0213154920732937,0.0355715175081295,-0.9741901744496864
1628,1628,2026-02-12,SEYAIND.NS,-0.0062227398689757,0.0353501652079317,-0.9741901744496864
1629,1629,2026-02-13,SEYAIND.NS,0.0319348319774577,0.0364790667942223,-0.9741901744496864
1630,1630,2026-02-16,SEYAIND.NS,-0.0054611744592122,0.0362798482463498,-0.9741901744496864
1631,1631,2026-02-17,SEYAIND.NS,-0.0170835137110325,0.0356600609613991,-0.9741901744496864
1632,1632,2026-02-18,SEYAIND.NS,0.0142768177233054,0.036169173151747,-0.9741901744496864
1633,1633,2026-02-19,SEYAIND.NS,-0.0495716286445941,0.0343762083318865,-0.9741901744496864
1634,1634,2026-02-20,SEYAIND.NS,-0.0495814241679989,0.0326717869652958,-0.9741901744496864
1635,1635,2026-02-23,SEYAIND.NS,-0.0494580274112872,0.0310559048299904,-0.9741901744496864
1636,1636,2026-02-24,SEYAIND.NS,-0.049893073598576,0.0295064302846373,-0.9741901744496864
1637,1637,2026-02-25,SEYAIND.NS,-0.0195048935011208,0.0289309105043372,-0.9741901744496864
1638,1638,2026-02-26,SEYAIND.NS,-0.0497321831451671,0.0274921131645791,-0.9741901744496864
1639,1639,2026-02-27,SEYAIND.NS,-0.0483092091613545,0.0261639909194238,-0.9741901744496864
1640,1640,2026-03-02,SEYAIND.NS,-0.0499154118291765,0.0248580045375859,-0.9741901744496864
1641,1641,2026-03-04,SEYAIND.NS,-0.0498663836838293,0.0236184257457003,-0.9741901744496864
1642,1642,2026-03-05,SEYAIND.NS,-0.0496719521257282,0.0224452524327748,-0.9741901744496864
1643,1643,2026-03-06,SEYAIND.NS,-0.0493096630247407,0.0213384845988094,-0.9741901744496864
1644,1644,2026-03-09,SEYAIND.NS,-0.0497925807900122,0.0202759863804868,-0.9741901744496864
1645,1645,2026-03-10,SEYAIND.NS,-0.0491266175503563,0.0192798957521164,-0.9741901744496864
1646,1646,2026-03-11,SEYAIND.NS,0.0195178043110677,0.019656196984544,-0.9741901744496864
1647,1647,2026-03-12,SEYAIND.NS,0.0191441524890845,0.0200324982169716,-0.9741901744496864
1648,1648,2026-03-13,SEYAIND.NS,0.0198894306859509,0.0204309332017245,-0.9741901744496864
1649,1649,2026-03-16,SEYAIND.NS,0.0195016591660814,0.0208293702974695,-0.9741901744496864
1650,1650,2026-03-17,SEYAIND.NS,0.019128619351177,0.0212278073932145,-0.9741901744496864
1651,1651,2026-03-18,SEYAIND.NS,0.0198122604129498,0.0216483782412848,-0.9741901744496864
1652,1652,2026-03-19,SEYAIND.NS,0.0194274580005426,0.0220689512003472,-0.9741901744496864
1653,1653,2026-03-20,SEYAIND.NS,0.0180540969589266,0.0224673861851001,-0.9741901744496864
1654,1654,2026-03-23,SEYAIND.NS,0.0078817661785923,0.0226444688696552,-0.9741901744496864
1655,1655,2026-03-24,SEYAIND.NS,0.0195504175844498,0.023087177692035,-0.9741901744496864
1656,1656,2026-03-25,SEYAIND.NS,0.0038350873137731,0.0231757190343126,-0.9741901744496864
1657,1657,2026-03-27,SEYAIND.NS,0.0,0.0231757190343126,-0.9741901744496864
1658,1658,2026-03-30,SEYAIND.NS,-0.0191021780481666,0.0227330123229249,-0.9741901744496864
1659,1659,2026-04-01,SEYAIND.NS,-0.0146057025821451,0.02240098070614,-0.9741901744496864
1660,1660,2026-04-02,SEYAIND.NS,0.0197628272259697,0.0228436874175277,-0.9741901744496864
1661,1661,2026-04-06,SEYAIND.NS,0.019379919462571,0.0232863962399075,-0.9741901744496864
1662,1662,2026-04-07,SEYAIND.NS,0.019961889290383,0.0237512367036206,-0.9741901744496864
1663,1663,2026-04-08,SEYAIND.NS,0.0055918380406747,0.0238840497725329,-0.9741901744496864
1664,1664,2026-04-09,SEYAIND.NS,0.0194624688498059,0.0243488923472381,-0.9741901744496864
1665,1665,2026-04-10,SEYAIND.NS,0.0,0.0243488923472381,-0.9741901744496864
1666,1666,2026-04-13,SEYAIND.NS,0.0200000242753461,0.0248358707852606,-0.9741901744496864
1667,1667,2026-04-15,SEYAIND.NS,0.0196077814722503,0.0253228471122911,-0.9741901744496864
1668,1668,2026-04-16,SEYAIND.NS,0.0,0.0253228471122911,-0.9741901744496864
1669,1669,2026-04-17,SEYAIND.NS,0.0192307932778295,0.0258098255503136,-0.9741901744496864
